OBJECTID,ZIPCode,Cases,Deaths,TotalPop,Place,Note,RatePer10K,Shape__Area,Shape__Length,DataGatherTS
1,27006,172,3,14872,Advance,"",115.653577192039,1744189234.37061,355282.663136038,202010200552
2,27007,37,0,2136,Ararat,"",173.220973782772,592499585.594238,195922.003442792,202010200552
3,27009,22,0,2937,Belews Creek,"",74.9063670411985,618093097.011353,191244.647442635,202010200552
4,27011,102,1,5411,Boonville,"",188.504897431159,1489580093.86462,316910.589814884,202010200552
5,27012,520,13,28954,Clemmons,"",179.595220004145,1176567385.86804,255774.303165276,202010200552
6,27013,125,4,6495,Cleveland,"",192.455735180908,2066336247.98627,379169.285246239,202010200552
7,27014,10,0,957,Cooleemee,"",104.493207941484,21479098.032959,22299.1178929161,202010200552
8,27016,23,0,1682,Danbury,"",136.741973840666,1068209590.0686,211061.413302457,202010200552
9,27017,261,1,9499,Dobson,"",274.765764817349,2962951682.04883,566348.974052304,202010200552
10,27018,144,2,8221,East Bend,"",175.161172606739,2331567909.96985,255811.974556888,202010200552
11,27019,50,1,4234,Germanton,"",118.091639111951,977414017.819214,270248.259734795,202010200552
12,27020,161,2,6104,Hamptonville,"",263.761467889908,2114111622.36755,316969.486887135,202010200552
13,27021,227,1,17979,King,"",126.258412592469,1469376476.14172,210392.900707099,202010200552
14,27022,20,0,1512,Lawsonville,"",132.275132275132,918745327.278442,200803.000966771,202010200552
15,27023,196,1,12775,Lewisville,"",153.424657534247,807172159.002075,183078.980128527,202010200552
16,27024,31,1,2683,Lowgap,"",115.542303391726,1265827411.39758,278411.484773322,202010200552
17,27025,333,2,11117,Madison,"",299.541243141135,2714649364.33142,468723.596670606,202010200552
18,27027,74,0,4017,Mayodan,"",184.217077420961,548179131.574585,172371.363079245,202010200552
19,27028,531,3,28039,Mocksville,"",189.37907913977,5475621774.30664,567238.136149725,202010200552
20,27030,829,13,37641,Mount Airy,"",220.238569644802,4824085732.75671,624989.724929863,202010200552
21,27040,150,1,13150,Pfafftown,"",114.068441064639,763349953.536133,205025.773716105,202010200552
22,27041,101,0,8020,Pilot Mountain,"",125.935162094763,1629462738.40637,324677.141569035,202010200552
23,27042,18,1,720,Pine Hall,"",250,290758639.069458,113971.243586081,202010200552
24,27043,101,1,6442,Pinnacle,"",156.783607575287,1935795027.06067,395674.180712496,202010200552
25,27045,207,3,9583,Rural Hall,"",216.007513304811,666085549.25769,154538.589918543,202010200552
26,27046,27,1,1953,Sandy Ridge,"",138.248847926267,1237681699.0647,217125.573744555,202010200552
27,27047,13,0,1279,Siloam,"",101.641907740422,576295820.815674,144984.839113672,202010200552
28,27048,175,1,8902,Stoneville,"",196.585037070321,2355000804.03674,325454.766660313,202010200552
29,27050,49,0,4084,Tobaccoville,"",119.98041136141,703876500.567505,219088.1792708,202010200552
30,27051,132,2,8287,Walkertown,"",159.285628092193,524680317.775635,151066.808563308,202010200552
31,27052,166,0,10061,Walnut Cove,"",164.993539409601,2710320219.82117,403203.611044297,202010200552
32,27053,22,0,3156,Westfield,"",69.7084917617237,2152815477.55933,413464.446930882,202010200552
33,27054,56,0,2608,Woodleaf,"",214.723926380368,778193820.583862,201172.963339102,202010200552
34,27055,397,2,14521,Yadkinville,"",273.397148956683,3115987965.39453,403366.49229781,202010200552
35,27101,374,13,24321,Winston Salem,"",153.776571687019,356085731.400146,162957.922513793,202010200552
36,27103,737,17,36071,Winston Salem,"",204.319259238724,527249856.672729,146399.561156354,202010200552
37,27104,546,11,29383,Winston Salem,"",185.821733655515,337669863.683838,130394.134288752,202010200552
38,27105,1144,9,40186,Winston Salem,"",284.676255412333,950547784.577881,208375.813794777,202010200552
39,27106,965,10,51378,Winston Salem,"",187.823582077932,787324720.967285,203893.681115083,202010200552
40,27107,1353,16,52432,Winston Salem,"",258.048519987794,1859279716.41162,319111.813640457,202010200552
41,27127,919,6,38510,Winston Salem,"",238.639314463776,820319160.873047,213438.375685158,202010200552
42,27157,11,0,5,Winston Salem,"",,827769.094482422,4216.57245655308,202010200552
43,27203,878,19,21876,Asheboro,"",401.353081002011,589408161.410522,188062.356665824,202010200552
44,27205,818,12,34549,Asheboro,"",236.765174100553,6255653514.79199,588011.232518038,202010200552
45,27207,110,1,3806,Bear Creek,"",289.017341040462,2300194678.82397,473699.237818467,202010200552
46,27208,46,0,1691,Bennett,"",272.028385570668,1029479783.1405,215638.108979383,202010200552
47,27209,329,22,4151,Biscoe,"",792.580101180438,1198089302.20734,259108.004034657,202010200552
48,27212,187,0,1600,Blanch,"",1168.75,1328181375.12305,277007.39975067,202010200552
49,27214,198,1,11747,Browns Summit,"",168.553673278284,1414533235.94788,324969.092830869,202010200552
50,27215,1029,8,44892,Burlington,"",229.21678695536,1827823774.30115,298200.358945539,202010200552
51,27217,1755,46,39111,Burlington,"",448.722865689959,3473433663.33496,513818.51476852,202010200552
52,27229,234,7,4014,Candor,"",582.959641255605,2747739848.89313,367384.611313313,202010200552
53,27231,27,0,2048,Cedar Grove,"",131.8359375,987771348.581177,209108.769362036,202010200552
54,27233,32,0,3647,Climax,"",87.7433506992048,703252829.253662,187154.002103638,202010200552
55,27235,78,0,4575,Colfax,"",170.491803278689,380654027.583252,148521.339190303,202010200552
56,27239,152,4,9629,Denton,"",157.856475231073,4319759872.9696,429373.198159064,202010200552
57,27242,58,0,2668,Eagle Springs,"",217.391304347826,1480408484.01825,321391.030328654,202010200552
58,27243,76,1,4665,Efland,"",162.915326902465,1142332751.10315,311755.144165646,202010200552
59,27244,336,3,16259,Elon,"",206.654775816471,1541989025.453,399696.340130384,202010200552
60,27248,80,3,4835,Franklinville,"",165.460186142709,942909114.352783,215710.992817749,202010200552
61,27249,211,2,13355,Gibsonville,"",157.993260950955,1679803774.77087,397477.611919868,202010200552
62,27252,15,1,2264,Goldston,"",66.2544169611307,1142470673.17163,220926.147155476,202010200552
63,27253,1048,6,31464,Graham,"",333.079074497839,2351372927.78931,521476.969804177,202010200552
64,27258,177,3,7740,Haw River,"",228.682170542636,473631125.268677,312686.877842211,202010200552
65,27260,676,14,25696,High Point,"",263.07596513076,348441568.963501,133229.878739789,202010200552
66,27262,586,6,24764,High Point,"",236.633823291875,368730084.700928,171087.864383377,202010200552
67,27263,565,7,22320,High Point,"",253.136200716846,1121512604.52234,249658.228757679,202010200552
68,27265,920,23,50038,High Point,"",183.86026619769,1172957282.41284,307481.490778656,202010200552
69,27268,190,0,1695,High Point,"",1120.94395280236,2495618.64758301,8251.66869064816,202010200552
70,27278,409,1,27181,Hillsborough,"",150.472756705051,2885765742.02771,502574.675043234,202010200552
71,27281,69,0,3710,Jackson Springs,"",185.983827493261,2095606802.2608,479969.724586594,202010200552
72,27282,284,5,16597,Jamestown,"",171.1152617943,404066994.873657,168803.970950205,202010200552
73,27283,48,1,2982,Julian,"",160.965794768612,711286368.914917,161239.518798817,202010200552
74,27284,1018,12,56201,Kernersville,"",181.135566982794,2233069317.10205,420748.080109325,202010200552
75,27288,486,5,23585,Eden,"",206.063175747297,1951079100.05676,304615.616752016,202010200552
76,27291,36,0,1538,Leasburg,"",234.07022106632,1492904663.44434,314720.365319101,202010200552
77,27292,845,7,41465,Lexington,"",203.786325816954,4270233445.18579,407599.915340798,202010200552
78,27295,732,16,39191,Lexington,"",186.777576484397,3631502180.53174,466742.919509858,202010200552
79,27298,177,0,10440,Liberty,"",169.540229885058,2639148530.03284,431527.987760386,202010200552
80,27299,119,0,5254,Linwood,"",226.494099733536,822543412.257813,203597.604040365,202010200552
81,27301,145,2,10019,Mc Leansville,"",144.725022457331,900133716.655151,287107.537324028,202010200552
82,27302,569,1,32302,Mebane,"",176.150083586156,3198656461.27478,644303.59427532,202010200552
83,27305,45,1,1585,Milton,"",283.91167192429,687167820.539429,263836.485514183,202010200552
84,27306,188,6,5945,Mount Gilead,"",316.23212783852,5305900334.83325,426306.558627535,202010200552
85,27310,96,1,8562,Oak Ridge,"",112.123335669236,526240082.103149,140986.043049622,202010200552
86,27311,45,0,3220,Pelham,"",139.751552795031,1338371966.32642,293760.993606137,202010200552
87,27312,279,23,22205,Pittsboro,"",125.647376716956,5005768374.64233,617961.777569282,202010200552
88,27313,141,17,7288,Pleasant Garden,"",193.468715697036,760352714.59021,181619.740165306,202010200552
89,27314,13,0,1138,Prospect Hill,"",114.235500878735,773578280.842896,162162.976448062,202010200552
90,27315,23,0,2140,Providence,"",107.476635514019,697810511.310425,179457.95829655,202010200552
91,27316,249,11,7156,Ramseur,"",347.959754052543,1975410509.03577,278228.393914438,202010200552
92,27317,360,6,17851,Randleman,"",201.669374264747,1700826686.43616,339539.515262609,202010200552
93,27320,569,8,38894,Reidsville,"",146.295058363758,6966725984.64832,658218.836963247,202010200552
94,27325,265,2,7676,Robbins,"",345.231891610214,2401051783.47894,409075.895347679,202010200552
95,27326,56,2,3692,Ruffin,"",151.679306608884,1884156536.74561,359587.547530237,202010200552
96,27330,1245,12,39529,Sanford,"",314.958637962003,6011213414.18433,528161.840140257,202010200552
97,27332,866,5,33549,Sanford,"",258.129899549912,2996782209.29614,417113.164836099,202010200552
98,27340,,,34,Saxapahaw,Population <500 and Cases <5,,694758.987792969,3852.87240074502,202010200552
99,27341,91,0,5820,Seagrove,"",156.357388316151,2678433259.4787,311632.157547413,202010200552
100,27343,18,0,1840,Semora,"",97.8260869565217,1390260353.39624,348769.311430722,202010200552
101,27344,1000,22,19290,Siler City,"",518.403317781234,4591228058.44531,607903.308882544,202010200552
102,27349,72,1,5850,Snow Camp,"",123.076923076923,1831279532.651,381750.490582419,202010200552
103,27350,110,0,7508,Sophia,"",146.510388918487,1066449848.573,204602.636460839,202010200552
104,27355,69,0,3196,Staley,"",215.894868585732,1016358702.6969,245160.332752788,202010200552
105,27356,90,1,3513,Star,"",256.191289496157,1815293543.21783,348288.37985576,202010200552
106,27357,134,1,8325,Stokesdale,"",160.960960960961,1273124268.28796,223115.118835702,202010200552
107,27358,241,1,15960,Summerfield,"",151.002506265664,1557557662.14905,323017.176053331,202010200552
108,27360,1212,14,48331,Thomasville,"",250.770726862676,2458732404.91687,372395.85217249,202010200552
109,27370,255,1,14622,Trinity,"",174.394747640542,1663817222.16028,344702.900725307,202010200552
110,27371,257,3,7778,Troy,"",330.419130881975,4076136455.00793,473833.643450898,202010200552
111,27376,187,6,9884,West End,"",189.194658033185,1781050002.06519,320932.333330313,202010200552
112,27377,179,0,9597,Whitsett,"",186.516619777014,736936774.92627,183024.518653502,202010200552
113,27379,116,3,6057,Yanceyville,"",191.513950800726,2663338769.75159,422550.665080929,202010200552
114,27401,430,10,20221,Greensboro,"",212.650215122892,171748092.127686,100334.769337553,202010200552
115,27403,303,8,21278,Greensboro,"",142.400601560297,159396286.028687,87465.2545388649,202010200552
116,27405,1165,18,52510,Greensboro,"",221.862502380499,886695637.391357,284328.526421691,202010200552
117,27406,1175,45,60755,Greensboro,"",193.399720187639,1894160074.00403,327705.317343953,202010200552
118,27407,1072,13,49837,Greensboro,"",215.101230009832,840498790.451172,227731.576408348,202010200552
119,27408,244,1,17406,Greensboro,"",140.181546593129,221403500.549561,80148.1616765212,202010200552
120,27409,299,3,17953,Greensboro,"",166.545981173063,603872824.646484,239783.02449594,202010200552
121,27410,696,7,56968,Greensboro,"",122.17385198708,859363574.914917,272309.563854046,202010200552
122,27411,6,0,847,Greensboro,"",70.8382526564345,713742.998291016,5860.23208289576,202010200552
123,27412,9,0,1886,Greensboro,"",47.7200424178155,4771290.83532715,13054.7888333439,202010200552
124,27455,432,10,29197,Greensboro,"",147.960406891119,816075696.678345,198282.860420201,202010200552
125,27498,,,13,Greensboro,Population <500 and Cases <5,,3369264.12316895,7774.18760349114,202010200552
126,27501,469,2,21338,Angier,"",219.795669697254,1683348454.90833,329143.189780915,202010200552
127,27502,503,4,43747,Apex,"",114.979312867168,840126405.51062,242725.298081049,202010200552
128,27503,33,0,7222,Bahama,"",45.6937136527278,1054708975.44934,246183.053747647,202010200552
129,27504,394,6,16320,Benson,"",241.421568627451,2584462015.08862,486262.181304732,202010200552
130,27505,182,5,7308,Broadway,"",249.04214559387,1509842573.20557,320128.840505679,202010200552
131,27507,43,1,2053,Bullock,"",209.449585971749,1354883649.98218,266873.357504053,202010200552
132,27508,55,0,2340,Bunn,"",235.042735042735,312599782.273071,114289.902416244,202010200552
133,27509,694,28,6935,Butner,"",1000.72098053353,507253453.414795,156294.942704551,202010200552
134,27510,291,4,14543,Carrboro,"",200.096266244929,88705554.5671387,57867.6032694508,202010200552
135,27511,510,3,34041,Cary,"",149.819335507183,333520579.048462,98702.6527265331,202010200552
136,27513,497,4,49003,Cary,"",101.42236189621,474399121.186279,162336.294574525,202010200552
137,27514,751,21,32847,Chapel Hill,"",228.635796267543,579057212.663452,190879.985276748,202010200552
138,27516,807,12,44117,Chapel Hill,"",182.922682866015,2564236091.9281,438904.079251583,202010200552
139,27517,387,4,28831,Chapel Hill,"",134.230515764282,1520140847.99951,299162.993678501,202010200552
140,27518,236,1,22765,Cary,"",103.667911267296,262665807.612671,130741.025823352,202010200552
141,27519,547,4,59960,Cary,"",91.2274849899933,609072010.422363,166930.324843009,202010200552
142,27520,1102,28,43958,Clayton,"",250.693844123936,1962402119.35425,374945.851452289,202010200552
143,27521,160,2,7149,Coats,"",223.807525528046,721041350.168091,174373.299688566,202010200552
144,27522,286,1,13652,Creedmoor,"",209.493114561969,2172960809.67273,361578.814896966,202010200552
145,27523,162,0,12782,Apex,"",126.740729150368,1210964088.06177,294058.887697931,202010200552
146,27524,432,4,13532,Four Oaks,"",319.243275199527,3831785222.9375,530912.577014992,202010200552
147,27525,299,1,15534,Franklinton,"",192.481009398738,2660281050.9928,421324.476104612,202010200552
148,27526,804,14,54027,Fuquay Varina,"",148.814481648065,2787678657.25134,460586.982042285,202010200552
149,27527,496,1,30234,Clayton,"",164.053714361315,1261348608.45837,213730.175971786,202010200552
150,27529,1144,28,53854,Garner,"",212.426189326698,1666161335.17407,336033.618547781,202010200552
151,27530,1007,26,40212,Goldsboro,"",250.422759375311,2920081393.96802,465673.796837526,202010200552
152,27531,3,0,666,Goldsboro,"",45.045045045045,123956304.007813,71472.4653387502,202010200552
153,27534,899,18,31819,Goldsboro,"",282.535591941922,1995982542.31616,394454.137280507,202010200552
154,27536,498,32,16459,Henderson,"",302.570022480102,359552678.037964,148817.062353839,202010200552
155,27537,547,12,25321,Henderson,"",216.026223292919,5545289733.50195,795404.906342346,202010200552
156,27539,353,2,26567,Apex,"",132.87160763353,805959451.628174,335082.894750929,202010200552
157,27540,520,1,39075,Holly Springs,"",133.077415227127,1299006108.57275,339054.617126205,202010200552
158,27541,52,1,4044,Hurdle Mills,"",128.585558852621,1979862536.66309,328579.598479954,202010200552
159,27542,196,3,10043,Kenly,"",195.16080852335,2499059670.1123,366253.348192187,202010200552
160,27544,66,1,4291,Kittrell,"",153.810300629224,1645813165.28467,322022.503716068,202010200552
161,27545,768,22,30327,Knightdale,"",253.239687407261,885541868.759766,219250.012614228,202010200552
162,27546,641,35,22436,Lillington,"",285.701551078624,3433026188.83105,510775.88711738,202010200552
163,27549,591,27,25224,Louisburg,"",234.30066603235,6636124442.18066,817297.028533166,202010200552
164,27551,25,1,2205,Macon,"",113.378684807256,2443966870.98499,402849.299843212,202010200552
165,27553,41,0,2030,Manson,"",201.970443349754,1245206626.07959,217969.561788749,202010200552
166,27556,7,0,298,Middleburg,"",234.89932885906,67850312.0914307,63490.7222823736,202010200552
167,27557,204,2,9214,Middlesex,"",221.40221402214,2046463550.40088,338861.342265204,202010200552
168,27559,37,0,2874,Moncure,"",128.740431454419,1458825370.29968,366837.077035256,202010200552
169,27560,426,1,33691,Morrisville,"",126.443263779644,794384947.373291,268297.11970144,202010200552
170,27562,35,0,2791,New Hill,"",125.403081332856,1862081556.93738,349507.762295745,202010200552
171,27563,107,1,5312,Norlina,"",201.430722891566,1943381370.69177,412640.540954252,202010200552
172,27565,734,25,26057,Oxford,"",281.69014084507,9219811779.9552,826827.222809144,202010200552
173,27569,237,0,8984,Princeton,"",263.80231522707,2107084820.73511,313917.550563748,202010200552
174,27571,95,0,7385,Rolesville,"",128.63913337847,149121249.193359,94251.9264704589,202010200552
175,27572,74,0,7316,Rougemont,"",101.148168398032,3003228111.9873,397658.617230022,202010200552
176,27573,175,8,11561,Roxboro,"",151.3709886688,501787874.430542,219611.309648669,202010200552
177,27574,210,0,15232,Roxboro,"",137.867647058824,5527133817.3114,691755.452465683,202010200552
178,27576,694,8,20197,Selma,"",343.615388424023,2407427117.65723,339571.106645256,202010200552
179,27577,827,6,25214,Smithfield,"",327.992385182835,2877290650.99841,416726.966278933,202010200552
180,27581,66,0,3956,Stem,"",166.835187057634,1038615853.81189,246789.101888964,202010200552
181,27583,115,0,7012,Timberlake,"",164.004563605248,1327957318.65857,326956.719649922,202010200552
182,27587,1124,31,74087,Wake Forest,"",151.713525989715,3132804734.81897,700749.84181148,202010200552
183,27589,198,4,8312,Warrenton,"",238.209817131858,4790731000.68542,626837.217934379,202010200552
184,27591,552,4,23448,Wendell,"",235.414534288639,1913446220.02844,380727.392057269,202010200552
185,27592,307,1,17368,Willow Spring,"",176.761860893597,1090932847.86865,312475.180771683,202010200552
186,27596,284,1,18655,Youngsville,"",152.238005896542,1519151285.28821,344366.073155402,202010200552
187,27597,520,6,25494,Zebulon,"",203.969561465443,3191967656.80884,568385.679042481,202010200552
188,27599,17,0,0,Chapel Hill,"",,4275416.30163574,15555.1510255833,202010200552
189,27601,192,2,12139,Raleigh,"",158.167888623445,49970514.2080078,41226.7428180515,202010200552
190,27603,1197,5,55479,Raleigh,"",215.757313578111,1420350588.63403,346107.072534996,202010200552
191,27604,1304,28,47645,Raleigh,"",273.690838493021,550434833.049927,194088.121184431,202010200552
192,27605,112,3,5253,Raleigh,"",213.21149819151,26954475.7900391,26465.2700663817,202010200552
193,27606,914,2,47938,Raleigh,"",190.662939630356,750229681.939209,267151.497057326,202010200552
194,27607,701,3,30296,Raleigh,"",231.383681013995,519162282.902344,200611.380547666,202010200552
195,27608,187,1,11603,Raleigh,"",161.165215892442,91889809.9622803,55583.7467967219,202010200552
196,27609,783,13,38631,Raleigh,"",202.686961248738,310136046.756592,95880.163026763,202010200552
197,27610,2620,44,74203,Raleigh,"",353.08545476598,1211166911.84558,327751.489063642,202010200552
198,27612,623,6,39208,Raleigh,"",158.896143644154,428868509.332275,164483.082879678,202010200552
199,27613,587,7,46521,Raleigh,"",126.179574815675,675406849.409912,184431.643996557,202010200552
200,27614,453,8,37689,Raleigh,"",120.194221125527,829063194.918701,218912.319813944,202010200552
201,27615,727,20,46038,Raleigh,"",157.91302836787,525952454.993774,134192.839940925,202010200552
202,27616,1316,7,55260,Raleigh,"",238.146941730004,646426991.218628,201092.505637391,202010200552
203,27617,267,1,19511,Raleigh,"",136.845881810261,230483847.672241,125016.743498849,202010200552
204,27701,730,6,26489,Durham,"",275.586092340217,147212202.097778,89264.6755119976,202010200552
205,27703,1902,10,61351,Durham,"",310.019396586853,1376809528.09961,349864.156739061,202010200552
206,27704,1695,18,39369,Durham,"",430.541796845234,1307759376.10449,279407.953507315,202010200552
207,27705,1417,45,48078,Durham,"",294.729398061483,1155101566.94189,288440.086812307,202010200552
208,27706,,,10,Durham,Population <500 and Cases <5,,1281872.18347168,6816.757693542,202010200552
209,27707,1253,5,47036,Durham,"",266.391699974488,551326002.510864,228660.826032165,202010200552
210,27708,13,0,4635,Durham,"",28.0474649406688,24140532.868042,39624.2440738689,202010200552
211,27709,26,0,4,Durham,"",,166810196.870483,93465.8554704913,202010200552
212,27710,,,0,Durham,"",,3645590.83996582,9509.21127183631,202010200552
213,27711,,,62,Durham,Population <500 and Cases <5,,11690491.0200195,25227.7794868175,202010200552
214,27712,443,21,22055,Durham,"",200.861482656994,952678558.948486,239427.124284805,202010200552
215,27713,878,5,53996,Durham,"",162.604637380547,1004016276.63342,186930.768828538,202010200552
216,27801,627,15,21556,Rocky Mount,"",290.870291334199,1947625744.14368,298032.749540484,202010200552
217,27803,590,7,22337,Rocky Mount,"",264.135738908537,1209689022.16736,314786.382274833,202010200552
218,27804,1019,31,29160,Rocky Mount,"",349.451303155007,1207912397.80139,237805.719395058,202010200552
219,27805,99,0,3769,Aulander,"",262.669143008756,3260348789.01416,427031.578041759,202010200552
220,27806,22,0,2441,Aurora,"",90.1269971323228,3806890944.80762,575449.481817415,202010200552
221,27807,260,3,6940,Bailey,"",374.63976945245,1393278091.89233,266050.599193056,202010200552
222,27808,42,1,2481,Bath,"",169.286577992745,1375581489.5946,320371.987641635,202010200552
223,27809,160,2,5254,Battleboro,"",304.529881994671,2127311815.53979,418206.140952668,202010200552
224,27810,64,0,4224,Belhaven,"",151.515151515152,5320714553.85889,863428.562860575,202010200552
225,27812,88,0,2951,Bethel,"",298.203998644527,1796512894.90283,307599.921723871,202010200552
226,27813,5,0,687,Black Creek,"",72.7802037845706,17954681.8726807,21851.3845296183,202010200552
227,27814,33,0,1801,Blounts Creek,"",183.231538034425,2084052221.88855,349050.345630614,202010200552
228,27816,67,0,2634,Castalia,"",254.365983295368,1727056405.90051,269780.663460198,202010200552
229,27817,172,2,7777,Chocowinity,"",221.164973640221,3011254799.10022,441922.251479678,202010200552
230,27818,45,0,1269,Como,"",354.609929078014,1775223218.97412,291672.91933713,202010200552
231,27820,51,2,3292,Conway,"",154.921020656136,1787180209.86865,300570.413456991,202010200552
232,27821,,,343,Edward,Population <500 and Cases <5,,180879118.265869,102716.617789089,202010200552
233,27822,251,3,9119,Elm City,"",275.249479109551,2421416079.34338,500329.938801193,202010200552
234,27823,181,1,7812,Enfield,"",231.694828469022,5279947738.18738,591795.38238411,202010200552
235,27824,24,0,1540,Engelhard,"",155.844155844156,5755622445.56714,766498.765242208,202010200552
236,27826,39,2,1245,Fairfield,"",313.253012048193,5502010014.61365,681909.128335756,202010200552
237,27827,7,0,99,Falkland,"",707.070707070707,6818760.54968262,12365.1347191574,202010200552
238,27828,186,2,9031,Farmville,"",205.957258332411,1954373169.79175,304535.643741104,202010200552
239,27829,45,1,1872,Fountain,"",240.384615384615,1242859232.87109,276952.810668188,202010200552
240,27830,104,1,4858,Fremont,"",214.079868258543,1661392631.86707,301522.072838785,202010200552
241,27831,89,1,3588,Garysburg,"",248.049052396878,1733783751.73071,369102.732751728,202010200552
242,27832,89,0,2912,Gaston,"",305.631868131868,1029571544.94922,217897.088475999,202010200552
243,27834,1797,14,57505,Greenville,"",312.49456568994,5082356628.8689,890421.476518531,202010200552
244,27837,136,1,6506,Grimesland,"",209.037811251153,1710764546.60681,462288.004070908,202010200552
245,27839,55,1,3702,Halifax,"",148.568341437061,3728459644.54443,454921.143892168,202010200552
246,27840,26,2,535,Hamilton,"",485.981308411215,127567387.286499,59155.8177418193,202010200552
247,27841,,,84,Hassell,Population <500 and Cases <5,,5972995.94189453,12505.2057352129,202010200552
248,27842,13,0,1436,Henrico,"",90.5292479108635,414285932.678223,116849.514846702,202010200552
249,27843,35,0,946,Hobgood,"",369.978858350951,1458584246.23853,232329.162988765,202010200552
250,27844,93,1,3039,Hollister,"",306.021717670286,1251113401.94934,274076.283965929,202010200552
251,27845,33,0,2841,Jackson,"",116.156282998944,2842001076.66528,416912.567186113,202010200552
252,27846,56,1,3069,Jamesville,"",182.469859889215,3050744149.28796,442133.927899832,202010200552
253,27847,25,0,1071,Kelford,"",233.426704014939,1048559305.60547,265580.578438826,202010200552
254,27849,43,2,1483,Lewiston Woodville,"",289.952798381659,2062202839.65674,367759.436044123,202010200552
255,27850,71,1,7413,Littleton,"",95.7776878456765,5554617534.52942,570792.398502674,202010200552
256,27851,155,1,5595,Lucama,"",277.033065236819,1253082833.57764,200836.347936783,202010200552
257,27852,64,0,3454,Macclesfield,"",185.292414591778,1418996205.83582,268041.951522527,202010200552
258,27853,17,0,436,Margarettsville,"",389.908256880734,1061331085.73535,233986.055045062,202010200552
259,27855,160,1,6105,Murfreesboro,"",262.080262080262,1379257056.24951,246550.621363096,202010200552
260,27856,499,6,17301,Nashville,"",288.422634529796,3696764195.94336,508647.139191863,202010200552
261,27857,44,2,1601,Oak City,"",274.828232354778,2180191629.70935,354763.313675516,202010200552
262,27858,2092,9,58170,Greenville,"",359.635550971291,1683129152.90881,395293.630437,202010200552
263,27860,56,1,2062,Pantego,"",271.580989330747,4384086912.80859,475177.331131482,202010200552
264,27862,11,1,945,Pendleton,"",116.402116402116,1337735767.81812,305131.144563485,202010200552
265,27863,296,1,12670,Pikeville,"",233.6227308603,1822358483.62146,414140.550515842,202010200552
266,27864,150,2,4823,Pinetops,"",311.009744972009,1058515929.69434,223861.53375515,202010200552
267,27865,32,1,2003,Pinetown,"",159.760359460809,3183419700.15735,407140.115990912,202010200552
268,27866,27,1,672,Pleasant Hill,"",401.785714285714,548856343.547363,183824.668332886,202010200552
269,27869,98,12,2167,Rich Square,"",452.238117212736,2314340977.34839,283794.508144883,202010200552
270,27870,630,16,26633,Roanoke Rapids,"",236.54864266136,1958976214.39966,237465.130853914,202010200552
271,27871,104,3,4466,Robersonville,"",232.870577698164,2640265625.23401,370404.169208956,202010200552
272,27872,10,0,429,Roxobel,"",233.100233100233,78668396.3901367,60062.9164687203,202010200552
273,27874,114,2,4766,Scotland Neck,"",239.194292908099,3988089594.78687,425091.541566969,202010200552
274,27875,7,0,511,Scranton,"",136.986301369863,1462926064.75208,668994.049821798,202010200552
275,27876,37,1,1290,Seaboard,"",286.821705426357,1161065802.28784,286123.221519332,202010200552
276,27880,107,0,3280,Sims,"",326.219512195122,661768421.449585,178936.521495753,202010200552
277,27881,,,323,Speed,Population <500 and Cases <5,,45624486.2655029,35379.3892263349,202010200552
278,27882,337,4,7927,Spring Hope,"",425.129304907279,2721376125.90833,404465.358087667,202010200552
279,27883,104,1,4361,Stantonsburg,"",238.477413437285,2149873597.18677,378850.12800901,202010200552
280,27884,39,0,1545,Stokes,"",252.427184466019,1118165618.53992,178810.199825372,202010200552
281,27885,97,3,859,Swanquarter,"",1129.22002328289,3236637890.30994,778832.459471456,202010200552
282,27886,819,30,21595,Tarboro,"",379.254457050243,5534275751.92761,530150.851444626,202010200552
283,27888,84,0,2803,Walstonburg,"",299.678915447735,1661899290.0293,260588.447365408,202010200552
284,27889,868,31,27543,Washington,"",315.14359365356,4746901259.41052,624948.845007958,202010200552
285,27890,53,3,2398,Weldon,"",221.017514595496,250295126.203369,88214.5142201125,202010200552
286,27891,131,6,5011,Whitakers,"",261.424865296348,3802342458.24487,551887.618669609,202010200552
287,27892,403,8,14363,Williamston,"",280.58205110353,4740161664.64209,528153.604658045,202010200552
288,27893,1477,38,40647,Wilson,"",363.372450611361,3134674028.43115,441390.734015219,202010200552
289,27896,544,14,21212,Wilson,"",256.458608334905,1013992738.34033,260787.736893695,202010200552
290,27897,58,1,2467,Woodland,"",235.103364410215,1262848506.99878,250563.523857377,202010200552
291,27909,779,33,40958,Elizabeth City,"",190.194833732116,6356628470.42627,720925.199090358,202010200552
292,27910,546,31,11609,Ahoskie,"",470.324748040314,3854004911.8667,558805.248838311,202010200552
293,27915,10,0,758,Avon,"",131.926121372032,132797325.68457,159985.858445685,202010200552
294,27916,3,0,554,Aydlett,"",54.1516245487365,175446906.710938,88834.9392660151,202010200552
295,27917,6,0,1084,Barco,"",55.3505535055351,583346697.773926,150643.300800981,202010200552
296,27919,25,1,1211,Belvidere,"",206.440957886045,1805677755.21484,260299.205087965,202010200552
297,27920,30,0,1415,Buxton,"",212.014134275618,251417477.481567,169552.58818934,202010200552
298,27921,64,3,5366,Camden,"",119.269474468878,2216306760.15601,371309.805402765,202010200552
299,27922,29,1,1107,Cofield,"",261.96928635953,1372106941.59424,230585.938382193,202010200552
300,27923,2,0,990,Coinjock,"",20.2020202020202,442853112.258789,222994.427279021,202010200552
301,27924,93,3,3509,Colerain,"",265.032772869763,2545571117.46045,325068.518729581,202010200552
302,27925,121,3,4164,Columbia,"",290.585975024015,9421043776.67224,822613.133571787,202010200552
303,27926,21,0,1965,Corapeake,"",106.870229007634,1084179276.0813,176947.978129327,202010200552
304,27927,6,0,613,Corolla,"",97.8792822185971,685869287.21875,1266393.74615984,202010200552
305,27928,51,1,1888,Creswell,"",270.127118644068,3736346955.86023,344143.792077436,202010200552
306,27929,13,0,1949,Currituck,"",66.7008722421755,352573124.774658,146317.944454099,202010200552
307,27932,408,9,12644,Edenton,"",322.682695349573,3509551689.6084,391797.495792958,202010200552
308,27935,21,2,1674,Eure,"",125.448028673835,1443577833.21069,213483.780281898,202010200552
309,27936,10,1,961,Frisco,"",104.058272632674,134638106.065186,108288.074251882,202010200552
310,27937,69,1,4253,Gates,"",162.238419938867,2407949124.70361,290137.740864669,202010200552
311,27938,19,0,1430,Gatesville,"",132.867132867133,1202645918.03784,229961.178585235,202010200552
312,27939,14,0,3370,Grandy,"",41.5430267062315,296874050.40332,237784.484514939,202010200552
313,27941,5,0,670,Harbinger,"",74.6268656716418,66348159.842041,42125.3614314887,202010200552
314,27942,24,0,936,Harrellsville,"",256.410256410256,927451831.666504,150762.800286803,202010200552
315,27943,10,0,491,Hatteras,"",203.665987780041,82146889.1915283,162150.406610954,202010200552
316,27944,190,1,12230,Hertford,"",155.355682747343,5013940953.42065,828274.577378666,202010200552
317,27946,19,0,1089,Hobbsville,"",174.471992653811,1234977495.96777,250163.996071758,202010200552
318,27947,8,0,845,Jarvisburg,"",94.6745562130178,181991023.044922,117825.87149715,202010200552
319,27948,113,0,12518,Kill Devil Hills,"",90.2700111838952,288939959.776123,266090.270790261,202010200552
320,27949,62,0,7235,Kitty Hawk,"",85.6945404284727,426732703.740967,296487.581606319,202010200552
321,27950,7,0,2183,Knotts Island,"",32.0659642693541,1009906812.90234,393684.159837613,202010200552
322,27953,8,0,992,Manns Harbor,"",80.6451612903226,4841742826.08521,775886.839802653,202010200552
323,27954,62,0,6405,Manteo,"",96.7993754879001,346159524.466309,171104.045001834,202010200552
324,27956,,,328,Maple,Population <500 and Cases <5,,91616147.3259277,62675.9008746753,202010200552
325,27957,48,1,1419,Merry Hill,"",338.266384778013,1345289022.66797,219570.3989813,202010200552
326,27958,126,4,12061,Moyock,"",104.468949506674,2191273226.67993,258895.732965411,202010200552
327,27959,25,1,2451,Nags Head,"",101.999184006528,464337538.219238,468359.824712585,202010200552
328,27960,4,0,899,Ocracoke,"",44.4938820912125,272996211.932129,221416.979930584,202010200552
329,27962,115,3,7439,Plymouth,"",154.590670789085,2248894843.11377,323982.422404071,202010200552
330,27964,3,0,653,Point Harbor,"",45.9418070444104,40700993.1791992,29044.1496807834,202010200552
331,27965,0,0,611,Poplar Branch,"",0,362463348.010742,286670.577035681,202010200552
332,27966,8,0,1473,Powells Point,"",54.3109300746775,310362212.773438,140593.315765635,202010200552
333,27968,5,0,413,Rodanthe,"",121.065375302663,255307311.38855,376970.397727617,202010200552
334,27970,72,4,3214,Roper,"",224.019912881145,3979984913.95898,386215.845703473,202010200552
335,27972,,,196,Salvo,Population <500 and Cases <5,,25839959.5158691,77591.8753697891,202010200552
336,27973,14,0,1493,Shawboro,"",93.7709310113865,1350823542.63281,279776.313560853,202010200552
337,27974,11,0,1375,Shiloh,"",80,1282875105.52026,448552.234751615,202010200552
338,27976,50,0,3561,South Mills,"",140.4099971918,2739484648.62012,348819.066033239,202010200552
339,27978,,,221,Stumpy Point,Population <500 and Cases <5,,3250437066.68713,488663.160212976,202010200552
340,27979,15,0,1813,Sunbury,"",82.7357970215113,2196378526.26221,272849.595585558,202010200552
341,27980,85,1,2075,Tyner,"",409.638554216867,1319096560.03711,208839.628959427,202010200552
342,27981,8,0,1863,Wanchese,"",42.9414922168545,183167116.380371,177755.254740471,202010200552
343,27982,,,0,Waves,Population <500 and Cases <5,,5381164.09509277,11228.317119066,202010200552
344,27983,355,6,10633,Windsor,"",333.866265400169,9431469996.22351,861662.756904591,202010200552
345,27986,57,2,2650,Winton,"",215.094339622642,374234308.870117,153016.850399202,202010200552
346,28001,1067,44,28360,Albemarle,"",376.2341325811,3791255242.38873,479491.354130006,202010200552
347,28006,29,0,1136,Alexis,"",255.281690140845,126883649.701416,88485.0702727942,202010200552
348,28012,676,4,24276,Belmont,"",278.464326907234,865729022.118042,170607.841876971,202010200552
349,28016,337,3,14526,Bessemer City,"",231.997797053559,1271825919.55414,236943.686135101,202010200552
350,28018,102,0,5943,Bostic,"",171.630489651691,2694770404.83051,433562.153950885,202010200552
351,28020,51,0,2464,Casar,"",206.980519480519,1475633951.64899,260515.821792163,202010200552
352,28021,397,16,13436,Cherryville,"",295.474843703483,1626380587.60425,391038.422631114,202010200552
353,28023,302,1,14843,China Grove,"",203.462911810281,1273875684.14087,277795.952246167,202010200552
354,28025,1221,19,55325,Concord,"",220.69588793493,2992149162.05573,466210.81613651,202010200552
355,28027,1556,24,74072,Concord,"",210.065881844692,1903468707.60345,332965.289746403,202010200552
356,28031,632,16,31049,Cornelius,"",203.549228638603,672168572.25116,151594.592125485,202010200552
357,28032,84,0,3249,Cramerton,"",258.54108956602,59161626.1264038,51515.5503878613,202010200552
358,28033,106,1,3362,Crouse,"",315.288518738846,509703222.739563,189532.085619349,202010200552
359,28034,616,11,17859,Dallas,"",344.924127890699,1273410668.68243,215322.291269956,202010200552
360,28036,333,6,18554,Davidson,"",179.476123746901,669928559.48645,197029.793668161,202010200552
361,28037,448,1,23834,Denver,"",187.966770160275,1521729514.62848,312689.389421741,202010200552
362,28039,15,2,428,East Spencer,"",350.467289719626,13759835.5942383,34526.6128305972,202010200552
363,28040,129,3,8270,Ellenboro,"",155.985489721886,1773879551.02985,348064.117544275,202010200552
364,28043,534,10,21472,Forest City,"",248.695976154993,1816346053.52002,348394.442075552,202010200552
365,28052,1246,25,36823,Gastonia,"",338.375471851832,1165429048.27631,189783.469072903,202010200552
366,28054,1273,24,40184,Gastonia,"",316.792753334661,562652947.772949,139549.083675328,202010200552
367,28056,925,10,35595,Gastonia,"",259.867958983003,1342394953.02258,344787.60681341,202010200552
368,28071,70,2,3198,Gold Hill,"",218.886804252658,1345839018.92865,236923.074375116,202010200552
369,28073,132,2,5606,Grover,"",235.462004994649,702973243.533203,143952.911566798,202010200552
370,28075,347,6,19174,Harrisburg,"",180.974235944508,656107496.741638,238150.023406484,202010200552
371,28077,7,0,557,High Shoals,"",125.673249551167,25098303.871521,27989.3633622467,202010200552
372,28078,1162,14,66079,Huntersville,"",175.850118797197,1870251820.14679,316647.648839996,202010200552
373,28079,720,10,39813,Indian Trail,"",180.845452490393,1221176124.08392,283660.370334182,202010200552
374,28080,143,2,8157,Iron Station,"",175.309550079686,1095921164.38501,240845.709042299,202010200552
375,28081,645,9,28249,Kannapolis,"",228.32666643067,862858421.935425,200259.108957382,202010200552
376,28083,658,16,25877,Kannapolis,"",254.279862426093,582493569.448059,145983.725103448,202010200552
377,28086,826,25,26988,Kings Mountain,"",306.061953460797,2467878462.36133,329807.139806484,202010200552
378,28088,72,0,3059,Landis,"",235.371036286368,72787169.9580688,52885.3256566675,202010200552
379,28090,168,5,8506,Lawndale,"",197.507641664707,2661358061.4715,458218.963524002,202010200552
380,28091,52,0,2353,Lilesville,"",220.994475138122,2694411423.45477,313074.926269122,202010200552
381,28092,1083,8,40052,Lincolnton,"",270.398481973435,3216596915.74634,535483.341451103,202010200552
382,28097,149,0,6124,Locust,"",243.305029392554,836579136.406799,181830.474266294,202010200552
383,28098,75,1,4010,Lowell,"",187.032418952618,99103128.4535522,49283.194148661,202010200552
384,28101,15,0,465,Mc Adenville,"",322.58064516129,12210373.4969482,19058.3264759027,202010200552
385,28103,275,1,11346,Marshville,"",242.376167812445,4253866560.83563,449440.107851782,202010200552
386,28104,600,6,32469,Matthews,"",184.791647417537,824578845.587585,325979.692599077,202010200552
387,28105,1015,40,45346,Matthews,"",223.834516826181,668165195.784729,278013.840820393,202010200552
388,28107,176,4,8210,Midland,"",214.372716199756,1388640520.38739,250943.513182056,202010200552
389,28110,1540,26,55536,Monroe,"",277.297608758283,3676478383.48267,422255.233862207,202010200552
390,28112,911,11,28060,Monroe,"",324.661439771917,3713382117.46545,318461.97727687,202010200552
391,28114,185,2,9034,Mooresboro,"",204.781934912553,1900066101.23077,346437.871140422,202010200552
392,28115,620,4,41536,Mooresville,"",149.268104776579,2057262512.61176,327151.756863337,202010200552
393,28117,807,2,47608,Mooresville,"",169.50932616367,1555969690.69189,234425.757349855,202010200552
394,28119,84,2,3034,Morven,"",276.86222808174,1970357677.74512,298425.648226889,202010200552
395,28120,629,6,24318,Mount Holly,"",258.656139485155,1001654680.08618,272689.093586748,202010200552
396,28124,140,4,7015,Mount Pleasant,"",199.572344975053,1620148303.23315,301866.136666845,202010200552
397,28125,43,0,2657,Mount Ulla,"",161.836657884833,1169162879.13867,198953.955252748,202010200552
398,28127,569,4,7631,New London,"",745.642772900013,2159940152.89789,468250.659328753,202010200552
399,28128,231,3,8098,Norwood,"",285.255618671277,2054286113.35083,282114.674844027,202010200552
400,28129,134,3,6031,Oakboro,"",222.185375559609,1226619926.53345,219035.034364981,202010200552
401,28133,61,0,2713,Peachland,"",224.843346848507,2384968915.9574,421295.337069002,202010200552
402,28134,343,2,11817,Pineville,"",290.25979521029,248618254.324951,88085.4538299007,202010200552
403,28135,131,0,5968,Polkton,"",219.504021447721,2916374106.84241,475980.429437206,202010200552
404,28137,99,0,3843,Richfield,"",257.611241217799,1223676252.05975,291589.496037827,202010200552
405,28138,215,5,11659,Rockwell,"",184.406895960202,1278406256.12445,357387.534646104,202010200552
406,28139,486,26,20134,Rutherfordton,"",241.382735671004,5078697342.95056,674832.691106946,202010200552
407,28144,807,33,25846,Salisbury,"",312.234001392865,867982991.287292,279505.654446658,202010200552
408,28146,672,12,30382,Salisbury,"",221.183595549997,3012969418.7887,452196.720325258,202010200552
409,28147,1094,46,26204,Salisbury,"",417.493512440849,2146390330.37,312495.471896358,202010200552
410,28150,895,34,29296,Shelby,"",305.502457673402,3159764942.52783,579453.815714684,202010200552
411,28152,668,7,26078,Shelby,"",256.154613083825,2247420971.2251,304211.560780765,202010200552
412,28159,79,0,3126,Spencer,"",252.719129878439,51886096.1330566,42602.5220628392,202010200552
413,28160,115,2,4015,Spindale,"",286.425902864259,170326604.450989,70799.3749654705,202010200552
414,28163,81,0,5814,Stanfield,"",139.318885448916,970276414.142883,191731.821086023,202010200552
415,28164,354,4,15447,Stanley,"",229.170712759759,1144736813.58362,324856.854746788,202010200552
416,28166,162,1,9868,Troutman,"",164.167004458857,911716953.816406,217041.310552798,202010200552
417,28167,40,1,2418,Union Mills,"",165.425971877585,1934997992.23633,347927.953502144,202010200552
418,28168,294,4,10437,Vale,"",281.69014084507,2469130589.68384,340004.345415379,202010200552
419,28170,333,6,12494,Wadesboro,"",266.527933408036,5053183842.2157,655726.472285971,202010200552
420,28173,1151,5,63837,Waxhaw,"",180.302959098955,3045162637.21796,318858.064536165,202010200552
421,28174,414,3,9287,Wingate,"",445.784429848175,985461754.807983,246986.820118662,202010200552
422,28202,509,1,16755,Charlotte,"",303.789913458669,50452583.9099121,34485.9053855683,202010200552
423,28203,557,2,19070,Charlotte,"",292.08180388044,91001089.479126,54761.2733662689,202010200552
424,28204,308,3,8738,Charlotte,"",352.483405813687,48899100.5548096,40761.7265321132,202010200552
425,28205,1769,30,51821,Charlotte,"",341.367399316879,335820474.82135,104910.810677792,202010200552
426,28206,414,2,15244,Charlotte,"",271.582261873524,182577260.697876,71458.050216539,202010200552
427,28207,223,1,9761,Charlotte,"",228.460198750128,68333859.7921753,36157.3958026361,202010200552
428,28208,1385,12,39944,Charlotte,"",346.735429601442,595973347.5495,157267.598078636,202010200552
429,28209,633,5,26012,Charlotte,"",243.349223435338,157335764.525879,72359.4847682198,202010200552
430,28210,1525,22,44704,Charlotte,"",341.132784538296,342547124.476257,112745.958411282,202010200552
431,28211,718,28,31253,Charlotte,"",229.737945157265,292827786.05603,102838.759144167,202010200552
432,28212,1925,22,42744,Charlotte,"",450.355605465095,237710291.866211,96077.3791004252,202010200552
433,28213,1823,18,45338,Charlotte,"",402.09096122458,412614569.613403,162252.089416931,202010200552
434,28214,1284,8,41208,Charlotte,"",311.589982527665,965554836.030151,224926.880987091,202010200552
435,28215,2389,20,60256,Charlotte,"",396.475039830058,782010510.903748,222976.412140327,202010200552
436,28216,1659,18,58744,Charlotte,"",282.411820781697,857978895.941772,184761.316525275,202010200552
437,28217,1568,6,30875,Charlotte,"",507.854251012146,428067925.271423,132462.900799897,202010200552
438,28223,7,0,2941,Charlotte,"",23.8014280856851,16745950.1914673,34959.7943637767,202010200552
439,28226,885,14,40227,Charlotte,"",220.001491535536,430471271.22644,131097.087702525,202010200552
440,28227,1824,16,57319,Charlotte,"",318.219089656135,1173416755.00244,297066.255269002,202010200552
441,28262,1110,14,43683,Charlotte,"",254.103426962434,593648477.600464,159979.41236041,202010200552
442,28269,1992,19,81464,Charlotte,"",244.525189040558,840640266.840637,192155.045229048,202010200552
443,28270,504,9,34753,Charlotte,"",145.023451212845,345778417.622314,161555.486865571,202010200552
444,28273,1424,19,40544,Charlotte,"",351.223362273086,614626385.142517,192801.276498243,202010200552
445,28277,1164,9,72020,Charlotte,"",161.621771730075,675381884.726379,144850.675101077,202010200552
446,28278,686,2,32539,Charlotte,"",210.823934355696,902762098.137573,246465.469761239,202010200552
447,28301,551,34,17717,Fayetteville,"",311.000733758537,348717238.9104,130217.445212828,202010200552
448,28303,482,4,34600,Fayetteville,"",139.306358381503,540160738.043701,179304.154504403,202010200552
449,28304,733,12,39651,Fayetteville,"",184.862929056014,491742944.185852,186465.416198877,202010200552
450,28305,103,2,5010,Fayetteville,"",205.588822355289,69895111.336731,49443.8950343603,202010200552
451,28306,805,5,42565,Fayetteville,"",189.122518501116,2090603260.31519,562860.488861907,202010200552
452,28307,149,0,15486,Fort Bragg,"",96.2159369753326,174879596.356018,92732.9092032322,202010200552
453,28308,0,0,737,Pope Army Airfield,"",0,90374263.7665405,45243.1542141805,202010200552
454,28310,295,0,8861,Fort Bragg,"",332.919535041192,506286340.902344,200733.090413706,202010200552
455,28311,713,5,36046,Fayetteville,"",197.80280752372,1336136656.04889,240844.864072535,202010200552
456,28312,342,3,18419,Fayetteville,"",185.677832672784,4341373681.0871,556260.336471475,202010200552
457,28314,1042,9,53642,Fayetteville,"",194.250773647515,816473670.87677,185615.29020179,202010200552
458,28315,334,7,13329,Aberdeen,"",250.581438967665,2049308469.85626,494397.056686911,202010200552
459,28318,107,1,4579,Autryville,"",233.67547499454,2217851356.83313,372935.466158955,202010200552
460,28320,184,1,9381,Bladenboro,"",196.141136339409,3248490168.58801,381864.201698899,202010200552
461,28323,85,0,4578,Bunnlevel,"",185.670598514635,1112191308.33496,301931.807656215,202010200552
462,28326,313,2,22382,Cameron,"",139.844517916183,3242119864.63824,488036.1730633,202010200552
463,28327,351,2,18273,Carthage,"",192.086685273354,5396542091.08795,586939.342565835,202010200552
464,28328,1270,18,26951,Clinton,"",471.225557493228,6810728499.67102,657248.933701038,202010200552
465,28333,473,9,10709,Dudley,"",441.684564385097,1249687746.85376,213915.020571421,202010200552
466,28334,733,8,26215,Dunn,"",279.610909784475,4497238669.98419,544402.158241248,202010200552
467,28337,328,9,11927,Elizabethtown,"",275.006288253542,5069041872.41577,577770.225904475,202010200552
468,28338,119,3,4804,Ellerbe,"",247.710241465445,3935542448.08881,492508.044174153,202010200552
469,28339,179,3,7226,Erwin,"",247.716579020205,1064553458.41333,310656.999787592,202010200552
470,28340,502,19,10738,Fairmont,"",467.498603091823,3757196814.59872,450516.228420329,202010200552
471,28341,251,2,5080,Faison,"",494.094488188976,2787115249.34564,421094.619116887,202010200552
472,28343,55,1,1567,Gibson,"",350.989151244416,458723474.164063,106909.663733147,202010200552
473,28344,120,1,3814,Godwin,"",314.630309386471,1128755315.22852,269142.265002464,202010200552
474,28345,366,7,12656,Hamlet,"",289.190897597977,2126402412.95966,332606.523883072,202010200552
475,28347,117,0,1826,Hoffman,"",640.744797371303,747268691.675964,194334.44204749,202010200552
476,28348,735,8,36052,Hope Mills,"",203.872184622212,1166315651.14276,329846.853315969,202010200552
477,28349,170,12,3955,Kenansville,"",429.835651074589,1959246504.78113,326624.538750416,202010200552
478,28350,10,0,70,Lakeview,"",1428.57142857143,7876659.25891113,11657.1581787366,202010200552
479,28351,120,0,5269,Laurel Hill,"",227.747200607326,1788599136.13666,386362.394376361,202010200552
480,28352,1218,17,25298,Laurinburg,"",481.460985058107,3264782876.16284,438869.872406896,202010200552
481,28356,80,3,4914,Linden,"",162.800162800163,1497885580.84283,286294.988335977,202010200552
482,28357,78,1,3224,Lumber Bridge,"",241.935483870968,998095899.747498,200973.924425577,202010200552
483,28358,1578,28,38517,Lumberton,"",409.689228133032,5499536726.32037,504386.804277589,202010200552
484,28360,644,6,14944,Lumberton,"",430.942184154176,1985862696.58282,363920.117329658,202010200552
485,28363,43,1,1079,Marston,"",398.517145505097,1736455559.11224,383927.716730152,202010200552
486,28364,498,7,15170,Maxton,"",328.279499011206,3845135736.01221,464303.223304611,202010200552
487,28365,730,19,17063,Mount Olive,"",427.826290804665,5449867058.99634,617077.136427741,202010200552
488,28366,198,2,5153,Newton Grove,"",384.242189016107,2293381130.24042,414618.719505341,202010200552
489,28369,74,1,2241,Orrum,"",330.209727800089,1800121585.61136,401393.305842191,202010200552
490,28371,142,3,7085,Parkton,"",200.423429781228,1005950088.08063,229991.086519014,202010200552
491,28372,615,4,15254,Pembroke,"",403.172938245706,1147770145.91595,255857.280522167,202010200552
492,28373,50,1,2552,Pinebluff,"",195.924764890282,460329066.992676,140223.621385681,202010200552
493,28374,279,9,18171,Pinehurst,"",153.541357107479,609888351.153748,186776.563275303,202010200552
494,28375,,,155,Proctorville,Population <500 and Cases <5,,16154829.5779114,21293.1141646593,202010200552
495,28376,1168,18,43831,Raeford,"",266.478063471059,8255601209.37079,618028.253174215,202010200552
496,28377,557,12,13036,Red Springs,"",427.278306228905,2872865768.25568,446034.002241504,202010200552
497,28379,667,14,25804,Rockingham,"",258.487056270346,4156662320.34821,486165.084209016,202010200552
498,28382,175,1,8006,Roseboro,"",218.586060454659,3525739741.42773,652666.741452106,202010200552
499,28383,303,2,7713,Rowland,"",392.843251653053,2904453853.97415,460017.981876533,202010200552
500,28384,525,4,12414,Saint Pauls,"",422.90961817303,2850567240.80182,480450.415018018,202010200552
501,28385,93,0,3005,Salemburg,"",309.484193011647,1040463355.97156,321938.125650219,202010200552
502,28386,371,6,6068,Shannon,"",611.404087013843,1134602512.8537,354913.796549299,202010200552
503,28387,359,6,17139,Southern Pines,"",209.463796020771,810260751.658813,181010.127281146,202010200552
504,28390,350,6,23494,Spring Lake,"",148.974206180301,1630867413.08136,287302.836124697,202010200552
505,28391,87,0,5326,Stedman,"",163.349605707848,1084470955.12604,202263.555324582,202010200552
506,28392,61,1,1554,Tar Heel,"",392.535392535393,925384379.987671,187529.786563955,202010200552
507,28393,88,1,2160,Turkey,"",407.407407407407,1437383838.7915,233550.655699493,202010200552
508,28394,83,2,6094,Vass,"",136.19954053167,1215312777.16113,300186.221923817,202010200552
509,28395,41,0,2657,Wade,"",154.309371471584,1382105528.22943,246616.208913961,202010200552
510,28396,76,2,2679,Wagram,"",283.687943262411,1631714382.90094,330475.243709585,202010200552
511,28398,376,9,7672,Warsaw,"",490.093847758081,2739435952.33466,345606.723026117,202010200552
512,28399,72,1,1934,White Oak,"",372.285418821096,2338498223.40869,308489.981388208,202010200552
513,28401,547,10,24213,Wilmington,"",225.911700326271,925590291.269562,302995.405207511,202010200552
514,28403,1286,4,41945,Wilmington,"",306.591965669329,403456249.54361,135103.298695973,202010200552
515,28405,707,4,33719,Wilmington,"",209.674070998547,694443662.189972,212896.044608315,202010200552
516,28409,582,6,34974,Wilmington,"",166.409332647109,678530052.059952,626246.018361276,202010200552
517,28411,633,5,38820,Wilmington,"",163.06027820711,1477023573.08954,591854.549770877,202010200552
518,28412,682,7,42977,Wilmington,"",158.689531609931,635947452.301941,245813.217862995,202010200552
519,28420,107,1,5116,Ash,"",209.147771696638,4030119174.4476,622951.504256467,202010200552
520,28421,24,0,2040,Atkinson,"",117.647058823529,1701084244.28595,246250.995159075,202010200552
521,28422,110,7,8682,Bolivia,"",126.698917300161,2520456183.00197,406510.949073508,202010200552
522,28423,67,1,2285,Bolton,"",293.216630196937,4327886518.67657,560706.23791653,202010200552
523,28425,288,4,12625,Burgaw,"",228.118811881188,4872852970.19843,522799.098840263,202010200552
524,28428,126,0,7142,Carolina Beach,"",176.421170540465,153392950.326767,131890.839899376,202010200552
525,28429,118,0,8542,Castle Hayne,"",138.14095059705,1146009267.92944,244578.64538817,202010200552
526,28430,43,1,2055,Cerro Gordo,"",209.245742092457,1294763521.80133,235369.368885516,202010200552
527,28431,202,8,6741,Chadbourn,"",299.658804331702,2019287633.59152,414968.282140326,202010200552
528,28432,62,2,1684,Clarendon,"",368.171021377672,913029717.719559,381140.327621417,202010200552
529,28433,103,0,5297,Clarkton,"",194.449688502926,3257754219.81824,497145.128049416,202010200552
530,28434,21,0,1357,Council,"",154.753131908622,2209417286.23001,262045.947095385,202010200552
531,28435,37,0,2931,Currie,"",126.236779256227,2746865502.37314,418800.327512466,202010200552
532,28436,47,0,2312,Delco,"",203.287197231834,1250613651.60083,304067.898737589,202010200552
533,28438,38,1,1688,Evergreen,"",225.118483412322,1324758692.31961,354385.951020837,202010200552
534,28439,47,4,1536,Fair Bluff,"",305.989583333333,667490225.496307,213264.007900786,202010200552
535,28441,118,3,3328,Garland,"",354.567307692308,3774857745.4223,555550.533903292,202010200552
536,28442,57,1,1734,Hallsboro,"",328.719723183391,1395074837.14975,336354.405393145,202010200552
537,28443,371,1,22483,Hampstead,"",165.013565805275,4337834719.99771,560208.032392264,202010200552
538,28444,103,0,2278,Harrells,"",452.151009657594,3251010335.70935,548979.732892781,202010200552
539,28445,133,1,8142,Holly Ridge,"",163.350528125768,2835470197.40424,676482.174744674,202010200552
540,28447,76,0,1334,Ivanhoe,"",569.715142428786,2755654733.91089,442226.920323366,202010200552
541,28448,23,1,1216,Kelly,"",189.144736842105,2360585218.26868,400674.523076971,202010200552
542,28449,23,0,1958,Kure Beach,"",117.466802860061,112229003.875305,80695.004584803,202010200552
543,28450,76,6,2397,Lake Waccamaw,"",317.06299541093,1482484363.39343,277199.450521116,202010200552
544,28451,556,3,39194,Leland,"",141.85844772159,5322314275.71591,771852.448618023,202010200552
545,28452,20,0,513,Longwood,"",389.863547758285,201031402.998276,76626.878203892,202010200552
546,28453,325,6,4137,Magnolia,"",785.593425187334,2286467269.94287,428957.863476439,202010200552
547,28454,32,0,3549,Maple Hill,"",90.1662440123979,3064407818.25446,319144.850869927,202010200552
548,28455,54,2,1718,Nakina,"",314.318975552969,1802269564.75485,339624.478895421,202010200552
549,28456,121,1,3566,Riegelwood,"",339.315759955132,1872158645.14374,368901.622022321,202010200552
550,28457,258,3,12840,Rocky Point,"",200.934579439252,3397895880.78387,551931.996451502,202010200552
551,28458,320,6,7018,Rose Hill,"",455.970361926475,3025757032.09851,549753.327973728,202010200552
552,28460,208,1,10588,Sneads Ferry,"",196.448809973555,868820245.916626,505270.66774661,202010200552
553,28461,171,2,20575,Southport,"",83.1105710814095,2976816159.44659,699193.3729383,202010200552
554,28462,204,5,14309,Supply,"",142.567614787896,3173815797.17624,578042.071238933,202010200552
555,28463,315,18,9865,Tabor City,"",319.31069437405,3441446535.6745,489113.866817469,202010200552
556,28464,119,2,2491,Teachey,"",477.719791248495,651873569.02948,216752.818849917,202010200552
557,28465,65,0,8285,Oak Island,"",78.4550392275196,278142792.540329,260764.452809295,202010200552
558,28466,415,7,10375,Wallace,"",400,4134830722.40503,646652.750223625,202010200552
559,28467,191,3,11393,Calabash,"",167.646800667076,478052225.035095,182374.085490172,202010200552
560,28468,67,1,5394,Sunset Beach,"",124.212087504635,561581539.026329,281339.504069841,202010200552
561,28469,124,2,7481,Ocean Isle Beach,"",165.753241545248,718539224.77166,397460.188245044,202010200552
562,28470,293,7,13446,Shallotte,"",217.908671723933,1182514664.27979,362760.617388835,202010200552
563,28472,492,15,20002,Whiteville,"",245.975402459754,5336860792.21823,836470.753006454,202010200552
564,28478,119,0,4976,Willard,"",239.147909967846,3641064446.79327,420805.470689162,202010200552
565,28479,88,1,4874,Winnabow,"",180.549856380796,2117768058.25922,493774.783138492,202010200552
566,28480,103,0,2737,Wrightsville Beach,"",376.324442820607,105606171.513519,198146.556810674,202010200552
567,28501,334,6,19507,Kinston,"",171.220587481417,2991635337.302,625626.15035165,202010200552
568,28504,535,19,21016,Kinston,"",254.56794822992,3402165916.96191,527051.926248194,202010200552
569,28508,132,2,2984,Albertson,"",442.359249329759,979966062.858154,216402.11543394,202010200552
570,28510,16,0,1543,Arapahoe,"",103.694102397926,492605022.366577,160146.449017413,202010200552
571,28511,5,0,628,Atlantic,"",79.6178343949045,664520864.566406,632922.312503468,202010200552
572,28512,33,1,3689,Atlantic Beach,"",89.4551368934671,159414908.561523,282548.210087653,202010200552
573,28513,246,1,10825,Ayden,"",227.251732101617,2611479123.85803,477095.460669019,202010200552
574,28515,151,2,3463,Bayboro,"",436.038117239388,1758589825.68518,437586.784820445,202010200552
575,28516,136,3,12482,Beaufort,"",108.956897933024,3384236686.76337,1001596.71803034,202010200552
576,28518,236,3,8803,Beulaville,"",268.090423719187,2702594658.36359,473932.945095065,202010200552
577,28519,9,0,328,Bridgeton,"",274.390243902439,3782179.40026855,11964.2990373982,202010200552
578,28520,,,352,Cedar Island,Population <500 and Cases <5,,633116579.775757,427477.052966737,202010200552
579,28521,58,2,2259,Chinquapin,"",256.750774679062,984336924.154663,232445.955683395,202010200552
580,28523,53,2,2274,Cove City,"",233.069481090589,2247611957.06177,297516.586083844,202010200552
581,28524,,,443,Davis,Population <500 and Cases <5,,547256692.822876,860357.358716607,202010200552
582,28525,58,2,3309,Deep Run,"",175.279540646721,1368793733.10339,260376.07892082,202010200552
583,28526,40,0,2384,Dover,"",167.785234899329,2062614072.29626,437910.466683838,202010200552
584,28527,17,0,905,Ernul,"",187.845303867403,1145978492.04919,209684.397786102,202010200552
585,28528,2,0,640,Gloucester,"",31.25,74196560.923584,79933.9347539672,202010200552
586,28529,56,0,2539,Grantsboro,"",220.559275305238,2523317524.60889,412017.089612736,202010200552
587,28530,148,1,7474,Grifton,"",198.019801980198,1906098626.48975,426610.065184872,202010200552
588,28531,11,0,1414,Harkers Island,"",77.7934936350778,96666650.4205933,159397.370996394,202010200552
589,28532,280,3,25868,Havelock,"",108.241843203959,5072028576.29651,874966.498361209,202010200552
590,28533,18,0,0,Cherry Point,"",,253735788.170532,192645.367219711,202010200552
591,28537,,,186,Hobucken,Population <500 and Cases <5,,891999129.25647,352204.851723086,202010200552
592,28538,93,0,3342,Hookerton,"",278.276481149013,837514346.679443,167225.326393657,202010200552
593,28539,208,2,18000,Hubert,"",115.555555555556,2158531628.89203,965472.416809674,202010200552
594,28540,701,8,52400,Jacksonville,"",133.778625954198,3283488394.35052,547729.060516664,202010200552
595,28542,121,0,6146,Camp Lejeune,"",196.876016921575,1137151211.30426,554417.951637184,202010200552
596,28543,52,2,6618,Tarawa Terrace,"",78.5735871864612,101812905.851257,81799.9494086723,202010200552
597,28544,72,2,5607,Midway Park,"",128.410914927769,155759986.503357,92182.0384683424,202010200552
598,28545,23,0,4010,Mccutcheon Field,"",57.356608478803,145247654.855835,101700.276162633,202010200552
599,28546,756,4,51963,Jacksonville,"",145.488135788927,2766403023.01086,429757.095409677,202010200552
600,28547,256,0,13868,Camp Lejeune,"",184.597634842804,321351155.112183,125030.1108688,202010200552
601,28551,369,6,14265,La Grange,"",258.675078864353,3578620059.57935,402405.541085344,202010200552
602,28552,,,131,Lowland,Population <500 and Cases <5,,211084218.553589,104037.967496467,202010200552
603,28553,5,0,522,Marshallberg,"",95.7854406130268,44093630.395752,64625.7950525978,202010200552
604,28555,62,0,4702,Maysville,"",131.858783496385,3623337430.05573,600372.548840717,202010200552
605,28556,11,0,1150,Merritt,"",95.6521739130435,1139666751.30212,394317.853497314,202010200552
606,28557,230,0,15254,Morehead City,"",150.780123246362,400526127.961975,291647.007459014,202010200552
607,28560,690,28,28926,New Bern,"",238.539722049367,3309199654.78784,1030041.14449326,202010200552
608,28561,6,0,0,New Bern,"",,195198.709350586,2618.49962886206,202010200552
609,28562,765,16,38009,New Bern,"",201.268120708253,3853792240.20764,1071472.47820273,202010200552
610,28570,362,1,22687,Newport,"",159.562745184467,4050945831.7467,612371.091717979,202010200552
611,28571,27,0,3137,Oriental,"",86.0694931463182,1482289449.53186,353024.47769856,202010200552
612,28572,176,3,6379,Pink Hill,"",275.905314312588,3042675125.74115,395176.694907307,202010200552
613,28573,73,12,2475,Pollocksville,"",294.949494949495,3035889883.2348,360117.83631843,202010200552
614,28574,284,4,17702,Richlands,"",160.433849282567,3868294357.7301,523654.71280993,202010200552
615,28577,6,0,595,Sealevel,"",100.840336134454,131607264.267456,82049.6590834025,202010200552
616,28578,305,3,7044,Seven Springs,"",432.992617830778,1837860745.29797,304549.150963809,202010200552
617,28579,7,0,798,Smyrna,"",87.719298245614,633080494.557556,233023.142000653,202010200552
618,28580,388,11,12031,Snow Hill,"",322.500207796526,3261656823.56982,373362.024423985,202010200552
619,28581,,,224,Stacy,Population <500 and Cases <5,,2404669972.88318,703346.462367876,202010200552
620,28582,9,1,1824,Stella,"",49.3421052631579,566119411.242798,233745.537488707,202010200552
621,28583,,,0,Stonewall,Population <500 and Cases <5,,596710.740722656,3607.20989795631,202010200552
622,28584,169,0,12910,Swansboro,"",130.906274206042,870417864.570801,630505.524420815,202010200552
623,28585,49,3,4170,Trenton,"",117.505995203837,5857263271.9624,616313.550954669,202010200552
624,28586,326,1,8427,Vanceboro,"",386.85178592619,3798727344.79224,393188.365406213,202010200552
625,28587,5,0,324,Vandemere,"",154.320987654321,250612018.426636,182903.197478108,202010200552
626,28590,690,7,26551,Winterville,"",259.877217430605,1153236268.85608,260797.112041444,202010200552
627,28594,74,0,3678,Emerald Isle,"",201.196302338227,161880563.377441,206007.39513627,202010200552
628,28601,1284,16,49848,Hickory,"",257.583052479538,1378207425.05768,365850.750506082,202010200552
629,28602,774,22,31218,Hickory,"",247.933884297521,1938678919.97003,319569.803956005,202010200552
630,28604,74,0,6449,Banner Elk,"",114.74647232129,1915326545.24634,325836.980718489,202010200552
631,28605,42,0,4143,Blowing Rock,"",101.375814627082,895784503.144714,248689.345104092,202010200552
632,28606,39,0,2367,Boomer,"",164.765525982256,1247639586.18042,214129.251492026,202010200552
633,28607,933,1,37481,Boone,"",248.926122568768,2776057252.95807,555835.87368089,202010200552
634,28609,104,1,6457,Catawba,"",161.0655102989,1341728385.28827,281255.134101197,202010200552
635,28610,198,1,10238,Claremont,"",193.397147880445,1121879522.66571,308096.881521473,202010200552
636,28611,23,0,978,Collettsville,"",235.173824130879,2483135872.03735,419111.187381629,202010200552
637,28612,299,13,14906,Connelly Springs,"",200.590366295452,2400642845.42798,441028.943696581,202010200552
638,28613,615,8,25216,Conover,"",243.892766497462,1220326345.78546,362168.639637895,202010200552
639,28615,25,0,1883,Creston,"",132.766861391397,1868599532.61511,272770.247470023,202010200552
640,28617,47,0,2451,Crumpler,"",191.758465932273,986888820.641235,263906.737953269,202010200552
641,28618,37,0,2480,Deep Gap,"",149.193548387097,1010729766.2395,224128.286954044,202010200552
642,28621,306,12,10400,Elkin,"",294.230769230769,1827310682.30029,492431.108964796,202010200552
643,28622,33,0,2638,Elk Park,"",125.094768764215,922706854.79248,228052.883765708,202010200552
644,28623,39,0,1716,Ennice,"",227.272727272727,790959225.749146,176648.995975267,202010200552
645,28624,44,1,1893,Ferguson,"",232.4352879028,1893859856.27216,280305.359064925,202010200552
646,28625,861,17,38862,Statesville,"",221.553188204416,5528677082.18164,627405.10903711,202010200552
647,28626,23,0,3001,Fleetwood,"",76.6411196267911,819063990.876587,148645.734339712,202010200552
648,28627,9,0,1534,Glade Valley,"",58.6701434159061,929851696.585571,229623.659776181,202010200552
649,28629,,,63,Glendale Springs,Population <500 and Cases <5,,18113919.8492432,19773.9407564207,202010200552
650,28630,548,6,20369,Granite Falls,"",269.036280622515,1749206123.14734,364175.180926025,202010200552
651,28631,24,0,536,Grassy Creek,"",447.761194029851,666742006.060913,167245.211138671,202010200552
652,28634,98,1,5269,Harmony,"",185.993547162649,1708637469.52393,380041.00063272,202010200552
653,28635,75,3,4032,Hays,"",186.011904761905,1589254753.84888,282956.554467362,202010200552
654,28636,110,4,5186,Hiddenite,"",212.10952564597,1563401720.00476,343683.132287545,202010200552
655,28637,44,0,1583,Hildebran,"",277.953253316488,75804105.8025513,39679.7431148789,202010200552
656,28638,339,0,12560,Hudson,"",269.904458598726,586195125.955933,179942.259882133,202010200552
657,28640,47,0,4805,Jefferson,"",97.8147762747138,1056537388.6748,302637.68949569,202010200552
658,28642,132,2,5578,Jonesville,"",236.643958408032,922184812.2677,173376.666314256,202010200552
659,28643,27,0,3443,Lansing,"",78.4199825733372,2044042930.41492,275858.107391137,202010200552
660,28644,13,0,1570,Laurel Springs,"",82.8025477707006,2045165288.09131,297831.475142139,202010200552
661,28645,1202,13,47621,Lenoir,"",252.409651204301,9179149391.98291,930216.037146458,202010200552
662,28646,16,0,463,Linville,"",345.572354211663,440709602.757813,156576.175660301,202010200552
663,28649,13,0,1034,Mc Grady,"",125.725338491296,1036137984.80469,190682.670149615,202010200552
664,28650,319,3,13374,Maiden,"",238.522506355615,1278104496.07623,377336.649296681,202010200552
665,28651,116,2,6653,Millers Creek,"",174.357432737111,2065649255.9353,349078.290644553,202010200552
666,28654,84,2,3800,Moravian Falls,"",221.052631578947,1821577421.53857,295573.209104024,202010200552
667,28655,1677,24,58249,Morganton,"",287.901938230699,9153179930.14331,677983.745386267,202010200552
668,28657,109,0,9610,Newland,"",113.423517169615,3935578521.47217,457051.359413869,202010200552
669,28658,715,7,25858,Newton,"",276.51017093356,2022657893.02307,451555.722478837,202010200552
670,28659,556,7,21013,North Wilkesboro,"",264.598105934422,2817470108.66394,743040.466864702,202010200552
671,28660,46,0,2336,Olin,"",196.917808219178,892135691.594116,224297.744075571,202010200552
672,28663,6,0,715,Piney Creek,"",83.9160839160839,577849850.650269,137228.322788793,202010200552
673,28665,39,1,2986,Purlear,"",130.609511051574,1778038258.60608,240271.301413849,202010200552
674,28667,12,0,105,Rhodhiss,"",1142.85714285714,1309548.80932617,6065.66147149414,202010200552
675,28668,6,0,39,Roaring Gap,"",1538.46153846154,150579895.761963,97868.8716295681,202010200552
676,28669,45,0,3133,Roaring River,"",143.63230130865,1299426384.18799,252536.432806368,202010200552
677,28670,46,2,3183,Ronda,"",144.517750549796,1123975912.01135,257469.478215133,202010200552
678,28672,,,35,Scottville,Population <500 and Cases <5,,62555584.7313232,47932.7256464108,202010200552
679,28673,109,2,6621,Sherrills Ford,"",164.627699743241,852092289.759583,248402.605359209,202010200552
680,28675,195,1,6805,Sparta,"",286.554004408523,2977111225.9541,397880.21838125,202010200552
681,28676,59,0,3444,State Road,"",171.312427409988,830902972.436646,197653.666386266,202010200552
682,28677,854,9,35614,Statesville,"",239.793339697872,2372250827.99042,364916.143502524,202010200552
683,28678,71,0,5252,Stony Point,"",135.186595582635,1249807753.12482,237772.476162198,202010200552
684,28679,16,0,2122,Sugar Grove,"",75.4005655042413,636943392.934937,227619.317646308,202010200552
685,28681,477,4,26959,Taylorsville,"",176.935346266553,4726487412.65814,412700.759417833,202010200552
686,28682,9,0,1099,Terrell,"",81.8926296633303,164657442.78833,108427.066369374,202010200552
687,28683,29,1,1934,Thurmond,"",149.94829369183,988749233.112671,203358.60410099,202010200552
688,28684,18,1,2175,Todd,"",82.7586206896552,1383524229.94177,292392.138653963,202010200552
689,28685,31,0,1908,Traphill,"",162.473794549266,1296786088.98804,215086.939280452,202010200552
690,28689,37,0,1662,Union Grove,"",222.623345367028,1218398001.86389,304792.24772459,202010200552
691,28690,202,5,9427,Valdese,"",214.278137265302,668624773.04187,213466.610171622,202010200552
692,28692,67,0,4504,Vilas,"",148.756660746004,1091553223.68976,286379.955820553,202010200552
693,28693,17,0,1693,Warrensville,"",100.413467217956,621923811.260986,170328.387778476,202010200552
694,28694,130,0,8033,West Jefferson,"",161.832441180132,2188720146.69934,416426.801998168,202010200552
695,28697,384,16,13376,Wilkesboro,"",287.081339712919,1810927272.521,565265.362104433,202010200552
696,28698,43,0,1844,Zionville,"",233.188720173536,762471326.925049,227334.653867247,202010200552
697,28701,38,0,4830,Alexander,"",78.6749482401656,557040025.003723,178622.867954755,202010200552
698,28702,3,0,704,Almond,"",42.6136363636364,749571990.457794,168899.042279792,202010200552
699,28704,469,3,21728,Arden,"",215.850515463918,1481682958.97644,329012.999643476,202010200552
700,28705,68,0,7168,Bakersville,"",94.8660714285714,3538838336.04175,376028.663142582,202010200552
701,28708,4,0,1340,Balsam Grove,"",29.8507462686567,795626278.709686,241272.033803255,202010200552
702,28709,6,0,2308,Barnardsville,"",25.9965337954939,1635213770.4093,231197.383485249,202010200552
703,28711,164,9,15250,Black Mountain,"",107.540983606557,2289646423.50623,432841.10713665,202010200552
704,28712,257,8,19644,Brevard,"",130.828751781715,3743370041.24365,607196.289251344,202010200552
705,28713,63,1,9333,Bryson City,"",67.5024108003857,7085157294.99072,658029.652447302,202010200552
706,28714,224,0,17066,Burnsville,"",131.255127153404,7287599937.88281,538818.932986382,202010200552
707,28715,380,4,27289,Candler,"",139.250247352413,1975153881.5733,274379.594297132,202010200552
708,28716,277,32,18650,Canton,"",148.525469168901,4450693739.33826,450946.985814241,202010200552
709,28717,51,1,1471,Cashiers,"",346.702923181509,1160000231.10587,300525.403558473,202010200552
710,28718,5,0,607,Cedar Mountain,"",82.3723228995058,604740430.192017,157079.894608512,202010200552
711,28719,206,3,6945,Cherokee,"",296.616270698344,6313532001.74988,506970.161305604,202010200552
712,28720,,,35,Chimney Rock,Population <500 and Cases <5,,47877696.5422974,47768.4833790312,202010200552
713,28721,115,1,10866,Clyde,"",105.834713786122,3262240884.20239,451646.750156333,202010200552
714,28722,133,2,6854,Columbus,"",194.04727166618,1330435890.70984,371441.890606651,202010200552
715,28723,308,0,11678,Cullowhee,"",263.743791745162,2829089767.59064,521400.904374382,202010200552
716,28725,,,36,Dillsboro,Population <500 and Cases <5,,1395548.49920654,7541.63511359509,202010200552
717,28726,110,2,3477,East Flat Rock,"",316.364682197297,62782212.3257446,52681.8363735949,202010200552
718,28729,28,0,2978,Etowah,"",94.022834116857,115914409.369507,74718.0620947517,202010200552
719,28730,68,1,10068,Fairview,"",67.5407230830354,1334723772.69336,277836.650121475,202010200552
720,28731,244,7,9271,Flat Rock,"",263.186279797217,910498937.374664,308715.430561088,202010200552
721,28732,206,0,18899,Fletcher,"",109.000476215673,1163648233.76184,268599.174805656,202010200552
722,28733,,,200,Fontana Dam,Population <500 and Cases <5,,498075903.916718,200917.740964481,202010200552
723,28734,541,4,28423,Franklin,"",190.338810118566,8413329787.90622,680710.034553254,202010200552
724,28735,,,294,Gerton,Population <500 and Cases <5,,137680777.623108,92735.3834552802,202010200552
725,28736,16,0,740,Glenville,"",216.216216216216,845894035.551971,243241.394198335,202010200552
726,28739,228,3,21994,Hendersonville,"",103.664635809766,1809199500.98254,354883.696935043,202010200552
727,28740,31,0,2123,Green Mountain,"",146.019783325483,2560353451.70599,391601.88482291,202010200552
728,28741,92,1,3135,Highlands,"",293.460925039872,2488322100.83908,291652.561708351,202010200552
729,28742,30,0,2834,Horse Shoe,"",105.857445306987,759756422.807678,323788.261855291,202010200552
730,28743,14,0,2422,Hot Springs,"",57.8034682080925,2855463957.34918,351331.648547095,202010200552
731,28745,12,0,598,Lake Junaluska,"",200.66889632107,24208240.7459412,20619.3143809221,202010200552
732,28746,47,0,2583,Lake Lure,"",181.958962446767,1635267198.94843,301403.103342596,202010200552
733,28747,11,1,2517,Lake Toxaway,"",43.7028208184346,1644170650.80768,278687.825520297,202010200552
734,28748,129,4,12684,Leicester,"",101.702932828761,2568900770.12885,433742.542694055,202010200552
735,28749,,,0,Little Switzerland,Population <500 and Cases <5,,1713987.45050049,8852.52475284555,202010200552
736,28751,40,0,3738,Maggie Valley,"",107.009095773141,1196971956.93442,252655.252396679,202010200552
737,28752,864,19,31501,Marion,"",274.27700707914,6843838240.70496,729852.019397462,202010200552
738,28753,76,0,12286,Marshall,"",61.8590265342666,7221367422.4903,582321.875436496,202010200552
739,28754,70,1,8823,Mars Hill,"",79.3380936189505,2532637146.55933,336365.654274913,202010200552
740,28756,79,0,4770,Mill Spring,"",165.618448637317,2319967191.40479,359387.276461913,202010200552
741,28757,10,0,0,Montreat,"",,129672.114624023,2617.87913210505,202010200552
742,28759,113,1,7867,Mills River,"",143.637981441464,710290580.507599,219074.688607406,202010200552
743,28761,217,9,8493,Nebo,"",255.504533144943,3254647047.74689,448908.605974669,202010200552
744,28762,132,2,7603,Old Fort,"",173.615678021834,2996741187.4848,387268.208256283,202010200552
745,28763,38,1,2864,Otto,"",132.68156424581,1145043002.66425,202810.842815888,202010200552
746,28766,11,0,1526,Penrose,"",72.083879423329,159626292.482056,88900.5625977206,202010200552
747,28768,92,0,7895,Pisgah Forest,"",116.529449018366,2244655883.74216,321689.536597621,202010200552
748,28771,225,7,8212,Robbinsville,"",273.989283974671,9086438704.3884,732920.807564289,202010200552
749,28772,3,0,1942,Rosman,"",15.4479917610711,577124059.134399,256613.212684218,202010200552
750,28773,67,4,3508,Saluda,"",190.992018244014,1396855034.24573,267712.497423626,202010200552
751,28774,20,0,1569,Sapphire,"",127.469725940089,1130246511.80005,224488.61951138,202010200552
752,28775,7,1,493,Scaly Mountain,"",141.987829614604,456631744.06662,130336.94180952,202010200552
753,28777,469,4,10391,Spruce Pine,"",451.352131652392,1968811938.32007,332780.684408785,202010200552
754,28778,137,1,10803,Swannanoa,"",126.816625011571,692162823.950317,188030.795128165,202010200552
755,28779,239,2,17610,Sylva,"",135.718341851221,3287520334.70795,472387.421611018,202010200552
756,28781,8,0,957,Topton,"",83.594566353187,2402982140.90009,297913.620657844,202010200552
757,28782,95,5,6512,Tryon,"",145.884520884521,1239852111.02036,390005.579825198,202010200552
758,28783,32,2,1905,Tuckasegee,"",167.979002624672,2507065764.50815,412465.098737654,202010200552
759,28785,54,0,8309,Waynesville,"",64.989770128776,4680111391.07288,434987.630089387,202010200552
760,28786,183,1,21837,Waynesville,"",83.8027201538673,2130537927.5513,319219.020654079,202010200552
761,28787,251,1,20681,Weaverville,"",121.367438711861,2146776657.76654,337936.038355962,202010200552
762,28789,67,1,6551,Whittier,"",102.274461914212,1731085189.80936,281392.474737519,202010200552
763,28790,48,0,3775,Zirconia,"",127.152317880795,1184634316.47168,272368.233599775,202010200552
764,28791,295,10,15811,Hendersonville,"",186.578964012396,466838231.125,123544.27336528,202010200552
765,28792,991,41,37949,Hendersonville,"",261.139950986851,2892120004.20319,483608.715059927,202010200552
766,28801,219,5,16782,Asheville,"",130.496961029675,142991050.123962,66531.4000304091,202010200552
767,28803,478,13,34731,Asheville,"",137.629207336385,1148499781.62708,221583.067984848,202010200552
768,28804,200,6,23302,Asheville,"",85.8295425285383,818376430.368896,216401.982596761,202010200552
769,28805,256,12,20394,Asheville,"",125.527115818378,743578799.615234,203043.782551956,202010200552
770,28806,842,31,43841,Asheville,"",192.057662918273,1123591112.45288,297671.815966071,202010200552
771,28901,187,5,6039,Andrews,"",309.653916211293,1881090750.42804,271571.032581688,202010200552
772,28902,29,0,1562,Brasstown,"",185.659411011524,645585335.657318,162521.113458697,202010200552
773,28904,153,3,9535,Hayesville,"",160.4614577871,5317145252.91805,403950.005454209,202010200552
774,28905,63,1,3548,Marble,"",177.564825253664,1058320723.96715,269002.244098821,202010200552
775,28906,446,6,20296,Murphy,"",219.747733543555,9849733400.34212,586826.324547444,202010200552
776,28909,13,0,1068,Warne,"",121.722846441948,269492752.319427,107722.293423693,202010200552
777,27969,,,0,Roduco,Population <500 and Cases <5,,724387.010986328,3958.82496624679,202010200552
778,28253,,,0,Charlotte,Population <500 and Cases <5,,133339.295837402,3050.2273713774,202010200552
779,28608,21,0,0,Boone,"",,274774.708862305,3583.90419251761,202010200552
780,27533,445,2,0,"","",456,18055719.4014893,15817.3715737294,202010200552
