OBJECTID,ZIPCode,Cases,Deaths,TotalPop,Place,Note,RatePer10K,Shape__Area,Shape__Length,DataGatherTS
1,27006,104,3,14872,Advance,"",69.9300699300699,1744189234.37061,355282.663136038,202009081151
2,27007,30,0,2136,Ararat,"",140.449438202247,592499585.594238,195922.003442792,202009081151
3,27009,9,0,2937,Belews Creek,"",30.6435137895812,618093097.011353,191244.647442635,202009081151
4,27011,66,0,5411,Boonville,"",121.973757161338,1489580093.86462,316910.589814884,202009081151
5,27012,380,7,28954,Clemmons,"",131.242660772259,1176567385.86804,255774.303165276,202009081151
6,27013,88,2,6495,Cleveland,"",135.48883756736,2066336247.98627,379169.285246239,202009081151
7,27014,7,0,957,Cooleemee,"",73.1452455590387,21479098.032959,22299.1178929161,202009081151
8,27016,19,0,1682,Danbury,"",112.960760998811,1068209590.0686,211061.413302457,202009081151
9,27017,196,1,9499,Dobson,"",206.337509211496,2962951682.04883,566348.974052304,202009081151
10,27018,109,2,8221,East Bend,"",132.587276487045,2331567909.96985,255811.974556888,202009081151
11,27019,34,0,4234,Germanton,"",80.3023145961266,977414017.819214,270248.259734795,202009081151
12,27020,125,2,6104,Hamptonville,"",204.78374836173,2114111622.36755,316969.486887135,202009081151
13,27021,144,1,17979,King,"",80.0934423494077,1469376476.14172,210392.900707099,202009081151
14,27022,10,0,1512,Lawsonville,"",66.1375661375661,918745327.278442,200803.000966771,202009081151
15,27023,149,1,12775,Lewisville,"",116.634050880626,807172159.002075,183078.980128527,202009081151
16,27024,22,1,2683,Lowgap,"",81.9977636973537,1265827411.39758,278411.484773322,202009081151
17,27025,212,0,11117,Madison,"",190.698929567329,2714649364.33142,468723.596670606,202009081151
18,27027,36,0,4017,Mayodan,"",89.6191187453323,548179131.574585,172371.363079245,202009081151
19,27028,392,3,28039,Mocksville,"",139.805271229359,5475621774.30664,567238.136149725,202009081151
20,27030,599,10,37641,Mount Airy,"",159.134985786775,4824085732.75671,624989.724929863,202009081151
21,27040,118,1,13150,Pfafftown,"",89.7338403041825,763349953.536133,205025.773716105,202009081151
22,27041,80,0,8020,Pilot Mountain,"",99.7506234413965,1629462738.40637,324677.141569035,202009081151
23,27042,9,1,720,Pine Hall,"",125,290758639.069458,113971.243586081,202009081151
24,27043,79,1,6442,Pinnacle,"",122.632722756908,1935795027.06067,395674.180712496,202009081151
25,27045,160,2,9583,Rural Hall,"",166.962329124491,666085549.25769,154538.589918543,202009081151
26,27046,12,0,1953,Sandy Ridge,"",61.4439324116743,1237681699.0647,217125.573744555,202009081151
27,27047,7,0,1279,Siloam,"",54.7302580140735,576295820.815674,144984.839113672,202009081151
28,27048,76,0,8902,Stoneville,"",85.3740732419681,2355000804.03674,325454.766660313,202009081151
29,27050,33,0,4084,Tobaccoville,"",80.8031341821743,703876500.567505,219088.1792708,202009081151
30,27051,91,1,8287,Walkertown,"",109.810546639315,524680317.775635,151066.808563308,202009081151
31,27052,74,0,10061,Walnut Cove,"",73.551336845244,2710320219.82117,403203.611044297,202009081151
32,27053,18,0,3156,Westfield,"",57.0342205323194,2152815477.55933,413464.446930882,202009081151
33,27054,40,0,2608,Woodleaf,"",153.374233128834,778193820.583862,201172.963339102,202009081151
34,27055,290,2,14521,Yadkinville,"",199.710763721507,3115987965.39453,403366.49229781,202009081151
35,27101,291,6,24321,Winston Salem,"",119.649685457012,356085731.400146,162957.922513793,202009081151
36,27103,552,13,36071,Winston Salem,"",153.031521166588,527249856.672729,146399.561156354,202009081151
37,27104,413,11,29383,Winston Salem,"",140.557465200967,337669863.683838,130394.134288752,202009081151
38,27105,1017,9,40186,Winston Salem,"",253.073209575474,950547784.577881,208375.813794777,202009081151
39,27106,789,7,51378,Winston Salem,"",153.567674880299,787324720.967285,203893.681115083,202009081151
40,27107,1148,13,52432,Winston Salem,"",218.950259383583,1859279716.41162,319111.813640457,202009081151
41,27127,769,5,38510,Winston Salem,"",199.688392625292,820319160.873047,213438.375685158,202009081151
42,27157,10,0,5,Winston Salem,"",,827769.094482422,4216.57245655308,202009081151
43,27203,698,17,21876,Asheboro,"",319.071128176998,589408161.410522,188062.356665824,202009081151
44,27205,620,7,34549,Asheboro,"",179.455266433182,6255653514.79199,588011.232518038,202009081151
45,27207,80,1,3806,Bear Creek,"",210.194429847609,2300194678.82397,473699.237818467,202009081151
46,27208,39,0,1691,Bennett,"",230.63276167948,1029479783.1405,215638.108979383,202009081151
47,27209,289,11,4151,Biscoe,"",696.21777884847,1198089302.20734,259108.004034657,202009081151
48,27212,55,0,1600,Blanch,"",343.75,1328181375.12305,277007.39975067,202009081151
49,27214,117,1,11747,Browns Summit,"",99.5998978462586,1414533235.94788,324969.092830869,202009081151
50,27215,737,5,44892,Burlington,"",164.171790073955,1827823774.30115,298200.358945539,202009081151
51,27217,1308,36,39111,Burlington,"",334.43276827491,3473433663.33496,513818.51476852,202009081151
52,27229,200,2,4014,Candor,"",498.25610363727,2747739848.89313,367384.611313313,202009081151
53,27231,15,0,2048,Cedar Grove,"",73.2421875,987771348.581177,209108.769362036,202009081151
54,27233,19,0,3647,Climax,"",52.0976144776529,703252829.253662,187154.002103638,202009081151
55,27235,49,0,4575,Colfax,"",107.103825136612,380654027.583252,148521.339190303,202009081151
56,27239,77,3,9629,Denton,"",79.9667670578461,4319759872.9696,429373.198159064,202009081151
57,27242,35,0,2668,Eagle Springs,"",131.184407796102,1480408484.01825,321391.030328654,202009081151
58,27243,58,1,4665,Efland,"",124.33011789925,1142332751.10315,311755.144165646,202009081151
59,27244,119,0,16259,Elon,"",73.1902331016668,1541989025.453,399696.340130384,202009081151
60,27248,54,2,4835,Franklinville,"",111.685625646329,942909114.352783,215710.992817749,202009081151
61,27249,134,1,13355,Gibsonville,"",100.336952452265,1679803774.77087,397477.611919868,202009081151
62,27252,13,1,2264,Goldston,"",57.4204946996466,1142470673.17163,220926.147155476,202009081151
63,27253,787,3,31464,Graham,"",250.127129417747,2351372927.78931,521476.969804177,202009081151
64,27258,134,1,7740,Haw River,"",173.12661498708,473631125.268677,312686.877842211,202009081151
65,27260,502,13,25696,High Point,"",195.361145703611,348441568.963501,133229.878739789,202009081151
66,27262,361,5,24764,High Point,"",145.776126635439,368730084.700928,171087.864383377,202009081151
67,27263,304,2,22320,High Point,"",136.200716845878,1121512604.52234,249658.228757679,202009081151
68,27265,588,21,50038,High Point,"",117.510691874176,1172957282.41284,307481.490778656,202009081151
69,27268,13,0,1695,High Point,"",76.6961651917404,2495618.64758301,8251.66869064816,202009081151
70,27278,285,0,27181,Hillsborough,"",104.852654427725,2885765742.02771,502574.675043234,202009081151
71,27281,46,0,3710,Jackson Springs,"",123.989218328841,2095606802.2608,479969.724586594,202009081151
72,27282,174,3,16597,Jamestown,"",104.838223775381,404066994.873657,168803.970950205,202009081151
73,27283,34,1,2982,Julian,"",114.0174379611,711286368.914917,161239.518798817,202009081151
74,27284,658,7,56201,Kernersville,"",117.079767263928,2233069317.10205,420748.080109325,202009081151
75,27288,269,1,23585,Eden,"",114.055543777825,1951079100.05676,304615.616752016,202009081151
76,27291,4,0,1538,Leasburg,"",26.0078023407022,1492904663.44434,314720.365319101,202009081151
77,27292,606,6,41465,Lexington,"",146.147353189437,4270233445.18579,407599.915340798,202009081151
78,27295,493,15,39191,Lexington,"",125.794187440994,3631502180.53174,466742.919509858,202009081151
79,27298,133,0,10440,Liberty,"",127.394636015326,2639148530.03284,431527.987760386,202009081151
80,27299,75,0,5254,Linwood,"",142.748382185002,822543412.257813,203597.604040365,202009081151
81,27301,92,2,10019,Mc Leansville,"",91.8255314901687,900133716.655151,287107.537324028,202009081151
82,27302,406,0,32302,Mebane,"",125.688811838276,3198656461.27478,644303.59427532,202009081151
83,27305,32,1,1585,Milton,"",201.892744479495,687167820.539429,263836.485514183,202009081151
84,27306,139,3,5945,Mount Gilead,"",233.80992430614,5305900334.83325,426306.558627535,202009081151
85,27310,67,1,8562,Oak Ridge,"",78.2527446858211,526240082.103149,140986.043049622,202009081151
86,27311,20,0,3220,Pelham,"",62.111801242236,1338371966.32642,293760.993606137,202009081151
87,27312,212,19,22205,Pittsboro,"",95.4739923440667,5005768374.64233,617961.777569282,202009081151
88,27313,123,16,7288,Pleasant Garden,"",168.770581778266,760352714.59021,181619.740165306,202009081151
89,27314,7,0,1138,Prospect Hill,"",61.5114235500879,773578280.842896,162162.976448062,202009081151
90,27315,12,0,2140,Providence,"",56.0747663551402,697810511.310425,179457.95829655,202009081151
91,27316,186,11,7156,Ramseur,"",259.921743991056,1975410509.03577,278228.393914438,202009081151
92,27317,244,4,17851,Randleman,"",136.687020334995,1700826686.43616,339539.515262609,202009081151
93,27320,337,6,38894,Reidsville,"",86.6457551293259,6966725984.64832,658218.836963247,202009081151
94,27325,236,2,7676,Robbins,"",307.45179781136,2401051783.47894,409075.895347679,202009081151
95,27326,32,2,3692,Ruffin,"",86.6738894907909,1884156536.74561,359587.547530237,202009081151
96,27330,950,9,39529,Sanford,"",240.329884388677,6011213414.18433,528161.840140257,202009081151
97,27332,640,5,33549,Sanford,"",190.765745625801,2996782209.29614,417113.164836099,202009081151
98,27340,,,34,Saxapahaw,Population <500 and Cases <5,,694758.987792969,3852.87240074502,202009081151
99,27341,71,0,5820,Seagrove,"",121.993127147766,2678433259.4787,311632.157547413,202009081151
100,27343,8,0,1840,Semora,"",43.4782608695652,1390260353.39624,348769.311430722,202009081151
101,27344,879,22,19290,Siler City,"",455.676516329705,4591228058.44531,607903.308882544,202009081151
102,27349,56,1,5850,Snow Camp,"",95.7264957264957,1831279532.651,381750.490582419,202009081151
103,27350,68,0,7508,Sophia,"",90.5700586041556,1066449848.573,204602.636460839,202009081151
104,27355,49,0,3196,Staley,"",153.316645807259,1016358702.6969,245160.332752788,202009081151
105,27356,78,1,3513,Star,"",222.03245089667,1815293543.21783,348288.37985576,202009081151
106,27357,79,1,8325,Stokesdale,"",94.8948948948949,1273124268.28796,223115.118835702,202009081151
107,27358,165,1,15960,Summerfield,"",103.383458646617,1557557662.14905,323017.176053331,202009081151
108,27360,802,8,48331,Thomasville,"",165.939045333223,2458732404.91687,372395.85217249,202009081151
109,27370,149,1,14622,Trinity,"",101.901244699767,1663817222.16028,344702.900725307,202009081151
110,27371,201,2,7778,Troy,"",258.421187966058,4076136455.00793,473833.643450898,202009081151
111,27376,127,5,9884,West End,"",128.490489680291,1781050002.06519,320932.333330313,202009081151
112,27377,122,0,9597,Whitsett,"",127.123059289361,736936774.92627,183024.518653502,202009081151
113,27379,62,1,6057,Yanceyville,"",102.360904738319,2663338769.75159,422550.665080929,202009081151
114,27401,313,9,20221,Greensboro,"",154.789575194105,171748092.127686,100334.769337553,202009081151
115,27403,214,8,21278,Greensboro,"",100.573362158098,159396286.028687,87465.2545388649,202009081151
116,27405,939,17,52510,Greensboro,"",178.823081317844,886695637.391357,284328.526421691,202009081151
117,27406,875,39,60755,Greensboro,"",144.021068224837,1894160074.00403,327705.317343953,202009081151
118,27407,822,12,49837,Greensboro,"",164.937696891867,840498790.451172,227731.576408348,202009081151
119,27408,196,0,17406,Greensboro,"",112.604848902677,221403500.549561,80148.1616765212,202009081151
120,27409,221,2,17953,Greensboro,"",123.099203475742,603872824.646484,239783.02449594,202009081151
121,27410,477,7,56968,Greensboro,"",83.7312175256284,859363574.914917,272309.563854046,202009081151
122,27411,1,0,847,Greensboro,"",11.8063754427391,713742.998291016,5860.23208289576,202009081151
123,27412,1,0,1886,Greensboro,"",5.30222693531283,4771290.83532715,13054.7888333439,202009081151
124,27455,300,9,29197,Greensboro,"",102.750282563277,816075696.678345,198282.860420201,202009081151
125,27498,,,13,Greensboro,Population <500 and Cases <5,,3369264.12316895,7774.18760349114,202009081151
126,27501,321,1,21338,Angier,"",150.435842159528,1683348454.90833,329143.189780915,202009081151
127,27502,381,3,43747,Apex,"",87.0916862870597,840126405.51062,242725.298081049,202009081151
128,27503,29,0,7222,Bahama,"",40.1550816948214,1054708975.44934,246183.053747647,202009081151
129,27504,281,4,16320,Benson,"",172.18137254902,2584462015.08862,486262.181304732,202009081151
130,27505,137,5,7308,Broadway,"",187.465790914067,1509842573.20557,320128.840505679,202009081151
131,27507,25,1,2053,Bullock,"",121.773015099854,1354883649.98218,266873.357504053,202009081151
132,27508,49,0,2340,Bunn,"",209.401709401709,312599782.273071,114289.902416244,202009081151
133,27509,652,27,6935,Butner,"",940.158615717376,507253453.414795,156294.942704551,202009081151
134,27510,234,4,14543,Carrboro,"",160.90215223819,88705554.5671387,57867.6032694508,202009081151
135,27511,405,3,34041,Cary,"",118.97417819688,333520579.048462,98702.6527265331,202009081151
136,27513,381,2,49003,Cary,"",77.7503418158072,474399121.186279,162336.294574525,202009081151
137,27514,662,17,32847,Chapel Hill,"",201.540475538101,579057212.663452,190879.985276748,202009081151
138,27516,668,12,44117,Chapel Hill,"",151.415554094793,2564236091.9281,438904.079251583,202009081151
139,27517,307,3,28831,Chapel Hill,"",106.482605528771,1520140847.99951,299162.993678501,202009081151
140,27518,177,1,22765,Cary,"",77.7509334504722,262665807.612671,130741.025823352,202009081151
141,27519,441,4,59960,Cary,"",73.549032688459,609072010.422363,166930.324843009,202009081151
142,27520,902,26,43958,Clayton,"",205.195868783839,1962402119.35425,374945.851452289,202009081151
143,27521,115,1,7149,Coats,"",160.861658973283,721041350.168091,174373.299688566,202009081151
144,27522,242,1,13652,Creedmoor,"",177.263404629358,2172960809.67273,361578.814896966,202009081151
145,27523,133,0,12782,Apex,"",104.052573932092,1210964088.06177,294058.887697931,202009081151
146,27524,304,3,13532,Four Oaks,"",224.652675140408,3831785222.9375,530912.577014992,202009081151
147,27525,245,1,15534,Franklinton,"",157.718552851809,2660281050.9928,421324.476104612,202009081151
148,27526,541,13,54027,Fuquay Varina,"",100.135117626372,2787678657.25134,460586.982042285,202009081151
149,27527,376,0,30234,Clayton,"",124.363299596481,1261348608.45837,213730.175971786,202009081151
150,27529,926,20,53854,Garner,"",171.946373528429,1666161335.17407,336033.618547781,202009081151
151,27530,621,17,40212,Goldsboro,"",154.4315129812,2920081393.96802,465673.796837526,202009081151
152,27531,2,0,666,Goldsboro,"",30.03003003003,123956304.007813,71472.4653387502,202009081151
153,27534,541,10,31819,Goldsboro,"",170.02419937773,1995982542.31616,394454.137280507,202009081151
154,27536,444,31,16459,Henderson,"",269.761224861778,359552678.037964,148817.062353839,202009081151
155,27537,438,10,25321,Henderson,"",172.978950278425,5545289733.50195,795404.906342346,202009081151
156,27539,253,2,26567,Apex,"",95.2309255843716,805959451.628174,335082.894750929,202009081151
157,27540,352,1,39075,Holly Springs,"",90.083173384517,1299006108.57275,339054.617126205,202009081151
158,27541,32,0,4044,Hurdle Mills,"",79.1295746785361,1979862536.66309,328579.598479954,202009081151
159,27542,143,3,10043,Kenly,"",142.387732749179,2499059670.1123,366253.348192187,202009081151
160,27544,46,0,4291,Kittrell,"",107.201118620368,1645813165.28467,322022.503716068,202009081151
161,27545,635,22,30327,Knightdale,"",209.384376957826,885541868.759766,219250.012614228,202009081151
162,27546,328,25,22436,Lillington,"",146.193617400606,3433026188.83105,510775.88711738,202009081151
163,27549,527,26,25224,Louisburg,"",208.928005074532,6636124442.18066,817297.028533166,202009081151
164,27551,20,1,2205,Macon,"",90.702947845805,2443966870.98499,402849.299843212,202009081151
165,27553,25,0,2030,Manson,"",123.152709359606,1245206626.07959,217969.561788749,202009081151
166,27556,6,0,298,Middleburg,"",201.342281879195,67850312.0914307,63490.7222823736,202009081151
167,27557,155,0,9214,Middlesex,"",168.222270457999,2046463550.40088,338861.342265204,202009081151
168,27559,27,0,2874,Moncure,"",93.9457202505219,1458825370.29968,366837.077035256,202009081151
169,27560,332,1,33691,Morrisville,"",98.542637499629,794384947.373291,268297.11970144,202009081151
170,27562,28,0,2791,New Hill,"",100.322465066284,1862081556.93738,349507.762295745,202009081151
171,27563,97,1,5312,Norlina,"",182.605421686747,1943381370.69177,412640.540954252,202009081151
172,27565,549,23,26057,Oxford,"",210.69194458303,9219811779.9552,826827.222809144,202009081151
173,27569,169,0,8984,Princeton,"",188.112199465717,2107084820.73511,313917.550563748,202009081151
174,27571,67,0,7385,Rolesville,"",90.7244414353419,149121249.193359,94251.9264704589,202009081151
175,27572,58,0,7316,Rougemont,"",79.2782941498086,3003228111.9873,397658.617230022,202009081151
176,27573,111,6,11561,Roxboro,"",96.0124556699247,501787874.430542,219611.309648669,202009081151
177,27574,123,0,15232,Roxboro,"",80.7510504201681,5527133817.3114,691755.452465683,202009081151
178,27576,578,7,20197,Selma,"",286.181116007328,2407427117.65723,339571.106645256,202009081151
179,27577,660,5,25214,Smithfield,"",261.759340049179,2877290650.99841,416726.966278933,202009081151
180,27581,45,0,3956,Stem,"",113.751263902932,1038615853.81189,246789.101888964,202009081151
181,27583,80,0,7012,Timberlake,"",114.090131203651,1327957318.65857,326956.719649922,202009081151
182,27587,845,30,74087,Wake Forest,"",114.055097385506,3132804734.81897,700749.84181148,202009081151
183,27589,123,4,8312,Warrenton,"",147.978825794033,4790731000.68542,626837.217934379,202009081151
184,27591,398,4,23448,Wendell,"",169.737291026953,1913446220.02844,380727.392057269,202009081151
185,27592,240,1,17368,Willow Spring,"",138.185168125288,1090932847.86865,312475.180771683,202009081151
186,27596,206,1,18655,Youngsville,"",110.426159206647,1519151285.28821,344366.073155402,202009081151
187,27597,404,3,25494,Zebulon,"",158.468659292383,3191967656.80884,568385.679042481,202009081151
188,27599,8,0,0,Chapel Hill,"",,4275416.30163574,15555.1510255833,202009081151
189,27601,152,2,12139,Raleigh,"",125.216245160227,49970514.2080078,41226.7428180515,202009081151
190,27603,931,5,55479,Raleigh,"",167.811243894086,1420350588.63403,346107.072534996,202009081151
191,27604,1107,19,47645,Raleigh,"",232.34337286179,550434833.049927,194088.121184431,202009081151
192,27605,87,2,5253,Raleigh,"",165.619645916619,26954475.7900391,26465.2700663817,202009081151
193,27606,713,2,47938,Raleigh,"",148.733781133965,750229681.939209,267151.497057326,202009081151
194,27607,502,1,30296,Raleigh,"",165.698442038553,519162282.902344,200611.380547666,202009081151
195,27608,147,1,11603,Raleigh,"",126.691372920796,91889809.9622803,55583.7467967219,202009081151
196,27609,643,8,38631,Raleigh,"",166.44663612125,310136046.756592,95880.163026763,202009081151
197,27610,2278,39,74203,Raleigh,"",306.995674029352,1211166911.84558,327751.489063642,202009081151
198,27612,489,6,39208,Raleigh,"",124.719445011222,428868509.332275,164483.082879678,202009081151
199,27613,463,5,46521,Raleigh,"",99.5249457234367,675406849.409912,184431.643996557,202009081151
200,27614,354,3,37689,Raleigh,"",93.9266098861737,829063194.918701,218912.319813944,202009081151
201,27615,564,14,46038,Raleigh,"",122.507493809462,525952454.993774,134192.839940925,202009081151
202,27616,1062,5,55260,Raleigh,"",192.182410423453,646426991.218628,201092.505637391,202009081151
203,27617,209,0,19511,Raleigh,"",107.119061042489,230483847.672241,125016.743498849,202009081151
204,27701,623,5,26489,Durham,"",235.191966476651,147212202.097778,89264.6755119976,202009081151
205,27703,1520,9,61351,Durham,"",247.754722824404,1376809528.09961,349864.156739061,202009081151
206,27704,1446,16,39369,Durham,"",367.29406385735,1307759376.10449,279407.953507315,202009081151
207,27705,1133,37,48078,Durham,"",235.658721244644,1155101566.94189,288440.086812307,202009081151
208,27706,,,10,Durham,Population <500 and Cases <5,,1281872.18347168,6816.757693542,202009081151
209,27707,1041,5,47036,Durham,"",221.319840122459,551326002.510864,228660.826032165,202009081151
210,27708,5,0,4635,Durham,"",10.7874865156419,24140532.868042,39624.2440738689,202009081151
211,27709,20,0,4,Durham,"",,166810196.870483,93465.8554704913,202009081151
212,27710,,,0,Durham,Population <500 and Cases <5,,3645590.83996582,9509.21127183631,202009081151
213,27711,,,62,Durham,Population <500 and Cases <5,,11690491.0200195,25227.7794868175,202009081151
214,27712,376,21,22055,Durham,"",170.482883699841,952678558.948486,239427.124284805,202009081151
215,27713,734,4,53996,Durham,"",135.935995258908,1004016276.63342,186930.768828538,202009081151
216,27801,413,9,21556,Rocky Mount,"",191.59398775283,1947625744.14368,298032.749540484,202009081151
217,27803,328,7,22337,Rocky Mount,"",146.841563325424,1209689022.16736,314786.382274833,202009081151
218,27804,586,10,29160,Rocky Mount,"",200.960219478738,1207912397.80139,237805.719395058,202009081151
219,27805,69,0,3769,Aulander,"",183.072433006102,3260348789.01416,427031.578041759,202009081151
220,27806,16,0,2441,Aurora,"",65.5469070053257,3806890944.80762,575449.481817415,202009081151
221,27807,210,3,6940,Bailey,"",302.593659942363,1393278091.89233,266050.599193056,202009081151
222,27808,32,1,2481,Bath,"",128.980249899234,1375581489.5946,320371.987641635,202009081151
223,27809,112,2,5254,Battleboro,"",213.170917396269,2127311815.53979,418206.140952668,202009081151
224,27810,40,0,4224,Belhaven,"",94.6969696969697,5320714553.85889,863428.562860575,202009081151
225,27812,39,0,2951,Bethel,"",132.15859030837,1796512894.90283,307599.921723871,202009081151
226,27813,4,0,687,Black Creek,"",58.2241630276565,17954681.8726807,21851.3845296183,202009081151
227,27814,17,0,1801,Blounts Creek,"",94.3920044419767,2084052221.88855,349050.345630614,202009081151
228,27816,39,0,2634,Castalia,"",148.063781321185,1727056405.90051,269780.663460198,202009081151
229,27817,107,0,7777,Chocowinity,"",137.585187090138,3011254799.10022,441922.251479678,202009081151
230,27818,27,0,1269,Como,"",212.765957446809,1775223218.97412,291672.91933713,202009081151
231,27820,39,2,3292,Conway,"",118.469015795869,1787180209.86865,300570.413456991,202009081151
232,27821,,,343,Edward,Population <500 and Cases <5,,180879118.265869,102716.617789089,202009081151
233,27822,148,3,9119,Elm City,"",162.298497642285,2421416079.34338,500329.938801193,202009081151
234,27823,151,0,7812,Enfield,"",193.292370711726,5279947738.18738,591795.38238411,202009081151
235,27824,23,0,1540,Engelhard,"",149.350649350649,5755622445.56714,766498.765242208,202009081151
236,27826,21,1,1245,Fairfield,"",168.674698795181,5502010014.61365,681909.128335756,202009081151
237,27827,,,99,Falkland,Population <500 and Cases <5,,6818760.54968262,12365.1347191574,202009081151
238,27828,104,0,9031,Farmville,"",115.158897132101,1954373169.79175,304535.643741104,202009081151
239,27829,19,1,1872,Fountain,"",101.495726495727,1242859232.87109,276952.810668188,202009081151
240,27830,70,1,4858,Fremont,"",144.092219020173,1661392631.86707,301522.072838785,202009081151
241,27831,55,1,3588,Garysburg,"",153.288740245262,1733783751.73071,369102.732751728,202009081151
242,27832,56,0,2912,Gaston,"",192.307692307692,1029571544.94922,217897.088475999,202009081151
243,27834,1206,8,57505,Greenville,"",209.720893835319,5082356628.8689,890421.476518531,202009081151
244,27837,78,0,6506,Grimesland,"",119.889332923455,1710764546.60681,462288.004070908,202009081151
245,27839,37,0,3702,Halifax,"",99.9459751485683,3728459644.54443,454921.143892168,202009081151
246,27840,21,2,535,Hamilton,"",392.523364485981,127567387.286499,59155.8177418193,202009081151
247,27841,,,84,Hassell,Population <500 and Cases <5,,5972995.94189453,12505.2057352129,202009081151
248,27842,12,0,1436,Henrico,"",83.5654596100279,414285932.678223,116849.514846702,202009081151
249,27843,15,0,946,Hobgood,"",158.562367864693,1458584246.23853,232329.162988765,202009081151
250,27844,71,0,3039,Hollister,"",233.629483382692,1251113401.94934,274076.283965929,202009081151
251,27845,17,0,2841,Jackson,"",59.8380851812742,2842001076.66528,416912.567186113,202009081151
252,27846,38,0,3069,Jamesville,"",123.818833496253,3050744149.28796,442133.927899832,202009081151
253,27847,21,0,1071,Kelford,"",196.078431372549,1048559305.60547,265580.578438826,202009081151
254,27849,29,0,1483,Lewiston Woodville,"",195.549561699258,2062202839.65674,367759.436044123,202009081151
255,27850,54,0,7413,Littleton,"",72.8450020234723,5554617534.52942,570792.398502674,202009081151
256,27851,112,0,5595,Lucama,"",200.17873100983,1253082833.57764,200836.347936783,202009081151
257,27852,44,0,3454,Macclesfield,"",127.388535031847,1418996205.83582,268041.951522527,202009081151
258,27853,9,0,436,Margarettsville,"",206.422018348624,1061331085.73535,233986.055045062,202009081151
259,27855,120,1,6105,Murfreesboro,"",196.560196560197,1379257056.24951,246550.621363096,202009081151
260,27856,281,2,17301,Nashville,"",162.418357320386,3696764195.94336,508647.139191863,202009081151
261,27857,40,1,1601,Oak City,"",249.843847595253,2180191629.70935,354763.313675516,202009081151
262,27858,1531,5,58170,Greenville,"",263.194086298779,1683129152.90881,395293.630437,202009081151
263,27860,41,1,2062,Pantego,"",198.836081474297,4384086912.80859,475177.331131482,202009081151
264,27862,8,0,945,Pendleton,"",84.6560846560847,1337735767.81812,305131.144563485,202009081151
265,27863,155,1,12670,Pikeville,"",122.336227308603,1822358483.62146,414140.550515842,202009081151
266,27864,92,1,4823,Pinetops,"",190.752643582832,1058515929.69434,223861.53375515,202009081151
267,27865,19,0,2003,Pinetown,"",94.8577134298552,3183419700.15735,407140.115990912,202009081151
268,27866,12,1,672,Pleasant Hill,"",178.571428571429,548856343.547363,183824.668332886,202009081151
269,27869,74,11,2167,Rich Square,"",341.48592524227,2314340977.34839,283794.508144883,202009081151
270,27870,414,11,26633,Roanoke Rapids,"",155.446250891751,1958976214.39966,237465.130853914,202009081151
271,27871,64,2,4466,Robersonville,"",143.304970891178,2640265625.23401,370404.169208956,202009081151
272,27872,6,0,429,Roxobel,"",139.86013986014,78668396.3901367,60062.9164687203,202009081151
273,27874,60,0,4766,Scotland Neck,"",125.891733109526,3988089594.78687,425091.541566969,202009081151
274,27875,4,0,511,Scranton,"",78.2778864970646,1462926064.75208,668994.049821798,202009081151
275,27876,24,1,1290,Seaboard,"",186.046511627907,1161065802.28784,286123.221519332,202009081151
276,27880,75,0,3280,Sims,"",228.658536585366,661768421.449585,178936.521495753,202009081151
277,27881,,,323,Speed,Population <500 and Cases <5,,45624486.2655029,35379.3892263349,202009081151
278,27882,167,3,7927,Spring Hope,"",210.67238551785,2721376125.90833,404465.358087667,202009081151
279,27883,66,1,4361,Stantonsburg,"",151.341435450585,2149873597.18677,378850.12800901,202009081151
280,27884,14,0,1545,Stokes,"",90.6148867313916,1118165618.53992,178810.199825372,202009081151
281,27885,55,2,859,Swanquarter,"",640.279394644936,3236637890.30994,778832.459471456,202009081151
282,27886,428,11,21595,Tarboro,"",198.194026394999,5534275751.92761,530150.851444626,202009081151
283,27888,61,0,2803,Walstonburg,"",217.623974313236,1661899290.0293,260588.447365408,202009081151
284,27889,446,8,27543,Washington,"",161.928620702175,4746901259.41052,624948.845007958,202009081151
285,27890,45,2,2398,Weldon,"",187.656380316931,250295126.203369,88214.5142201125,202009081151
286,27891,77,3,5011,Whitakers,"",153.661943723808,3802342458.24487,551887.618669609,202009081151
287,27892,234,3,14363,Williamston,"",162.918610318179,4740161664.64209,528153.604658045,202009081151
288,27893,1036,21,40647,Wilson,"",254.877358722661,3134674028.43115,441390.734015219,202009081151
289,27896,350,11,21212,Wilson,"",165.000942862531,1013992738.34033,260787.736893695,202009081151
290,27897,45,1,2467,Woodland,"",182.407782732063,1262848506.99878,250563.523857377,202009081151
291,27909,564,26,40958,Elizabeth City,"",137.702036232238,6356628470.42627,720925.199090358,202009081151
292,27910,379,16,11609,Ahoskie,"",326.470841588423,3854004911.8667,558805.248838311,202009081151
293,27915,11,0,758,Avon,"",145.118733509235,132797325.68457,159985.858445685,202009081151
294,27916,2,0,554,Aydlett,"",36.101083032491,175446906.710938,88834.9392660151,202009081151
295,27917,2,0,1084,Barco,"",18.450184501845,583346697.773926,150643.300800981,202009081151
296,27919,13,0,1211,Belvidere,"",107.349298100743,1805677755.21484,260299.205087965,202009081151
297,27920,28,0,1415,Buxton,"",197.879858657244,251417477.481567,169552.58818934,202009081151
298,27921,46,3,5366,Camden,"",85.7249347745061,2216306760.15601,371309.805402765,202009081151
299,27922,21,0,1107,Cofield,"",189.70189701897,1372106941.59424,230585.938382193,202009081151
300,27923,2,0,990,Coinjock,"",20.2020202020202,442853112.258789,222994.427279021,202009081151
301,27924,71,1,3509,Colerain,"",202.336848104873,2545571117.46045,325068.518729581,202009081151
302,27925,107,2,4164,Columbia,"",256.964457252642,9421043776.67224,822613.133571787,202009081151
303,27926,11,0,1965,Corapeake,"",55.9796437659033,1084179276.0813,176947.978129327,202009081151
304,27927,5,0,613,Corolla,"",81.5660685154975,685869287.21875,1266393.74615984,202009081151
305,27928,46,0,1888,Creswell,"",243.64406779661,3736346955.86023,344143.792077436,202009081151
306,27929,3,0,1949,Currituck,"",15.3925089789636,352573124.774658,146317.944454099,202009081151
307,27932,200,3,12644,Edenton,"",158.177791838026,3509551689.6084,391797.495792958,202009081151
308,27935,15,2,1674,Eure,"",89.6057347670251,1443577833.21069,213483.780281898,202009081151
309,27936,8,1,961,Frisco,"",83.2466181061395,134638106.065186,108288.074251882,202009081151
310,27937,45,1,4253,Gates,"",105.807665177522,2407949124.70361,290137.740864669,202009081151
311,27938,9,0,1430,Gatesville,"",62.9370629370629,1202645918.03784,229961.178585235,202009081151
312,27939,11,0,3370,Grandy,"",32.6409495548961,296874050.40332,237784.484514939,202009081151
313,27941,4,0,670,Harbinger,"",59.7014925373134,66348159.842041,42125.3614314887,202009081151
314,27942,18,0,936,Harrellsville,"",192.307692307692,927451831.666504,150762.800286803,202009081151
315,27943,8,0,491,Hatteras,"",162.932790224033,82146889.1915283,162150.406610954,202009081151
316,27944,125,1,12230,Hertford,"",102.207686017989,5013940953.42065,828274.577378666,202009081151
317,27946,14,0,1089,Hobbsville,"",128.558310376492,1234977495.96777,250163.996071758,202009081151
318,27947,4,0,845,Jarvisburg,"",47.3372781065089,181991023.044922,117825.87149715,202009081151
319,27948,97,0,12518,Kill Devil Hills,"",77.4884166799808,288939959.776123,266090.270790261,202009081151
320,27949,32,0,7235,Kitty Hawk,"",44.2294402211472,426732703.740967,296487.581606319,202009081151
321,27950,5,0,2183,Knotts Island,"",22.9042601923958,1009906812.90234,393684.159837613,202009081151
322,27953,6,0,992,Manns Harbor,"",60.4838709677419,4841742826.08521,775886.839802653,202009081151
323,27954,35,0,6405,Manteo,"",54.6448087431694,346159524.466309,171104.045001834,202009081151
324,27956,,,328,Maple,Population <500 and Cases <5,,91616147.3259277,62675.9008746753,202009081151
325,27957,32,1,1419,Merry Hill,"",225.510923185342,1345289022.66797,219570.3989813,202009081151
326,27958,68,0,12061,Moyock,"",56.380067987729,2191273226.67993,258895.732965411,202009081151
327,27959,15,1,2451,Nags Head,"",61.1995104039168,464337538.219238,468359.824712585,202009081151
328,27960,4,0,899,Ocracoke,"",44.4938820912125,272996211.932129,221416.979930584,202009081151
329,27962,75,2,7439,Plymouth,"",100.820002688533,2248894843.11377,323982.422404071,202009081151
330,27964,2,0,653,Point Harbor,"",30.6278713629403,40700993.1791992,29044.1496807834,202009081151
331,27965,0,0,611,Poplar Branch,"",0,362463348.010742,286670.577035681,202009081151
332,27966,5,0,1473,Powells Point,"",33.9443312966735,310362212.773438,140593.315765635,202009081151
333,27968,5,0,413,Rodanthe,"",121.065375302663,255307311.38855,376970.397727617,202009081151
334,27970,65,4,3214,Roper,"",202.240199128811,3979984913.95898,386215.845703473,202009081151
335,27972,,,196,Salvo,Population <500 and Cases <5,,25839959.5158691,77591.8753697891,202009081151
336,27973,11,0,1493,Shawboro,"",73.6771600803751,1350823542.63281,279776.313560853,202009081151
337,27974,8,0,1375,Shiloh,"",58.1818181818182,1282875105.52026,448552.234751615,202009081151
338,27976,41,0,3561,South Mills,"",115.136197697276,2739484648.62012,348819.066033239,202009081151
339,27978,,,221,Stumpy Point,Population <500 and Cases <5,,3250437066.68713,488663.160212976,202009081151
340,27979,11,0,1813,Sunbury,"",60.672917815775,2196378526.26221,272849.595585558,202009081151
341,27980,58,0,2075,Tyner,"",279.518072289157,1319096560.03711,208839.628959427,202009081151
342,27981,10,0,1863,Wanchese,"",53.6768652710682,183167116.380371,177755.254740471,202009081151
343,27982,,,0,Waves,Population <500 and Cases <5,,5381164.09509277,11228.317119066,202009081151
344,27983,236,2,10633,Windsor,"",221.95053136462,9431469996.22351,861662.756904591,202009081151
345,27986,50,2,2650,Winton,"",188.679245283019,374234308.870117,153016.850399202,202009081151
346,28001,774,40,28360,Albemarle,"",272.919605077574,3791255242.38873,479491.354130006,202009081151
347,28006,16,0,1136,Alexis,"",140.845070422535,126883649.701416,88485.0702727942,202009081151
348,28012,437,4,24276,Belmont,"",180.013181743286,865729022.118042,170607.841876971,202009081151
349,28016,214,2,14526,Bessemer City,"",147.322043232824,1271825919.55414,236943.686135101,202009081151
350,28018,54,0,5943,Bostic,"",90.8632004038364,2694770404.83051,433562.153950885,202009081151
351,28020,17,0,2464,Casar,"",68.9935064935065,1475633951.64899,260515.821792163,202009081151
352,28021,233,10,13436,Cherryville,"",173.414706757964,1626380587.60425,391038.422631114,202009081151
353,28023,223,1,14843,China Grove,"",150.239169979115,1273875684.14087,277795.952246167,202009081151
354,28025,923,14,55325,Concord,"",166.832354270221,2992149162.05573,466210.81613651,202009081151
355,28027,1197,19,74072,Concord,"",161.599524786694,1903468707.60345,332965.289746403,202009081151
356,28031,473,16,31049,Cornelius,"",152.339849914651,672168572.25116,151594.592125485,202009081151
357,28032,63,0,3249,Cramerton,"",193.905817174515,59161626.1264038,51515.5503878613,202009081151
358,28033,54,1,3362,Crouse,"",160.618679357525,509703222.739563,189532.085619349,202009081151
359,28034,345,8,17859,Dallas,"",193.179909289434,1273410668.68243,215322.291269956,202009081151
360,28036,269,5,18554,Davidson,"",144.982214077827,669928559.48645,197029.793668161,202009081151
361,28037,285,1,23834,Denver,"",119.577074767139,1521729514.62848,312689.389421741,202009081151
362,28039,11,1,428,East Spencer,"",257.009345794393,13759835.5942383,34526.6128305972,202009081151
363,28040,87,1,8270,Ellenboro,"",105.199516324063,1773879551.02985,348064.117544275,202009081151
364,28043,350,6,21472,Forest City,"",163.002980625931,1816346053.52002,348394.442075552,202009081151
365,28052,903,15,36823,Gastonia,"",245.227167802732,1165429048.27631,189783.469072903,202009081151
366,28054,882,15,40184,Gastonia,"",219.490344415688,562652947.772949,139549.083675328,202009081151
367,28056,582,6,35595,Gastonia,"",163.506110408765,1342394953.02258,344787.60681341,202009081151
368,28071,57,1,3198,Gold Hill,"",178.236397748593,1345839018.92865,236923.074375116,202009081151
369,28073,89,1,5606,Grover,"",158.758473064574,702973243.533203,143952.911566798,202009081151
370,28075,257,6,19174,Harrisburg,"",134.035673307604,656107496.741638,238150.023406484,202009081151
371,28077,5,0,557,High Shoals,"",89.7666068222621,25098303.871521,27989.3633622467,202009081151
372,28078,848,11,66079,Huntersville,"",128.331239879538,1870251820.14679,316647.648839996,202009081151
373,28079,526,10,39813,Indian Trail,"",132.117650013815,1221176124.08392,283660.370334182,202009081151
374,28080,82,2,8157,Iron Station,"",100.527154591149,1095921164.38501,240845.709042299,202009081151
375,28081,477,4,28249,Kannapolis,"",168.855534709193,862858421.935425,200259.108957382,202009081151
376,28083,453,6,25877,Kannapolis,"",175.058932642888,582493569.448059,145983.725103448,202009081151
377,28086,500,17,26988,Kings Mountain,"",185.267526307989,2467878462.36133,329807.139806484,202009081151
378,28088,46,0,3059,Landis,"",150.375939849624,72787169.9580688,52885.3256566675,202009081151
379,28090,86,3,8506,Lawndale,"",101.105102280743,2661358061.4715,458218.963524002,202009081151
380,28091,26,0,2353,Lilesville,"",110.497237569061,2694411423.45477,313074.926269122,202009081151
381,28092,596,6,40052,Lincolnton,"",148.806551483072,3216596915.74634,535483.341451103,202009081151
382,28097,95,0,6124,Locust,"",155.127367733508,836579136.406799,181830.474266294,202009081151
383,28098,48,1,4010,Lowell,"",119.700748129676,99103128.4535522,49283.194148661,202009081151
384,28101,6,0,465,Mc Adenville,"",129.032258064516,12210373.4969482,19058.3264759027,202009081151
385,28103,212,1,11346,Marshville,"",186.849991186321,4253866560.83563,449440.107851782,202009081151
386,28104,430,6,32469,Matthews,"",132.434013982568,824578845.587585,325979.692599077,202009081151
387,28105,794,36,45346,Matthews,"",175.098134344815,668165195.784729,278013.840820393,202009081151
388,28107,125,2,8210,Midland,"",152.253349573691,1388640520.38739,250943.513182056,202009081151
389,28110,1193,22,55536,Monroe,"",214.815615096514,3676478383.48267,422255.233862207,202009081151
390,28112,757,8,28060,Monroe,"",269.779044903778,3713382117.46545,318461.97727687,202009081151
391,28114,117,1,9034,Mooresboro,"",129.510737214966,1900066101.23077,346437.871140422,202009081151
392,28115,425,3,41536,Mooresville,"",102.320878274268,2057262512.61176,327151.756863337,202009081151
393,28117,538,2,47608,Mooresville,"",113.006217442447,1555969690.69189,234425.757349855,202009081151
394,28119,69,1,3034,Morven,"",227.422544495715,1970357677.74512,298425.648226889,202009081151
395,28120,364,4,24318,Mount Holly,"",149.683362118595,1001654680.08618,272689.093586748,202009081151
396,28124,94,3,7015,Mount Pleasant,"",133.99857448325,1620148303.23315,301866.136666845,202009081151
397,28125,31,0,2657,Mount Ulla,"",116.672939405344,1169162879.13867,198953.955252748,202009081151
398,28127,378,3,7631,New London,"",495.347922945879,2159940152.89789,468250.659328753,202009081151
399,28128,126,3,8098,Norwood,"",155.593973820696,2054286113.35083,282114.674844027,202009081151
400,28129,95,2,6031,Oakboro,"",157.519482672857,1226619926.53345,219035.034364981,202009081151
401,28133,45,0,2713,Peachland,"",165.868042757095,2384968915.9574,421295.337069002,202009081151
402,28134,267,1,11817,Pineville,"",225.945671490226,248618254.324951,88085.4538299007,202009081151
403,28135,91,0,5968,Polkton,"",152.479892761394,2916374106.84241,475980.429437206,202009081151
404,28137,69,1,3843,Richfield,"",179.547228727557,1223676252.05975,291589.496037827,202009081151
405,28138,143,3,11659,Rockwell,"",122.652028475856,1278406256.12445,357387.534646104,202009081151
406,28139,302,9,20134,Rutherfordton,"",149.995033277044,5078697342.95056,674832.691106946,202009081151
407,28144,655,27,25846,Salisbury,"",253.424127524569,867982991.287292,279505.654446658,202009081151
408,28146,484,5,30382,Salisbury,"",159.304851556843,3012969418.7887,452196.720325258,202009081151
409,28147,782,31,26204,Salisbury,"",298.427720958632,2146390330.37,312495.471896358,202009081151
410,28150,545,16,29296,Shelby,"",186.032222829055,3159764942.52783,579453.815714684,202009081151
411,28152,417,4,26078,Shelby,"",159.904900682568,2247420971.2251,304211.560780765,202009081151
412,28159,62,0,3126,Spencer,"",198.336532309661,51886096.1330566,42602.5220628392,202009081151
413,28160,87,2,4015,Spindale,"",216.687422166874,170326604.450989,70799.3749654705,202009081151
414,28163,57,0,5814,Stanfield,"",98.0392156862745,970276414.142883,191731.821086023,202009081151
415,28164,189,2,15447,Stanley,"",122.353855117499,1144736813.58362,324856.854746788,202009081151
416,28166,96,1,9868,Troutman,"",97.2841507904337,911716953.816406,217041.310552798,202009081151
417,28167,25,1,2418,Union Mills,"",103.39123242349,1934997992.23633,347927.953502144,202009081151
418,28168,127,3,10437,Vale,"",121.682475807224,2469130589.68384,340004.345415379,202009081151
419,28170,223,2,12494,Wadesboro,"",178.485673123099,5053183842.2157,655726.472285971,202009081151
420,28173,843,3,63837,Waxhaw,"",132.055077776211,3045162637.21796,318858.064536165,202009081151
421,28174,227,2,9287,Wingate,"",244.427694626898,985461754.807983,246986.820118662,202009081151
422,28202,401,0,16755,Charlotte,"",239.331542823038,50452583.9099121,34485.9053855683,202009081151
423,28203,437,2,19070,Charlotte,"",229.155742003146,91001089.479126,54761.2733662689,202009081151
424,28204,253,3,8738,Charlotte,"",289.539940489815,48899100.5548096,40761.7265321132,202009081151
425,28205,1503,26,51821,Charlotte,"",290.036857644584,335820474.82135,104910.810677792,202009081151
426,28206,337,1,15244,Charlotte,"",221.070585148255,182577260.697876,71458.050216539,202009081151
427,28207,185,0,9761,Charlotte,"",189.529761294949,68333859.7921753,36157.3958026361,202009081151
428,28208,1160,10,39944,Charlotte,"",290.406569196876,595973347.5495,157267.598078636,202009081151
429,28209,532,3,26012,Charlotte,"",204.520990312164,157335764.525879,72359.4847682198,202009081151
430,28210,1290,17,44704,Charlotte,"",288.564781675018,342547124.476257,112745.958411282,202009081151
431,28211,609,20,31253,Charlotte,"",194.861293315842,292827786.05603,102838.759144167,202009081151
432,28212,1695,20,42744,Charlotte,"",396.546883773161,237710291.866211,96077.3791004252,202009081151
433,28213,1462,16,45338,Charlotte,"",322.466804887732,412614569.613403,162252.089416931,202009081151
434,28214,1082,6,41208,Charlotte,"",262.570374684527,965554836.030151,224926.880987091,202009081151
435,28215,1986,17,60256,Charlotte,"",329.593733404142,782010510.903748,222976.412140327,202009081151
436,28216,1362,14,58744,Charlotte,"",231.853465885878,857978895.941772,184761.316525275,202009081151
437,28217,1465,6,30875,Charlotte,"",474.493927125506,428067925.271423,132462.900799897,202009081151
438,28223,3,0,2941,Charlotte,"",10.2006120367222,16745950.1914673,34959.7943637767,202009081151
439,28226,695,11,40227,Charlotte,"",172.769532900788,430471271.22644,131097.087702525,202009081151
440,28227,1497,15,57319,Charlotte,"",261.169943648703,1173416755.00244,297066.255269002,202009081151
441,28262,924,12,43683,Charlotte,"",211.523933795756,593648477.600464,159979.41236041,202009081151
442,28269,1608,19,81464,Charlotte,"",197.387803201414,840640266.840637,192155.045229048,202009081151
443,28270,383,4,34753,Charlotte,"",110.206313124047,345778417.622314,161555.486865571,202009081151
444,28273,1238,18,40544,Charlotte,"",305.34727703236,614626385.142517,192801.276498243,202009081151
445,28277,911,9,72020,Charlotte,"",126.492640933074,675381884.726379,144850.675101077,202009081151
446,28278,557,2,32539,Charlotte,"",171.179200344202,902762098.137573,246465.469761239,202009081151
447,28301,398,26,17717,Fayetteville,"",224.642998250268,348717238.9104,130217.445212828,202009081151
448,28303,314,0,34600,Fayetteville,"",90.7514450867052,540160738.043701,179304.154504403,202009081151
449,28304,533,10,39651,Fayetteville,"",134.422839272654,491742944.185852,186465.416198877,202009081151
450,28305,72,2,5010,Fayetteville,"",143.712574850299,69895111.336731,49443.8950343603,202009081151
451,28306,578,5,42565,Fayetteville,"",135.792317631857,2090603260.31519,562860.488861907,202009081151
452,28307,83,0,15486,Fort Bragg,"",53.5967971070644,174879596.356018,92732.9092032322,202009081151
453,28308,0,0,737,Pope Army Airfield,"",0,90374263.7665405,45243.1542141805,202009081151
454,28310,160,0,8861,Fort Bragg,"",180.566527479968,506286340.902344,200733.090413706,202009081151
455,28311,452,3,36046,Fayetteville,"",125.395328191755,1336136656.04889,240844.864072535,202009081151
456,28312,231,3,18419,Fayetteville,"",125.413974700038,4341373681.0871,556260.336471475,202009081151
457,28314,735,9,53642,Fayetteville,"",137.0194996458,816473670.87677,185615.29020179,202009081151
458,28315,219,1,13329,Aberdeen,"",164.303398604546,2049308469.85626,494397.056686911,202009081151
459,28318,44,1,4579,Autryville,"",96.0908495304652,2217851356.83313,372935.466158955,202009081151
460,28320,92,1,9381,Bladenboro,"",98.0705681697047,3248490168.58801,381864.201698899,202009081151
461,28323,51,0,4578,Bunnlevel,"",111.402359108781,1112191308.33496,301931.807656215,202009081151
462,28326,226,2,22382,Cameron,"",100.973996961844,3242119864.63824,488036.1730633,202009081151
463,28327,187,2,18273,Carthage,"",102.336781043069,5396542091.08795,586939.342565835,202009081151
464,28328,895,15,26951,Clinton,"",332.084152721606,6810728499.67102,657248.933701038,202009081151
465,28333,370,7,10709,Dudley,"",345.50378186572,1249687746.85376,213915.020571421,202009081151
466,28334,502,3,26215,Dunn,"",191.493419797826,4497238669.98419,544402.158241248,202009081151
467,28337,215,2,11927,Elizabethtown,"",180.263268214974,5069041872.41577,577770.225904475,202009081151
468,28338,70,2,4804,Ellerbe,"",145.71190674438,3935542448.08881,492508.044174153,202009081151
469,28339,120,3,7226,Erwin,"",166.066980348741,1064553458.41333,310656.999787592,202009081151
470,28340,363,16,10738,Fairmont,"",338.051778729745,3757196814.59872,450516.228420329,202009081151
471,28341,194,1,5080,Faison,"",381.889763779528,2787115249.34564,421094.619116887,202009081151
472,28343,18,0,1567,Gibson,"",114.8691767709,458723474.164063,106909.663733147,202009081151
473,28344,88,1,3814,Godwin,"",230.728893550079,1128755315.22852,269142.265002464,202009081151
474,28345,194,4,12656,Hamlet,"",153.286978508217,2126402412.95966,332606.523883072,202009081151
475,28347,29,0,1826,Hoffman,"",158.81708652793,747268691.675964,194334.44204749,202009081151
476,28348,518,3,36052,Hope Mills,"",143.681349162321,1166315651.14276,329846.853315969,202009081151
477,28349,155,12,3955,Kenansville,"",391.908975979772,1959246504.78113,326624.538750416,202009081151
478,28350,6,0,70,Lakeview,"",857.142857142857,7876659.25891113,11657.1581787366,202009081151
479,28351,70,0,5269,Laurel Hill,"",132.852533687607,1788599136.13666,386362.394376361,202009081151
480,28352,573,6,25298,Laurinburg,"",226.50011858645,3264782876.16284,438869.872406896,202009081151
481,28356,51,3,4914,Linden,"",103.785103785104,1497885580.84283,286294.988335977,202009081151
482,28357,57,1,3224,Lumber Bridge,"",176.799007444169,998095899.747498,200973.924425577,202009081151
483,28358,1094,18,38517,Lumberton,"",284.030428122647,5499536726.32037,504386.804277589,202009081151
484,28360,412,5,14944,Lumberton,"",275.695931477516,1985862696.58282,363920.117329658,202009081151
485,28363,20,0,1079,Marston,"",185.356811862836,1736455559.11224,383927.716730152,202009081151
486,28364,318,4,15170,Maxton,"",209.624258404746,3845135736.01221,464303.223304611,202009081151
487,28365,566,19,17063,Mount Olive,"",331.711891226631,5449867058.99634,617077.136427741,202009081151
488,28366,132,2,5153,Newton Grove,"",256.161459344071,2293381130.24042,414618.719505341,202009081151
489,28369,40,1,2241,Orrum,"",178.491744756805,1800121585.61136,401393.305842191,202009081151
490,28371,110,3,7085,Parkton,"",155.257586450247,1005950088.08063,229991.086519014,202009081151
491,28372,352,2,15254,Pembroke,"",230.759145142258,1147770145.91595,255857.280522167,202009081151
492,28373,38,0,2552,Pinebluff,"",148.902821316614,460329066.992676,140223.621385681,202009081151
493,28374,222,8,18171,Pinehurst,"",122.172692752188,609888351.153748,186776.563275303,202009081151
494,28375,,,155,Proctorville,Population <500 and Cases <5,,16154829.5779114,21293.1141646593,202009081151
495,28376,699,9,43831,Raeford,"",159.476169834136,8255601209.37079,618028.253174215,202009081151
496,28377,399,9,13036,Red Springs,"",306.075483277079,2872865768.25568,446034.002241504,202009081151
497,28379,413,4,25804,Rockingham,"",160.052705006976,4156662320.34821,486165.084209016,202009081151
498,28382,91,0,8006,Roseboro,"",113.664751436423,3525739741.42773,652666.741452106,202009081151
499,28383,201,2,7713,Rowland,"",260.598988720342,2904453853.97415,460017.981876533,202009081151
500,28384,414,3,12414,Saint Pauls,"",333.494441759304,2850567240.80182,480450.415018018,202009081151
501,28385,33,0,3005,Salemburg,"",109.81697171381,1040463355.97156,321938.125650219,202009081151
502,28386,282,5,6068,Shannon,"",464.733025708635,1134602512.8537,354913.796549299,202009081151
503,28387,180,2,17139,Southern Pines,"",105.023630316821,810260751.658813,181010.127281146,202009081151
504,28390,253,4,23494,Spring Lake,"",107.687069038904,1630867413.08136,287302.836124697,202009081151
505,28391,56,0,5326,Stedman,"",105.14457378896,1084470955.12604,202263.555324582,202009081151
506,28392,52,1,1554,Tar Heel,"",334.620334620335,925384379.987671,187529.786563955,202009081151
507,28393,54,0,2160,Turkey,"",250,1437383838.7915,233550.655699493,202009081151
508,28394,50,1,6094,Vass,"",82.047915982934,1215312777.16113,300186.221923817,202009081151
509,28395,34,0,2657,Wade,"",127.963869025216,1382105528.22943,246616.208913961,202009081151
510,28396,52,2,2679,Wagram,"",194.102276969018,1631714382.90094,330475.243709585,202009081151
511,28398,314,9,7672,Warsaw,"",409.280500521376,2739435952.33466,345606.723026117,202009081151
512,28399,62,1,1934,White Oak,"",320.579110651499,2338498223.40869,308489.981388208,202009081151
513,28401,415,5,24213,Wilmington,"",171.395531326147,925590291.269562,302995.405207511,202009081151
514,28403,750,2,41945,Wilmington,"",178.805578734057,403456249.54361,135103.298695973,202009081151
515,28405,494,3,33719,Wilmington,"",146.504937868857,694443662.189972,212896.044608315,202009081151
516,28409,401,5,34974,Wilmington,"",114.656602047235,678530052.059952,626246.018361276,202009081151
517,28411,448,5,38820,Wilmington,"",115.404430705822,1477023573.08954,591854.549770877,202009081151
518,28412,502,3,42977,Wilmington,"",116.806664029597,635947452.301941,245813.217862995,202009081151
519,28420,96,1,5116,Ash,"",187.646598905395,4030119174.4476,622951.504256467,202009081151
520,28421,16,0,2040,Atkinson,"",78.4313725490196,1701084244.28595,246250.995159075,202009081151
521,28422,93,7,8682,Bolivia,"",107.118175535591,2520456183.00197,406510.949073508,202009081151
522,28423,44,0,2285,Bolton,"",192.560175054705,4327886518.67657,560706.23791653,202009081151
523,28425,175,3,12625,Burgaw,"",138.613861386139,4872852970.19843,522799.098840263,202009081151
524,28428,101,0,7142,Carolina Beach,"",141.416970036404,153392950.326767,131890.839899376,202009081151
525,28429,78,0,8542,Castle Hayne,"",91.313509716694,1146009267.92944,244578.64538817,202009081151
526,28430,34,1,2055,Cerro Gordo,"",165.450121654501,1294763521.80133,235369.368885516,202009081151
527,28431,154,6,6741,Chadbourn,"",228.452751817238,2019287633.59152,414968.282140326,202009081151
528,28432,44,2,1684,Clarendon,"",261.282660332542,913029717.719559,381140.327621417,202009081151
529,28433,69,0,5297,Clarkton,"",130.262412686426,3257754219.81824,497145.128049416,202009081151
530,28434,14,0,1357,Council,"",103.168754605748,2209417286.23001,262045.947095385,202009081151
531,28435,25,0,2931,Currie,"",85.295121119072,2746865502.37314,418800.327512466,202009081151
532,28436,33,0,2312,Delco,"",142.733564013841,1250613651.60083,304067.898737589,202009081151
533,28438,24,0,1688,Evergreen,"",142.18009478673,1324758692.31961,354385.951020837,202009081151
534,28439,40,4,1536,Fair Bluff,"",260.416666666667,667490225.496307,213264.007900786,202009081151
535,28441,70,2,3328,Garland,"",210.336538461538,3774857745.4223,555550.533903292,202009081151
536,28442,42,1,1734,Hallsboro,"",242.214532871972,1395074837.14975,336354.405393145,202009081151
537,28443,258,0,22483,Hampstead,"",114.753369212294,4337834719.99771,560208.032392264,202009081151
538,28444,92,0,2278,Harrells,"",403.863037752414,3251010335.70935,548979.732892781,202009081151
539,28445,70,1,8142,Holly Ridge,"",85.9739621714566,2835470197.40424,676482.174744674,202009081151
540,28447,73,0,1334,Ivanhoe,"",547.226386806597,2755654733.91089,442226.920323366,202009081151
541,28448,16,1,1216,Kelly,"",131.578947368421,2360585218.26868,400674.523076971,202009081151
542,28449,18,0,1958,Kure Beach,"",91.9305413687436,112229003.875305,80695.004584803,202009081151
543,28450,59,5,2397,Lake Waccamaw,"",246.141009595327,1482484363.39343,277199.450521116,202009081151
544,28451,392,3,39194,Leland,"",100.015308465581,5322314275.71591,771852.448618023,202009081151
545,28452,19,0,513,Longwood,"",370.37037037037,201031402.998276,76626.878203892,202009081151
546,28453,274,6,4137,Magnolia,"",662.315687696398,2286467269.94287,428957.863476439,202009081151
547,28454,19,0,3549,Maple Hill,"",53.5362073823612,3064407818.25446,319144.850869927,202009081151
548,28455,44,2,1718,Nakina,"",256.111757857974,1802269564.75485,339624.478895421,202009081151
549,28456,75,0,3566,Riegelwood,"",210.319685922602,1872158645.14374,368901.622022321,202009081151
550,28457,182,1,12840,Rocky Point,"",141.744548286604,3397895880.78387,551931.996451502,202009081151
551,28458,267,6,7018,Rose Hill,"",380.450270732402,3025757032.09851,549753.327973728,202009081151
552,28460,122,1,10588,Sneads Ferry,"",115.224782772951,868820245.916626,505270.66774661,202009081151
553,28461,112,2,20575,Southport,"",54.4349939246659,2976816159.44659,699193.3729383,202009081151
554,28462,144,5,14309,Supply,"",100.635963379691,3173815797.17624,578042.071238933,202009081151
555,28463,266,17,9865,Tabor City,"",269.640141915864,3441446535.6745,489113.866817469,202009081151
556,28464,97,2,2491,Teachey,"",389.401846647933,651873569.02948,216752.818849917,202009081151
557,28465,48,0,8285,Oak Island,"",57.9360289680145,278142792.540329,260764.452809295,202009081151
558,28466,329,7,10375,Wallace,"",317.10843373494,4134830722.40503,646652.750223625,202009081151
559,28467,132,3,11393,Calabash,"",115.860616167822,478052225.035095,182374.085490172,202009081151
560,28468,50,0,5394,Sunset Beach,"",92.6955876900259,561581539.026329,281339.504069841,202009081151
561,28469,93,1,7481,Ocean Isle Beach,"",124.314931158936,718539224.77166,397460.188245044,202009081151
562,28470,181,2,13446,Shallotte,"",134.612524170757,1182514664.27979,362760.617388835,202009081151
563,28472,353,14,20002,Whiteville,"",176.482351764824,5336860792.21823,836470.753006454,202009081151
564,28478,96,0,4976,Willard,"",192.926045016077,3641064446.79327,420805.470689162,202009081151
565,28479,59,1,4874,Winnabow,"",121.05047189167,2117768058.25922,493774.783138492,202009081151
566,28480,70,0,2737,Wrightsville Beach,"",255.754475703325,105606171.513519,198146.556810674,202009081151
567,28501,219,2,19507,Kinston,"",112.267391192905,2991635337.302,625626.15035165,202009081151
568,28504,351,13,21016,Kinston,"",167.015607156452,3402165916.96191,527051.926248194,202009081151
569,28508,108,2,2984,Albertson,"",361.930294906166,979966062.858154,216402.11543394,202009081151
570,28510,9,0,1543,Arapahoe,"",58.3279325988334,492605022.366577,160146.449017413,202009081151
571,28511,2,0,628,Atlantic,"",31.8471337579618,664520864.566406,632922.312503468,202009081151
572,28512,20,1,3689,Atlantic Beach,"",54.2152344808891,159414908.561523,282548.210087653,202009081151
573,28513,170,1,10825,Ayden,"",157.043879907621,2611479123.85803,477095.460669019,202009081151
574,28515,135,2,3463,Bayboro,"",389.835402829916,1758589825.68518,437586.784820445,202009081151
575,28516,74,3,12482,Beaufort,"",59.2853709341452,3384236686.76337,1001596.71803034,202009081151
576,28518,138,1,8803,Beulaville,"",156.764739293423,2702594658.36359,473932.945095065,202009081151
577,28519,,,328,Bridgeton,Population <500 and Cases <5,,3782179.40026855,11964.2990373982,202009081151
578,28520,,,352,Cedar Island,Population <500 and Cases <5,,633116579.775757,427477.052966737,202009081151
579,28521,40,2,2259,Chinquapin,"",177.069499778663,984336924.154663,232445.955683395,202009081151
580,28523,21,2,2274,Cove City,"",92.3482849604222,2247611957.06177,297516.586083844,202009081151
581,28524,,,443,Davis,Population <500 and Cases <5,,547256692.822876,860357.358716607,202009081151
582,28525,35,0,3309,Deep Run,"",105.772136597159,1368793733.10339,260376.07892082,202009081151
583,28526,22,0,2384,Dover,"",92.2818791946309,2062614072.29626,437910.466683838,202009081151
584,28527,4,0,905,Ernul,"",44.1988950276243,1145978492.04919,209684.397786102,202009081151
585,28528,0,0,640,Gloucester,"",0,74196560.923584,79933.9347539672,202009081151
586,28529,32,0,2539,Grantsboro,"",126.033871602993,2523317524.60889,412017.089612736,202009081151
587,28530,126,0,7474,Grifton,"",168.584426010169,1906098626.48975,426610.065184872,202009081151
588,28531,4,0,1414,Harkers Island,"",28.2885431400283,96666650.4205933,159397.370996394,202009081151
589,28532,138,2,25868,Havelock,"",53.3477655790939,5072028576.29651,874966.498361209,202009081151
590,28533,,,0,Cherry Point,Population <500 and Cases <5,,253735788.170532,192645.367219711,202009081151
591,28537,,,186,Hobucken,Population <500 and Cases <5,,891999129.25647,352204.851723086,202009081151
592,28538,52,0,3342,Hookerton,"",155.595451825254,837514346.679443,167225.326393657,202009081151
593,28539,101,1,18000,Hubert,"",56.1111111111111,2158531628.89203,965472.416809674,202009081151
594,28540,370,5,52400,Jacksonville,"",70.6106870229008,3283488394.35052,547729.060516664,202009081151
595,28542,86,0,6146,Camp Lejeune,"",139.928408721119,1137151211.30426,554417.951637184,202009081151
596,28543,36,2,6618,Tarawa Terrace,"",54.3970988213962,101812905.851257,81799.9494086723,202009081151
597,28544,46,2,5607,Midway Park,"",82.0403067594079,155759986.503357,92182.0384683424,202009081151
598,28545,9,0,4010,Mccutcheon Field,"",22.4438902743142,145247654.855835,101700.276162633,202009081151
599,28546,379,2,51963,Jacksonville,"",72.9365125185228,2766403023.01086,429757.095409677,202009081151
600,28547,151,0,13868,Camp Lejeune,"",108.88376117681,321351155.112183,125030.1108688,202009081151
601,28551,262,5,14265,La Grange,"",183.66631615843,3578620059.57935,402405.541085344,202009081151
602,28552,,,131,Lowland,Population <500 and Cases <5,,211084218.553589,104037.967496467,202009081151
603,28553,3,0,522,Marshallberg,"",57.4712643678161,44093630.395752,64625.7950525978,202009081151
604,28555,38,0,4702,Maysville,"",80.8166737558486,3623337430.05573,600372.548840717,202009081151
605,28556,3,0,1150,Merritt,"",26.0869565217391,1139666751.30212,394317.853497314,202009081151
606,28557,150,0,15254,Morehead City,"",98.3348629867576,400526127.961975,291647.007459014,202009081151
607,28560,332,14,28926,New Bern,"",114.775634377377,3309199654.78784,1030041.14449326,202009081151
608,28561,,,0,New Bern,"",,195198.709350586,2618.49962886206,202009081151
609,28562,391,7,38009,New Bern,"",102.870372806441,3853792240.20764,1071472.47820273,202009081151
610,28570,218,1,22687,Newport,"",96.0902719619165,4050945831.7467,612371.091717979,202009081151
611,28571,17,0,3137,Oriental,"",54.1919030921262,1482289449.53186,353024.47769856,202009081151
612,28572,100,1,6379,Pink Hill,"",156.764383132152,3042675125.74115,395176.694907307,202009081151
613,28573,66,5,2475,Pollocksville,"",266.666666666667,3035889883.2348,360117.83631843,202009081151
614,28574,176,2,17702,Richlands,"",99.4237939215908,3868294357.7301,523654.71280993,202009081151
615,28577,4,0,595,Sealevel,"",67.2268907563025,131607264.267456,82049.6590834025,202009081151
616,28578,226,3,7044,Seven Springs,"",320.84043157297,1837860745.29797,304549.150963809,202009081151
617,28579,7,0,798,Smyrna,"",87.719298245614,633080494.557556,233023.142000653,202009081151
618,28580,261,5,12031,Snow Hill,"",216.939572770343,3261656823.56982,373362.024423985,202009081151
619,28581,,,224,Stacy,Population <500 and Cases <5,,2404669972.88318,703346.462367876,202009081151
620,28582,7,0,1824,Stella,"",38.3771929824561,566119411.242798,233745.537488707,202009081151
621,28583,,,0,Stonewall,Population <500 and Cases <5,,596710.740722656,3607.20989795631,202009081151
622,28584,63,0,12910,Swansboro,"",48.7993803253292,870417864.570801,630505.524420815,202009081151
623,28585,40,2,4170,Trenton,"",95.9232613908873,5857263271.9624,616313.550954669,202009081151
624,28586,210,1,8427,Vanceboro,"",249.199003203987,3798727344.79224,393188.365406213,202009081151
625,28587,,,324,Vandemere,Population <500 and Cases <5,,250612018.426636,182903.197478108,202009081151
626,28590,478,4,26551,Winterville,"",180.030883959173,1153236268.85608,260797.112041444,202009081151
627,28594,25,1,3678,Emerald Isle,"",67.9717237629146,161880563.377441,206007.39513627,202009081151
628,28601,909,14,49848,Hickory,"",182.354357246028,1378207425.05768,365850.750506082,202009081151
629,28602,563,15,31218,Hickory,"",180.344672945096,1938678919.97003,319569.803956005,202009081151
630,28604,41,0,6449,Banner Elk,"",63.5757481780121,1915326545.24634,325836.980718489,202009081151
631,28605,20,0,4143,Blowing Rock,"",48.2741974414675,895784503.144714,248689.345104092,202009081151
632,28606,25,0,2367,Boomer,"",105.618926911703,1247639586.18042,214129.251492026,202009081151
633,28607,321,0,37481,Boone,"",85.6433926522772,2776057252.95807,555835.87368089,202009081151
634,28609,75,0,6457,Catawba,"",116.153012234784,1341728385.28827,281255.134101197,202009081151
635,28610,144,1,10238,Claremont,"",140.652471185778,1121879522.66571,308096.881521473,202009081151
636,28611,16,0,978,Collettsville,"",163.59918200409,2483135872.03735,419111.187381629,202009081151
637,28612,203,5,14906,Connelly Springs,"",136.186770428016,2400642845.42798,441028.943696581,202009081151
638,28613,447,8,25216,Conover,"",177.268401015228,1220326345.78546,362168.639637895,202009081151
639,28615,22,0,1883,Creston,"",116.834838024429,1868599532.61511,272770.247470023,202009081151
640,28617,27,0,2451,Crumpler,"",110.15911872705,986888820.641235,263906.737953269,202009081151
641,28618,23,0,2480,Deep Gap,"",92.741935483871,1010729766.2395,224128.286954044,202009081151
642,28621,235,7,10400,Elkin,"",225.961538461538,1827310682.30029,492431.108964796,202009081151
643,28622,27,0,2638,Elk Park,"",102.35026535254,922706854.79248,228052.883765708,202009081151
644,28623,33,0,1716,Ennice,"",192.307692307692,790959225.749146,176648.995975267,202009081151
645,28624,32,1,1893,Ferguson,"",169.043845747491,1893859856.27216,280305.359064925,202009081151
646,28625,617,11,38862,Statesville,"",158.766918841027,5528677082.18164,627405.10903711,202009081151
647,28626,11,0,3001,Fleetwood,"",36.6544485171609,819063990.876587,148645.734339712,202009081151
648,28627,8,0,1534,Glade Valley,"",52.1512385919166,929851696.585571,229623.659776181,202009081151
649,28629,,,63,Glendale Springs,Population <500 and Cases <5,,18113919.8492432,19773.9407564207,202009081151
650,28630,386,7,20369,Granite Falls,"",189.503657518779,1749206123.14734,364175.180926025,202009081151
651,28631,21,0,536,Grassy Creek,"",391.791044776119,666742006.060913,167245.211138671,202009081151
652,28634,83,0,5269,Harmony,"",157.525147086734,1708637469.52393,380041.00063272,202009081151
653,28635,45,2,4032,Hays,"",111.607142857143,1589254753.84888,282956.554467362,202009081151
654,28636,73,2,5186,Hiddenite,"",140.763594292325,1563401720.00476,343683.132287545,202009081151
655,28637,33,0,1583,Hildebran,"",208.464939987366,75804105.8025513,39679.7431148789,202009081151
656,28638,212,0,12560,Hudson,"",168.789808917197,586195125.955933,179942.259882133,202009081151
657,28640,28,0,4805,Jefferson,"",58.2726326742976,1056537388.6748,302637.68949569,202009081151
658,28642,94,1,5578,Jonesville,"",168.519182502689,922184812.2677,173376.666314256,202009081151
659,28643,21,0,3443,Lansing,"",60.9933197792623,2044042930.41492,275858.107391137,202009081151
660,28644,7,0,1570,Laurel Springs,"",44.5859872611465,2045165288.09131,297831.475142139,202009081151
661,28645,827,11,47621,Lenoir,"",173.662879821927,9179149391.98291,930216.037146458,202009081151
662,28646,13,0,463,Linville,"",280.777537796976,440709602.757813,156576.175660301,202009081151
663,28649,10,0,1034,Mc Grady,"",96.7117988394584,1036137984.80469,190682.670149615,202009081151
664,28650,203,2,13374,Maiden,"",151.787049499028,1278104496.07623,377336.649296681,202009081151
665,28651,84,1,6653,Millers Creek,"",126.258830602736,2065649255.9353,349078.290644553,202009081151
666,28654,66,0,3800,Moravian Falls,"",173.684210526316,1821577421.53857,295573.209104024,202009081151
667,28655,1365,22,58249,Morganton,"",234.338786931965,9153179930.14331,677983.745386267,202009081151
668,28657,55,0,9610,Newland,"",57.2320499479709,3935578521.47217,457051.359413869,202009081151
669,28658,462,7,25858,Newton,"",178.668110449377,2022657893.02307,451555.722478837,202009081151
670,28659,368,5,21013,North Wilkesboro,"",175.12968162566,2817470108.66394,743040.466864702,202009081151
671,28660,35,0,2336,Olin,"",149.828767123288,892135691.594116,224297.744075571,202009081151
672,28663,2,0,715,Piney Creek,"",27.972027972028,577849850.650269,137228.322788793,202009081151
673,28665,29,1,2986,Purlear,"",97.1198928332217,1778038258.60608,240271.301413849,202009081151
674,28667,6,0,105,Rhodhiss,"",571.428571428571,1309548.80932617,6065.66147149414,202009081151
675,28668,,,39,Roaring Gap,Population <500 and Cases <5,,150579895.761963,97868.8716295681,202009081151
676,28669,31,0,3133,Roaring River,"",98.9466964570699,1299426384.18799,252536.432806368,202009081151
677,28670,34,2,3183,Ronda,"",106.817467797675,1123975912.01135,257469.478215133,202009081151
678,28672,,,35,Scottville,Population <500 and Cases <5,,62555584.7313232,47932.7256464108,202009081151
679,28673,51,0,6621,Sherrills Ford,"",77.0276393294064,852092289.759583,248402.605359209,202009081151
680,28675,159,0,6805,Sparta,"",233.651726671565,2977111225.9541,397880.21838125,202009081151
681,28676,39,0,3444,State Road,"",113.240418118467,830902972.436646,197653.666386266,202009081151
682,28677,600,7,35614,Statesville,"",168.473072387263,2372250827.99042,364916.143502524,202009081151
683,28678,51,0,5252,Stony Point,"",97.1058644325971,1249807753.12482,237772.476162198,202009081151
684,28679,11,0,2122,Sugar Grove,"",51.8378887841659,636943392.934937,227619.317646308,202009081151
685,28681,289,1,26959,Taylorsville,"",107.199821951853,4726487412.65814,412700.759417833,202009081151
686,28682,6,0,1099,Terrell,"",54.5950864422202,164657442.78833,108427.066369374,202009081151
687,28683,20,0,1934,Thurmond,"",103.412616339193,988749233.112671,203358.60410099,202009081151
688,28684,8,1,2175,Todd,"",36.7816091954023,1383524229.94177,292392.138653963,202009081151
689,28685,15,0,1908,Traphill,"",78.6163522012579,1296786088.98804,215086.939280452,202009081151
690,28689,21,0,1662,Union Grove,"",126.353790613718,1218398001.86389,304792.24772459,202009081151
691,28690,131,3,9427,Valdese,"",138.962554365121,668624773.04187,213466.610171622,202009081151
692,28692,46,0,4504,Vilas,"",102.131438721137,1091553223.68976,286379.955820553,202009081151
693,28693,15,0,1693,Warrensville,"",88.6001181334909,621923811.260986,170328.387778476,202009081151
694,28694,62,0,8033,West Jefferson,"",77.1816257936014,2188720146.69934,416426.801998168,202009081151
695,28697,282,14,13376,Wilkesboro,"",210.825358851675,1810927272.521,565265.362104433,202009081151
696,28698,26,0,1844,Zionville,"",140.997830802603,762471326.925049,227334.653867247,202009081151
697,28701,20,0,4830,Alexander,"",41.407867494824,557040025.003723,178622.867954755,202009081151
698,28702,3,0,704,Almond,"",42.6136363636364,749571990.457794,168899.042279792,202009081151
699,28704,301,0,21728,Arden,"",138.530927835052,1481682958.97644,329012.999643476,202009081151
700,28705,27,0,7168,Bakersville,"",37.6674107142857,3538838336.04175,376028.663142582,202009081151
701,28708,2,0,1340,Balsam Grove,"",14.9253731343284,795626278.709686,241272.033803255,202009081151
702,28709,5,0,2308,Barnardsville,"",21.6637781629116,1635213770.4093,231197.383485249,202009081151
703,28711,93,8,15250,Black Mountain,"",60.9836065573771,2289646423.50623,432841.10713665,202009081151
704,28712,189,4,19644,Brevard,"",96.212583995113,3743370041.24365,607196.289251344,202009081151
705,28713,51,1,9333,Bryson City,"",54.6448087431694,7085157294.99072,658029.652447302,202009081151
706,28714,90,0,17066,Burnsville,"",52.7364350169929,7287599937.88281,538818.932986382,202009081151
707,28715,256,2,27289,Candler,"",93.8106929532046,1975153881.5733,274379.594297132,202009081151
708,28716,230,28,18650,Canton,"",123.324396782842,4450693739.33826,450946.985814241,202009081151
709,28717,48,1,1471,Cashiers,"",326.308633582597,1160000231.10587,300525.403558473,202009081151
710,28718,2,0,607,Cedar Mountain,"",32.9489291598023,604740430.192017,157079.894608512,202009081151
711,28719,99,3,6945,Cherokee,"",142.548596112311,6313532001.74988,506970.161305604,202009081151
712,28720,,,35,Chimney Rock,Population <500 and Cases <5,,47877696.5422974,47768.4833790312,202009081151
713,28721,80,0,10866,Clyde,"",73.6241487207804,3262240884.20239,451646.750156333,202009081151
714,28722,82,1,6854,Columbus,"",119.638167493434,1330435890.70984,371441.890606651,202009081151
715,28723,132,0,11678,Cullowhee,"",113.033053605069,2829089767.59064,521400.904374382,202009081151
716,28725,,,36,Dillsboro,Population <500 and Cases <5,,1395548.49920654,7541.63511359509,202009081151
717,28726,85,1,3477,East Flat Rock,"",244.463618061547,62782212.3257446,52681.8363735949,202009081151
718,28729,21,0,2978,Etowah,"",70.5171255876427,115914409.369507,74718.0620947517,202009081151
719,28730,52,1,10068,Fairview,"",51.6487882399682,1334723772.69336,277836.650121475,202009081151
720,28731,215,6,9271,Flat Rock,"",231.905943263941,910498937.374664,308715.430561088,202009081151
721,28732,132,0,18899,Fletcher,"",69.8449653420816,1163648233.76184,268599.174805656,202009081151
722,28733,,,200,Fontana Dam,Population <500 and Cases <5,,498075903.916718,200917.740964481,202009081151
723,28734,431,1,28423,Franklin,"",151.637758153608,8413329787.90622,680710.034553254,202009081151
724,28735,,,294,Gerton,Population <500 and Cases <5,,137680777.623108,92735.3834552802,202009081151
725,28736,13,0,740,Glenville,"",175.675675675676,845894035.551971,243241.394198335,202009081151
726,28739,155,3,21994,Hendersonville,"",70.4737655724288,1809199500.98254,354883.696935043,202009081151
727,28740,12,0,2123,Green Mountain,"",56.5237870937353,2560353451.70599,391601.88482291,202009081151
728,28741,77,0,3135,Highlands,"",245.614035087719,2488322100.83908,291652.561708351,202009081151
729,28742,18,0,2834,Horse Shoe,"",63.514467184192,759756422.807678,323788.261855291,202009081151
730,28743,11,0,2422,Hot Springs,"",45.4170107349298,2855463957.34918,351331.648547095,202009081151
731,28745,10,0,598,Lake Junaluska,"",167.224080267559,24208240.7459412,20619.3143809221,202009081151
732,28746,31,0,2583,Lake Lure,"",120.015485869144,1635267198.94843,301403.103342596,202009081151
733,28747,6,1,2517,Lake Toxaway,"",23.8379022646007,1644170650.80768,278687.825520297,202009081151
734,28748,95,3,12684,Leicester,"",74.8975086723431,2568900770.12885,433742.542694055,202009081151
735,28749,,,0,Little Switzerland,Population <500 and Cases <5,,1713987.45050049,8852.52475284555,202009081151
736,28751,24,0,3738,Maggie Valley,"",64.2054574638844,1196971956.93442,252655.252396679,202009081151
737,28752,599,16,31501,Marion,"",190.152693565284,6843838240.70496,729852.019397462,202009081151
738,28753,31,0,12286,Marshall,"",25.2319713495035,7221367422.4903,582321.875436496,202009081151
739,28754,35,1,8823,Mars Hill,"",39.6690468094752,2532637146.55933,336365.654274913,202009081151
740,28756,54,0,4770,Mill Spring,"",113.207547169811,2319967191.40479,359387.276461913,202009081151
741,28757,,,0,Montreat,Population <500 and Cases <5,,129672.114624023,2617.87913210505,202009081151
742,28759,76,1,7867,Mills River,"",96.6060760137282,710290580.507599,219074.688607406,202009081151
743,28761,151,6,8493,Nebo,"",177.793476981043,3254647047.74689,448908.605974669,202009081151
744,28762,78,1,7603,Old Fort,"",102.591082467447,2996741187.4848,387268.208256283,202009081151
745,28763,27,0,2864,Otto,"",94.2737430167598,1145043002.66425,202810.842815888,202009081151
746,28766,5,0,1526,Penrose,"",32.7653997378768,159626292.482056,88900.5625977206,202009081151
747,28768,65,0,7895,Pisgah Forest,"",82.3305889803673,2244655883.74216,321689.536597621,202009081151
748,28771,80,0,8212,Robbinsville,"",97.4184120798831,9086438704.3884,732920.807564289,202009081151
749,28772,2,0,1942,Rosman,"",10.2986611740474,577124059.134399,256613.212684218,202009081151
750,28773,50,4,3508,Saluda,"",142.531356898518,1396855034.24573,267712.497423626,202009081151
751,28774,18,0,1569,Sapphire,"",114.72275334608,1130246511.80005,224488.61951138,202009081151
752,28775,5,1,493,Scaly Mountain,"",101.419878296146,456631744.06662,130336.94180952,202009081151
753,28777,158,3,10391,Spruce Pine,"",152.054662688865,1968811938.32007,332780.684408785,202009081151
754,28778,104,1,10803,Swannanoa,"",96.2695547533093,692162823.950317,188030.795128165,202009081151
755,28779,176,2,17610,Sylva,"",99.9432140829074,3287520334.70795,472387.421611018,202009081151
756,28781,3,0,957,Topton,"",31.3479623824451,2402982140.90009,297913.620657844,202009081151
757,28782,63,2,6512,Tryon,"",96.7444717444718,1239852111.02036,390005.579825198,202009081151
758,28783,27,2,1905,Tuckasegee,"",141.732283464567,2507065764.50815,412465.098737654,202009081151
759,28785,37,0,8309,Waynesville,"",44.530027680828,4680111391.07288,434987.630089387,202009081151
760,28786,141,1,21837,Waynesville,"",64.5693089710125,2130537927.5513,319219.020654079,202009081151
761,28787,170,0,20681,Weaverville,"",82.201054107635,2146776657.76654,337936.038355962,202009081151
762,28789,48,1,6551,Whittier,"",73.2712562967486,1731085189.80936,281392.474737519,202009081151
763,28790,31,0,3775,Zirconia,"",82.1192052980133,1184634316.47168,272368.233599775,202009081151
764,28791,215,8,15811,Hendersonville,"",135.981278856492,466838231.125,123544.27336528,202009081151
765,28792,746,41,37949,Hendersonville,"",196.579620016338,2892120004.20319,483608.715059927,202009081151
766,28801,152,2,16782,Asheville,"",90.5732332260756,142991050.123962,66531.4000304091,202009081151
767,28803,337,5,34731,Asheville,"",97.0314704442717,1148499781.62708,221583.067984848,202009081151
768,28804,140,6,23302,Asheville,"",60.0806797699768,818376430.368896,216401.982596761,202009081151
769,28805,174,11,20394,Asheville,"",85.3192115328038,743578799.615234,203043.782551956,202009081151
770,28806,648,30,43841,Asheville,"",147.806847471545,1123591112.45288,297671.815966071,202009081151
771,28901,123,1,6039,Andrews,"",203.67610531545,1881090750.42804,271571.032581688,202009081151
772,28902,19,0,1562,Brasstown,"",121.638924455826,645585335.657318,162521.113458697,202009081151
773,28904,81,1,9535,Hayesville,"",84.9501835343471,5317145252.91805,403950.005454209,202009081151
774,28905,42,0,3548,Marble,"",118.376550169109,1058320723.96715,269002.244098821,202009081151
775,28906,305,5,20296,Murphy,"",150.275916436736,9849733400.34212,586826.324547444,202009081151
776,28909,7,0,1068,Warne,"",65.5430711610487,269492752.319427,107722.293423693,202009081151
777,27969,,,0,Roduco,Population <500 and Cases <5,,724387.010986328,3958.82496624679,202009081151
778,28253,,,0,Charlotte,Population <500 and Cases <5,,133339.295837402,3050.2273713774,202009081151
779,28608,,,0,Boone,"",,274774.708862305,3583.90419251761,202009081151
780,27533,449,2,0,"","",456,18055719.4014893,15817.3715737294,202009081151
