OBJECTID,ZIPCode,Cases,Deaths,TotalPop,Place,Note,RatePer10K,Shape__Area,Shape__Length,DataGatherTS
1,27006,83,3,14872,Advance,"",55.8095750403443,1744189234.37061,355282.663136038,202008160553
2,27007,22,0,2136,Ararat,"",102.996254681648,592499585.594238,195922.003442792,202008160553
3,27009,9,0,2937,Belews Creek,"",30.6435137895812,618093097.011353,191244.647442635,202008160553
4,27011,60,0,5411,Boonville,"",110.885233783035,1489580093.86462,316910.589814884,202008160553
5,27012,265,0,28954,Clemmons,"",91.5244871174967,1176567385.86804,255774.303165276,202008160553
6,27013,71,2,6495,Cleveland,"",109.314857582756,2066336247.98627,379169.285246239,202008160553
7,27014,7,0,957,Cooleemee,"",73.1452455590387,21479098.032959,22299.1178929161,202008160553
8,27016,18,0,1682,Danbury,"",107.015457788347,1068209590.0686,211061.413302457,202008160553
9,27017,185,0,9499,Dobson,"",194.757342878198,2962951682.04883,566348.974052304,202008160553
10,27018,95,2,8221,East Bend,"",115.557718039168,2331567909.96985,255811.974556888,202008160553
11,27019,29,0,4234,Germanton,"",68.4931506849315,977414017.819214,270248.259734795,202008160553
12,27020,97,2,6104,Hamptonville,"",158.912188728703,2114111622.36755,316969.486887135,202008160553
13,27021,120,1,17979,King,"",66.744535291173,1469376476.14172,210392.900707099,202008160553
14,27022,6,0,1512,Lawsonville,"",39.6825396825397,918745327.278442,200803.000966771,202008160553
15,27023,118,1,12775,Lewisville,"",92.3679060665362,807172159.002075,183078.980128527,202008160553
16,27024,19,0,2683,Lowgap,"",70.8162504658964,1265827411.39758,278411.484773322,202008160553
17,27025,49,0,11117,Madison,"",44.076639381128,2714649364.33142,468723.596670606,202008160553
18,27027,16,0,4017,Mayodan,"",39.8307194423699,548179131.574585,172371.363079245,202008160553
19,27028,345,2,28039,Mocksville,"",123.042904525839,5475621774.30664,567238.136149725,202008160553
20,27030,493,7,37641,Mount Airy,"",130.974203660902,4824085732.75671,624989.724929863,202008160553
21,27040,89,1,13150,Pfafftown,"",67.680608365019,763349953.536133,205025.773716105,202008160553
22,27041,72,0,8020,Pilot Mountain,"",89.7755610972569,1629462738.40637,324677.141569035,202008160553
23,27042,8,1,720,Pine Hall,"",111.111111111111,290758639.069458,113971.243586081,202008160553
24,27043,71,1,6442,Pinnacle,"",110.214219186588,1935795027.06067,395674.180712496,202008160553
25,27045,142,2,9583,Rural Hall,"",148.179067097986,666085549.25769,154538.589918543,202008160553
26,27046,5,0,1953,Sandy Ridge,"",25.6016385048643,1237681699.0647,217125.573744555,202008160553
27,27047,8,0,1279,Siloam,"",62.5488663017983,576295820.815674,144984.839113672,202008160553
28,27048,47,0,8902,Stoneville,"",52.7971242417434,2355000804.03674,325454.766660313,202008160553
29,27050,26,0,4084,Tobaccoville,"",63.6630754162586,703876500.567505,219088.1792708,202008160553
30,27051,74,0,8287,Walkertown,"",89.2964884759261,524680317.775635,151066.808563308,202008160553
31,27052,61,0,10061,Walnut Cove,"",60.6301560481065,2710320219.82117,403203.611044297,202008160553
32,27053,16,0,3156,Westfield,"",50.6970849176172,2152815477.55933,413464.446930882,202008160553
33,27054,34,0,2608,Woodleaf,"",130.368098159509,778193820.583862,201172.963339102,202008160553
34,27055,261,2,14521,Yadkinville,"",179.739687349356,3115987965.39453,403366.49229781,202008160553
35,27101,223,0,24321,Winston Salem,"",91.6903087866453,356085731.400146,162957.922513793,202008160553
36,27103,478,13,36071,Winston Salem,"",132.516425937734,527249856.672729,146399.561156354,202008160553
37,27104,360,6,29383,Winston Salem,"",122.519824388252,337669863.683838,130394.134288752,202008160553
38,27105,921,8,40186,Winston Salem,"",229.184293037376,950547784.577881,208375.813794777,202008160553
39,27106,654,7,51378,Winston Salem,"",127.291836973023,787324720.967285,203893.681115083,202008160553
40,27107,1043,8,52432,Winston Salem,"",198.924321025328,1859279716.41162,319111.813640457,202008160553
41,27127,689,5,38510,Winston Salem,"",178.914567644768,820319160.873047,213438.375685158,202008160553
42,27157,10,0,5,Winston Salem,"",,827769.094482422,4216.57245655308,202008160553
43,27203,645,17,21876,Asheboro,"",294.843664289633,589408161.410522,188062.356665824,202008160553
44,27205,562,5,34549,Asheboro,"",162.667515702336,6255653514.79199,588011.232518038,202008160553
45,27207,72,1,3806,Bear Creek,"",189.174986862848,2300194678.82397,473699.237818467,202008160553
46,27208,37,0,1691,Bennett,"",218.805440567711,1029479783.1405,215638.108979383,202008160553
47,27209,190,10,4151,Biscoe,"",457.721031076849,1198089302.20734,259108.004034657,202008160553
48,27212,50,0,1600,Blanch,"",312.5,1328181375.12305,277007.39975067,202008160553
49,27214,105,1,11747,Browns Summit,"",89.3845237081808,1414533235.94788,324969.092830869,202008160553
50,27215,526,4,44892,Burlington,"",117.170097121982,1827823774.30115,298200.358945539,202008160553
51,27217,1057,35,39111,Burlington,"",270.256449592186,3473433663.33496,513818.51476852,202008160553
52,27229,141,1,4014,Candor,"",351.270553064275,2747739848.89313,367384.611313313,202008160553
53,27231,13,0,2048,Cedar Grove,"",63.4765625,987771348.581177,209108.769362036,202008160553
54,27233,15,0,3647,Climax,"",41.1296956402523,703252829.253662,187154.002103638,202008160553
55,27235,30,0,4575,Colfax,"",65.5737704918033,380654027.583252,148521.339190303,202008160553
56,27239,61,3,9629,Denton,"",63.3502959808911,4319759872.9696,429373.198159064,202008160553
57,27242,28,0,2668,Eagle Springs,"",104.947526236882,1480408484.01825,321391.030328654,202008160553
58,27243,51,1,4665,Efland,"",109.324758842444,1142332751.10315,311755.144165646,202008160553
59,27244,80,0,16259,Elon,"",49.2035180515407,1541989025.453,399696.340130384,202008160553
60,27248,45,1,4835,Franklinville,"",93.071354705274,942909114.352783,215710.992817749,202008160553
61,27249,99,0,13355,Gibsonville,"",74.1295394983152,1679803774.77087,397477.611919868,202008160553
62,27252,12,1,2264,Goldston,"",53.0035335689046,1142470673.17163,220926.147155476,202008160553
63,27253,564,3,31464,Graham,"",179.252479023646,2351372927.78931,521476.969804177,202008160553
64,27258,95,0,7740,Haw River,"",122.739018087855,473631125.268677,312686.877842211,202008160553
65,27260,373,11,25696,High Point,"",145.158779576588,348441568.963501,133229.878739789,202008160553
66,27262,285,5,24764,High Point,"",115.08641576482,368730084.700928,171087.864383377,202008160553
67,27263,228,1,22320,High Point,"",102.150537634409,1121512604.52234,249658.228757679,202008160553
68,27265,453,21,50038,High Point,"",90.531196290819,1172957282.41284,307481.490778656,202008160553
69,27268,1,0,1695,High Point,"",5.89970501474926,2495618.64758301,8251.66869064816,202008160553
70,27278,230,0,27181,Hillsborough,"",84.6179316434274,2885765742.02771,502574.675043234,202008160553
71,27281,37,0,3710,Jackson Springs,"",99.7304582210243,2095606802.2608,479969.724586594,202008160553
72,27282,122,2,16597,Jamestown,"",73.5072603482557,404066994.873657,168803.970950205,202008160553
73,27283,26,0,2982,Julian,"",87.1898054996647,711286368.914917,161239.518798817,202008160553
74,27284,534,4,56201,Kernersville,"",95.0161029163182,2233069317.10205,420748.080109325,202008160553
75,27288,155,0,23585,Eden,"",65.7197371210515,1951079100.05676,304615.616752016,202008160553
76,27291,4,0,1538,Leasburg,"",26.0078023407022,1492904663.44434,314720.365319101,202008160553
77,27292,506,4,41465,Lexington,"",122.030628240685,4270233445.18579,407599.915340798,202008160553
78,27295,408,12,39191,Lexington,"",104.105534433926,3631502180.53174,466742.919509858,202008160553
79,27298,115,0,10440,Liberty,"",110.153256704981,2639148530.03284,431527.987760386,202008160553
80,27299,54,0,5254,Linwood,"",102.778835173201,822543412.257813,203597.604040365,202008160553
81,27301,80,2,10019,Mc Leansville,"",79.8482882523206,900133716.655151,287107.537324028,202008160553
82,27302,329,0,32302,Mebane,"",101.851278558603,3198656461.27478,644303.59427532,202008160553
83,27305,25,1,1585,Milton,"",157.728706624606,687167820.539429,263836.485514183,202008160553
84,27306,112,2,5945,Mount Gilead,"",188.393608074012,5305900334.83325,426306.558627535,202008160553
85,27310,48,1,8562,Oak Ridge,"",56.0616678346181,526240082.103149,140986.043049622,202008160553
86,27311,12,0,3220,Pelham,"",37.2670807453416,1338371966.32642,293760.993606137,202008160553
87,27312,179,19,22205,Pittsboro,"",80.6124746678676,5005768374.64233,617961.777569282,202008160553
88,27313,101,16,7288,Pleasant Garden,"",138.583973655324,760352714.59021,181619.740165306,202008160553
89,27314,6,0,1138,Prospect Hill,"",52.7240773286468,773578280.842896,162162.976448062,202008160553
90,27315,6,0,2140,Providence,"",28.0373831775701,697810511.310425,179457.95829655,202008160553
91,27316,178,11,7156,Ramseur,"",248.742314141979,1975410509.03577,278228.393914438,202008160553
92,27317,227,3,17851,Randleman,"",127.163744328049,1700826686.43616,339539.515262609,202008160553
93,27320,266,5,38894,Reidsville,"",68.3910114670643,6966725984.64832,658218.836963247,202008160553
94,27325,189,1,7676,Robbins,"",246.221990620115,2401051783.47894,409075.895347679,202008160553
95,27326,28,2,3692,Ruffin,"",75.839653304442,1884156536.74561,359587.547530237,202008160553
96,27330,844,8,39529,Sanford,"",213.514128867414,6011213414.18433,528161.840140257,202008160553
97,27332,555,4,33549,Sanford,"",165.429670034874,2996782209.29614,417113.164836099,202008160553
98,27340,,,34,Saxapahaw,Population <500 and Cases <5,,694758.987792969,3852.87240074502,202008160553
99,27341,61,0,5820,Seagrove,"",104.810996563574,2678433259.4787,311632.157547413,202008160553
100,27343,6,0,1840,Semora,"",32.6086956521739,1390260353.39624,348769.311430722,202008160553
101,27344,801,22,19290,Siler City,"",415.241057542768,4591228058.44531,607903.308882544,202008160553
102,27349,42,0,5850,Snow Camp,"",71.7948717948718,1831279532.651,381750.490582419,202008160553
103,27350,58,0,7508,Sophia,"",77.2509323388386,1066449848.573,204602.636460839,202008160553
104,27355,45,0,3196,Staley,"",140.801001251564,1016358702.6969,245160.332752788,202008160553
105,27356,61,1,3513,Star,"",173.640762880729,1815293543.21783,348288.37985576,202008160553
106,27357,68,1,8325,Stokesdale,"",81.6816816816817,1273124268.28796,223115.118835702,202008160553
107,27358,134,1,15960,Summerfield,"",83.9598997493734,1557557662.14905,323017.176053331,202008160553
108,27360,619,5,48331,Thomasville,"",128.075148455443,2458732404.91687,372395.85217249,202008160553
109,27370,123,0,14622,Trinity,"",84.1198194501436,1663817222.16028,344702.900725307,202008160553
110,27371,154,2,7778,Troy,"",197.994343018771,4076136455.00793,473833.643450898,202008160553
111,27376,108,5,9884,West End,"",109.267503035208,1781050002.06519,320932.333330313,202008160553
112,27377,97,0,9597,Whitsett,"",101.073252057935,736936774.92627,183024.518653502,202008160553
113,27379,42,0,6057,Yanceyville,"",69.3412580485389,2663338769.75159,422550.665080929,202008160553
114,27401,263,9,20221,Greensboro,"",130.062805993769,171748092.127686,100334.769337553,202008160553
115,27403,159,6,21278,Greensboro,"",74.7250681455024,159396286.028687,87465.2545388649,202008160553
116,27405,833,16,52510,Greensboro,"",158.636450199962,886695637.391357,284328.526421691,202008160553
117,27406,725,39,60755,Greensboro,"",119.331742243437,1894160074.00403,327705.317343953,202008160553
118,27407,696,11,49837,Greensboro,"",139.655276200413,840498790.451172,227731.576408348,202008160553
119,27408,136,0,17406,Greensboro,"",78.1339767896128,221403500.549561,80148.1616765212,202008160553
120,27409,180,2,17953,Greensboro,"",100.261794686125,603872824.646484,239783.02449594,202008160553
121,27410,371,6,56968,Greensboro,"",65.124280297711,859363574.914917,272309.563854046,202008160553
122,27411,0,0,847,Greensboro,"",0,713742.998291016,5860.23208289576,202008160553
123,27412,1,0,1886,Greensboro,"",5.30222693531283,4771290.83532715,13054.7888333439,202008160553
124,27455,242,7,29197,Greensboro,"",82.8852279343768,816075696.678345,198282.860420201,202008160553
125,27498,,,13,Greensboro,Population <500 and Cases <5,,3369264.12316895,7774.18760349114,202008160553
126,27501,262,1,21338,Angier,"",122.78564064111,1683348454.90833,329143.189780915,202008160553
127,27502,296,3,43747,Apex,"",67.6617825222301,840126405.51062,242725.298081049,202008160553
128,27503,24,0,7222,Bahama,"",33.2317917474384,1054708975.44934,246183.053747647,202008160553
129,27504,251,2,16320,Benson,"",153.799019607843,2584462015.08862,486262.181304732,202008160553
130,27505,129,5,7308,Broadway,"",176.518883415435,1509842573.20557,320128.840505679,202008160553
131,27507,19,1,2053,Bullock,"",92.5474914758889,1354883649.98218,266873.357504053,202008160553
132,27508,32,0,2340,Bunn,"",136.752136752137,312599782.273071,114289.902416244,202008160553
133,27509,622,26,6935,Butner,"",896.89978370584,507253453.414795,156294.942704551,202008160553
134,27510,180,2,14543,Carrboro,"",123.770886337069,88705554.5671387,57867.6032694508,202008160553
135,27511,319,3,34041,Cary,"",93.7105255427279,333520579.048462,98702.6527265331,202008160553
136,27513,273,1,49003,Cary,"",55.7108748443973,474399121.186279,162336.294574525,202008160553
137,27514,272,17,32847,Chapel Hill,"",82.8081712180717,579057212.663452,190879.985276748,202008160553
138,27516,343,11,44117,Chapel Hill,"",77.7478069678355,2564236091.9281,438904.079251583,202008160553
139,27517,242,3,28831,Chapel Hill,"",83.9374284624189,1520140847.99951,299162.993678501,202008160553
140,27518,123,0,22765,Cary,"",54.0303096859214,262665807.612671,130741.025823352,202008160553
141,27519,310,4,59960,Cary,"",51.7011340893929,609072010.422363,166930.324843009,202008160553
142,27520,746,25,43958,Clayton,"",169.707448018563,1962402119.35425,374945.851452289,202008160553
143,27521,89,0,7149,Coats,"",124.492936074976,721041350.168091,174373.299688566,202008160553
144,27522,190,1,13652,Creedmoor,"",139.173747436273,2172960809.67273,361578.814896966,202008160553
145,27523,95,0,12782,Apex,"",74.3232670943514,1210964088.06177,294058.887697931,202008160553
146,27524,261,3,13532,Four Oaks,"",192.876145433048,3831785222.9375,530912.577014992,202008160553
147,27525,200,0,15534,Franklinton,"",128.749839062701,2660281050.9928,421324.476104612,202008160553
148,27526,406,11,54027,Fuquay Varina,"",75.1476113794954,2787678657.25134,460586.982042285,202008160553
149,27527,289,0,30234,Clayton,"",95.5877488919759,1261348608.45837,213730.175971786,202008160553
150,27529,780,19,53854,Garner,"",144.836038177294,1666161335.17407,336033.618547781,202008160553
151,27530,502,11,40212,Goldsboro,"",124.83835670944,2920081393.96802,465673.796837526,202008160553
152,27531,2,0,666,Goldsboro,"",30.03003003003,123956304.007813,71472.4653387502,202008160553
153,27534,422,2,31819,Goldsboro,"",132.625161067287,1995982542.31616,394454.137280507,202008160553
154,27536,381,31,16459,Henderson,"",231.484294307066,359552678.037964,148817.062353839,202008160553
155,27537,367,9,25321,Henderson,"",144.93898345247,5545289733.50195,795404.906342346,202008160553
156,27539,194,2,26567,Apex,"",73.0229231753679,805959451.628174,335082.894750929,202008160553
157,27540,263,1,39075,Holly Springs,"",67.3064619321817,1299006108.57275,339054.617126205,202008160553
158,27541,18,0,4044,Hurdle Mills,"",44.5103857566766,1979862536.66309,328579.598479954,202008160553
159,27542,119,3,10043,Kenly,"",118.490490889177,2499059670.1123,366253.348192187,202008160553
160,27544,34,0,4291,Kittrell,"",79.2356094150548,1645813165.28467,322022.503716068,202008160553
161,27545,568,22,30327,Knightdale,"",187.291852144953,885541868.759766,219250.012614228,202008160553
162,27546,255,24,22436,Lillington,"",113.656623284008,3433026188.83105,510775.88711738,202008160553
163,27549,458,23,25224,Louisburg,"",181.573104979385,6636124442.18066,817297.028533166,202008160553
164,27551,13,1,2205,Macon,"",58.9569160997732,2443966870.98499,402849.299843212,202008160553
165,27553,22,0,2030,Manson,"",108.374384236453,1245206626.07959,217969.561788749,202008160553
166,27556,6,0,298,Middleburg,"",201.342281879195,67850312.0914307,63490.7222823736,202008160553
167,27557,132,0,9214,Middlesex,"",143.260256131973,2046463550.40088,338861.342265204,202008160553
168,27559,22,0,2874,Moncure,"",76.5483646485734,1458825370.29968,366837.077035256,202008160553
169,27560,262,1,33691,Morrisville,"",77.7655753762132,794384947.373291,268297.11970144,202008160553
170,27562,23,0,2791,New Hill,"",82.4077391615908,1862081556.93738,349507.762295745,202008160553
171,27563,92,1,5312,Norlina,"",173.192771084337,1943381370.69177,412640.540954252,202008160553
172,27565,420,6,26057,Oxford,"",161.185094216525,9219811779.9552,826827.222809144,202008160553
173,27569,150,0,8984,Princeton,"",166.963490650045,2107084820.73511,313917.550563748,202008160553
174,27571,48,0,7385,Rolesville,"",64.9966147596479,149121249.193359,94251.9264704589,202008160553
175,27572,45,0,7316,Rougemont,"",61.5090213231274,3003228111.9873,397658.617230022,202008160553
176,27573,84,2,11561,Roxboro,"",72.6580745610241,501787874.430542,219611.309648669,202008160553
177,27574,84,0,15232,Roxboro,"",55.1470588235294,5527133817.3114,691755.452465683,202008160553
178,27576,527,5,20197,Selma,"",260.929841065505,2407427117.65723,339571.106645256,202008160553
179,27577,582,5,25214,Smithfield,"",230.824145316094,2877290650.99841,416726.966278933,202008160553
180,27581,33,0,3956,Stem,"",83.417593528817,1038615853.81189,246789.101888964,202008160553
181,27583,50,0,7012,Timberlake,"",71.3063320022818,1327957318.65857,326956.719649922,202008160553
182,27587,641,28,74087,Wake Forest,"",86.5199022770527,3132804734.81897,700749.84181148,202008160553
183,27589,113,3,8312,Warrenton,"",135.948026948989,4790731000.68542,626837.217934379,202008160553
184,27591,329,4,23448,Wendell,"",140.310474240873,1913446220.02844,380727.392057269,202008160553
185,27592,199,1,17368,Willow Spring,"",114.578535237218,1090932847.86865,312475.180771683,202008160553
186,27596,150,1,18655,Youngsville,"",80.4073974805682,1519151285.28821,344366.073155402,202008160553
187,27597,337,3,25494,Zebulon,"",132.187965795874,3191967656.80884,568385.679042481,202008160553
188,27599,,,0,Chapel Hill,Population <500 and Cases <5,,4275416.30163574,15555.1510255833,202008160553
189,27601,123,1,12139,Raleigh,"",101.326303649395,49970514.2080078,41226.7428180515,202008160553
190,27603,734,2,55479,Raleigh,"",132.302312586745,1420350588.63403,346107.072534996,202008160553
191,27604,989,19,47645,Raleigh,"",207.57687060552,550434833.049927,194088.121184431,202008160553
192,27605,49,2,5253,Raleigh,"",93.2800304587854,26954475.7900391,26465.2700663817,202008160553
193,27606,445,2,47938,Raleigh,"",92.8282364721098,750229681.939209,267151.497057326,202008160553
194,27607,216,0,30296,Raleigh,"",71.296540797465,519162282.902344,200611.380547666,202008160553
195,27608,86,1,11603,Raleigh,"",74.1187623890373,91889809.9622803,55583.7467967219,202008160553
196,27609,525,7,38631,Raleigh,"",135.901219228081,310136046.756592,95880.163026763,202008160553
197,27610,2070,33,74203,Raleigh,"",278.964462353274,1211166911.84558,327751.489063642,202008160553
198,27612,376,5,39208,Raleigh,"",95.8987961640482,428868509.332275,164483.082879678,202008160553
199,27613,324,5,46521,Raleigh,"",69.6459663377829,675406849.409912,184431.643996557,202008160553
200,27614,235,2,37689,Raleigh,"",62.3524105176577,829063194.918701,218912.319813944,202008160553
201,27615,462,7,46038,Raleigh,"",100.3518832269,525952454.993774,134192.839940925,202008160553
202,27616,944,5,55260,Raleigh,"",170.828809265291,646426991.218628,201092.505637391,202008160553
203,27617,168,0,19511,Raleigh,"",86.1052739480293,230483847.672241,125016.743498849,202008160553
204,27701,582,5,26489,Durham,"",219.7138434822,147212202.097778,89264.6755119976,202008160553
205,27703,1367,9,61351,Durham,"",222.816254013789,1376809528.09961,349864.156739061,202008160553
206,27704,1304,14,39369,Durham,"",331.225075567071,1307759376.10449,279407.953507315,202008160553
207,27705,1024,34,48078,Durham,"",212.987229086068,1155101566.94189,288440.086812307,202008160553
208,27706,,,10,Durham,Population <500 and Cases <5,,1281872.18347168,6816.757693542,202008160553
209,27707,910,5,47036,Durham,"",193.468832383706,551326002.510864,228660.826032165,202008160553
210,27708,2,0,4635,Durham,"",4.31499460625674,24140532.868042,39624.2440738689,202008160553
211,27709,18,0,4,Durham,"",,166810196.870483,93465.8554704913,202008160553
212,27710,,,0,Durham,Population <500 and Cases <5,,3645590.83996582,9509.21127183631,202008160553
213,27711,,,62,Durham,Population <500 and Cases <5,,11690491.0200195,25227.7794868175,202008160553
214,27712,327,20,22055,Durham,"",148.265699387894,952678558.948486,239427.124284805,202008160553
215,27713,633,4,53996,Durham,"",117.230905993037,1004016276.63342,186930.768828538,202008160553
216,27801,238,6,21556,Rocky Mount,"",110.410094637224,1947625744.14368,298032.749540484,202008160553
217,27803,221,3,22337,Rocky Mount,"",98.9389801674352,1209689022.16736,314786.382274833,202008160553
218,27804,419,5,29160,Rocky Mount,"",143.689986282579,1207912397.80139,237805.719395058,202008160553
219,27805,53,0,3769,Aulander,"",140.620854338021,3260348789.01416,427031.578041759,202008160553
220,27806,10,0,2441,Aurora,"",40.9668168783286,3806890944.80762,575449.481817415,202008160553
221,27807,170,2,6940,Bailey,"",244.956772334294,1393278091.89233,266050.599193056,202008160553
222,27808,23,0,2481,Bath,"",92.7045546150746,1375581489.5946,320371.987641635,202008160553
223,27809,75,1,5254,Battleboro,"",142.748382185002,2127311815.53979,418206.140952668,202008160553
224,27810,25,0,4224,Belhaven,"",59.1856060606061,5320714553.85889,863428.562860575,202008160553
225,27812,34,0,2951,Bethel,"",115.215181294476,1796512894.90283,307599.921723871,202008160553
226,27813,5,0,687,Black Creek,"",72.7802037845706,17954681.8726807,21851.3845296183,202008160553
227,27814,12,0,1801,Blounts Creek,"",66.6296501943365,2084052221.88855,349050.345630614,202008160553
228,27816,29,0,2634,Castalia,"",110.098709187547,1727056405.90051,269780.663460198,202008160553
229,27817,69,0,7777,Chocowinity,"",88.7231580300887,3011254799.10022,441922.251479678,202008160553
230,27818,19,0,1269,Como,"",149.724192277384,1775223218.97412,291672.91933713,202008160553
231,27820,36,2,3292,Conway,"",109.356014580802,1787180209.86865,300570.413456991,202008160553
232,27821,,,343,Edward,Population <500 and Cases <5,,180879118.265869,102716.617789089,202008160553
233,27822,113,2,9119,Elm City,"",123.917096172826,2421416079.34338,500329.938801193,202008160553
234,27823,121,0,7812,Enfield,"",154.889912954429,5279947738.18738,591795.38238411,202008160553
235,27824,11,0,1540,Engelhard,"",71.4285714285714,5755622445.56714,766498.765242208,202008160553
236,27826,5,0,1245,Fairfield,"",40.1606425702811,5502010014.61365,681909.128335756,202008160553
237,27827,,,99,Falkland,Population <500 and Cases <5,,6818760.54968262,12365.1347191574,202008160553
238,27828,85,0,9031,Farmville,"",94.120252463736,1954373169.79175,304535.643741104,202008160553
239,27829,13,1,1872,Fountain,"",69.4444444444444,1242859232.87109,276952.810668188,202008160553
240,27830,49,1,4858,Fremont,"",100.864553314121,1661392631.86707,301522.072838785,202008160553
241,27831,52,0,3588,Garysburg,"",144.927536231884,1733783751.73071,369102.732751728,202008160553
242,27832,53,0,2912,Gaston,"",182.005494505495,1029571544.94922,217897.088475999,202008160553
243,27834,844,6,57505,Greenville,"",146.769846100339,5082356628.8689,890421.476518531,202008160553
244,27837,50,0,6506,Grimesland,"",76.8521364893944,1710764546.60681,462288.004070908,202008160553
245,27839,24,0,3702,Halifax,"",64.8298217179903,3728459644.54443,454921.143892168,202008160553
246,27840,12,2,535,Hamilton,"",224.299065420561,127567387.286499,59155.8177418193,202008160553
247,27841,,,84,Hassell,Population <500 and Cases <5,,5972995.94189453,12505.2057352129,202008160553
248,27842,11,0,1436,Henrico,"",76.6016713091922,414285932.678223,116849.514846702,202008160553
249,27843,13,0,946,Hobgood,"",137.420718816068,1458584246.23853,232329.162988765,202008160553
250,27844,67,0,3039,Hollister,"",220.467258966765,1251113401.94934,274076.283965929,202008160553
251,27845,14,0,2841,Jackson,"",49.2784230904611,2842001076.66528,416912.567186113,202008160553
252,27846,23,0,3069,Jamesville,"",74.9429781687846,3050744149.28796,442133.927899832,202008160553
253,27847,9,0,1071,Kelford,"",84.0336134453782,1048559305.60547,265580.578438826,202008160553
254,27849,20,0,1483,Lewiston Woodville,"",134.861766689144,2062202839.65674,367759.436044123,202008160553
255,27850,46,0,7413,Littleton,"",62.0531498718468,5554617534.52942,570792.398502674,202008160553
256,27851,89,0,5595,Lucama,"",159.070598748883,1253082833.57764,200836.347936783,202008160553
257,27852,31,0,3454,Macclesfield,"",89.7510133178923,1418996205.83582,268041.951522527,202008160553
258,27853,8,0,436,Margarettsville,"",183.48623853211,1061331085.73535,233986.055045062,202008160553
259,27855,76,1,6105,Murfreesboro,"",124.488124488124,1379257056.24951,246550.621363096,202008160553
260,27856,175,2,17301,Nashville,"",101.15022253049,3696764195.94336,508647.139191863,202008160553
261,27857,33,1,1601,Oak City,"",206.121174266084,2180191629.70935,354763.313675516,202008160553
262,27858,608,4,58170,Greenville,"",104.521230875021,1683129152.90881,395293.630437,202008160553
263,27860,36,0,2062,Pantego,"",174.58777885548,4384086912.80859,475177.331131482,202008160553
264,27862,3,0,945,Pendleton,"",31.7460317460317,1337735767.81812,305131.144563485,202008160553
265,27863,120,0,12670,Pikeville,"",94.7119179163378,1822358483.62146,414140.550515842,202008160553
266,27864,78,1,4823,Pinetops,"",161.725067385445,1058515929.69434,223861.53375515,202008160553
267,27865,9,0,2003,Pinetown,"",44.9326010983525,3183419700.15735,407140.115990912,202008160553
268,27866,12,1,672,Pleasant Hill,"",178.571428571429,548856343.547363,183824.668332886,202008160553
269,27869,68,11,2167,Rich Square,"",313.797877249654,2314340977.34839,283794.508144883,202008160553
270,27870,339,7,26633,Roanoke Rapids,"",127.28569819397,1958976214.39966,237465.130853914,202008160553
271,27871,53,1,4466,Robersonville,"",118.674429019257,2640265625.23401,370404.169208956,202008160553
272,27872,5,0,429,Roxobel,"",116.550116550117,78668396.3901367,60062.9164687203,202008160553
273,27874,39,0,4766,Scotland Neck,"",81.8296265211918,3988089594.78687,425091.541566969,202008160553
274,27875,1,0,511,Scranton,"",19.5694716242661,1462926064.75208,668994.049821798,202008160553
275,27876,19,1,1290,Seaboard,"",147.286821705426,1161065802.28784,286123.221519332,202008160553
276,27880,59,0,3280,Sims,"",179.878048780488,661768421.449585,178936.521495753,202008160553
277,27881,,,323,Speed,Population <500 and Cases <5,,45624486.2655029,35379.3892263349,202008160553
278,27882,144,1,7927,Spring Hope,"",181.657625835751,2721376125.90833,404465.358087667,202008160553
279,27883,54,1,4361,Stantonsburg,"",123.824810823206,2149873597.18677,378850.12800901,202008160553
280,27884,10,0,1545,Stokes,"",64.7249190938511,1118165618.53992,178810.199825372,202008160553
281,27885,32,0,859,Swanquarter,"",372.526193247963,3236637890.30994,778832.459471456,202008160553
282,27886,311,6,21595,Tarboro,"",144.014818244964,5534275751.92761,530150.851444626,202008160553
283,27888,45,0,2803,Walstonburg,"",160.542276132715,1661899290.0293,260588.447365408,202008160553
284,27889,274,2,27543,Washington,"",99.4808118215154,4746901259.41052,624948.845007958,202008160553
285,27890,43,1,2398,Weldon,"",179.316096747289,250295126.203369,88214.5142201125,202008160553
286,27891,47,2,5011,Whitakers,"",93.7936539612852,3802342458.24487,551887.618669609,202008160553
287,27892,167,3,14363,Williamston,"",116.270974030495,4740161664.64209,528153.604658045,202008160553
288,27893,891,19,40647,Wilson,"",219.20436932615,3134674028.43115,441390.734015219,202008160553
289,27896,287,10,21212,Wilson,"",135.300773147275,1013992738.34033,260787.736893695,202008160553
290,27897,39,1,2467,Woodland,"",158.086745034455,1262848506.99878,250563.523857377,202008160553
291,27909,428,20,40958,Elizabeth City,"",104.497289906734,6356628470.42627,720925.199090358,202008160553
292,27910,248,10,11609,Ahoskie,"",213.627358084245,3854004911.8667,558805.248838311,202008160553
293,27915,11,0,758,Avon,"",145.118733509235,132797325.68457,159985.858445685,202008160553
294,27916,1,0,554,Aydlett,"",18.0505415162455,175446906.710938,88834.9392660151,202008160553
295,27917,2,0,1084,Barco,"",18.450184501845,583346697.773926,150643.300800981,202008160553
296,27919,8,0,1211,Belvidere,"",66.0611065235343,1805677755.21484,260299.205087965,202008160553
297,27920,28,0,1415,Buxton,"",197.879858657244,251417477.481567,169552.58818934,202008160553
298,27921,34,2,5366,Camden,"",63.3619083115915,2216306760.15601,371309.805402765,202008160553
299,27922,13,0,1107,Cofield,"",117.43450767841,1372106941.59424,230585.938382193,202008160553
300,27923,1,0,990,Coinjock,"",10.1010101010101,442853112.258789,222994.427279021,202008160553
301,27924,52,0,3509,Colerain,"",148.190367626104,2545571117.46045,325068.518729581,202008160553
302,27925,103,2,4164,Columbia,"",247.358309317963,9421043776.67224,822613.133571787,202008160553
303,27926,6,0,1965,Corapeake,"",30.5343511450382,1084179276.0813,176947.978129327,202008160553
304,27927,5,0,613,Corolla,"",81.5660685154975,685869287.21875,1266393.74615984,202008160553
305,27928,36,0,1888,Creswell,"",190.677966101695,3736346955.86023,344143.792077436,202008160553
306,27929,2,0,1949,Currituck,"",10.2616726526424,352573124.774658,146317.944454099,202008160553
307,27932,132,3,12644,Edenton,"",104.397342613097,3509551689.6084,391797.495792958,202008160553
308,27935,10,1,1674,Eure,"",59.7371565113501,1443577833.21069,213483.780281898,202008160553
309,27936,8,1,961,Frisco,"",83.2466181061395,134638106.065186,108288.074251882,202008160553
310,27937,22,1,4253,Gates,"",51.7281918645662,2407949124.70361,290137.740864669,202008160553
311,27938,4,0,1430,Gatesville,"",27.972027972028,1202645918.03784,229961.178585235,202008160553
312,27939,10,0,3370,Grandy,"",29.673590504451,296874050.40332,237784.484514939,202008160553
313,27941,4,0,670,Harbinger,"",59.7014925373134,66348159.842041,42125.3614314887,202008160553
314,27942,5,0,936,Harrellsville,"",53.4188034188034,927451831.666504,150762.800286803,202008160553
315,27943,8,0,491,Hatteras,"",162.932790224033,82146889.1915283,162150.406610954,202008160553
316,27944,75,1,12230,Hertford,"",61.3246116107931,5013940953.42065,828274.577378666,202008160553
317,27946,5,0,1089,Hobbsville,"",45.9136822773186,1234977495.96777,250163.996071758,202008160553
318,27947,3,0,845,Jarvisburg,"",35.5029585798817,181991023.044922,117825.87149715,202008160553
319,27948,75,0,12518,Kill Devil Hills,"",59.9137242370986,288939959.776123,266090.270790261,202008160553
320,27949,22,0,7235,Kitty Hawk,"",30.4077401520387,426732703.740967,296487.581606319,202008160553
321,27950,4,0,2183,Knotts Island,"",18.3234081539166,1009906812.90234,393684.159837613,202008160553
322,27953,6,0,992,Manns Harbor,"",60.4838709677419,4841742826.08521,775886.839802653,202008160553
323,27954,30,0,6405,Manteo,"",46.8384074941452,346159524.466309,171104.045001834,202008160553
324,27956,,,328,Maple,Population <500 and Cases <5,,91616147.3259277,62675.9008746753,202008160553
325,27957,30,1,1419,Merry Hill,"",211.416490486258,1345289022.66797,219570.3989813,202008160553
326,27958,41,0,12061,Moyock,"",33.9938645220131,2191273226.67993,258895.732965411,202008160553
327,27959,13,1,2451,Nags Head,"",53.0395756833945,464337538.219238,468359.824712585,202008160553
328,27960,0,0,899,Ocracoke,"",0,272996211.932129,221416.979930584,202008160553
329,27962,55,1,7439,Plymouth,"",73.9346686382578,2248894843.11377,323982.422404071,202008160553
330,27964,1,0,653,Point Harbor,"",15.3139356814701,40700993.1791992,29044.1496807834,202008160553
331,27965,0,0,611,Poplar Branch,"",0,362463348.010742,286670.577035681,202008160553
332,27966,3,0,1473,Powells Point,"",20.3665987780041,310362212.773438,140593.315765635,202008160553
333,27968,,,413,Rodanthe,Population <500 and Cases <5,,255307311.38855,376970.397727617,202008160553
334,27970,50,3,3214,Roper,"",155.56938394524,3979984913.95898,386215.845703473,202008160553
335,27972,,,196,Salvo,Population <500 and Cases <5,,25839959.5158691,77591.8753697891,202008160553
336,27973,5,0,1493,Shawboro,"",33.4896182183523,1350823542.63281,279776.313560853,202008160553
337,27974,4,0,1375,Shiloh,"",29.0909090909091,1282875105.52026,448552.234751615,202008160553
338,27976,33,0,3561,South Mills,"",92.670598146588,2739484648.62012,348819.066033239,202008160553
339,27978,,,221,Stumpy Point,Population <500 and Cases <5,,3250437066.68713,488663.160212976,202008160553
340,27979,4,0,1813,Sunbury,"",22.0628792057364,2196378526.26221,272849.595585558,202008160553
341,27980,39,0,2075,Tyner,"",187.951807228916,1319096560.03711,208839.628959427,202008160553
342,27981,7,0,1863,Wanchese,"",37.5738056897477,183167116.380371,177755.254740471,202008160553
343,27982,,,0,Waves,Population <500 and Cases <5,,5381164.09509277,11228.317119066,202008160553
344,27983,122,2,10633,Windsor,"",114.737139095269,9431469996.22351,861662.756904591,202008160553
345,27986,46,1,2650,Winton,"",173.584905660377,374234308.870117,153016.850399202,202008160553
346,28001,598,25,28360,Albemarle,"",210.860366713681,3791255242.38873,479491.354130006,202008160553
347,28006,16,0,1136,Alexis,"",140.845070422535,126883649.701416,88485.0702727942,202008160553
348,28012,330,3,24276,Belmont,"",135.936727632229,865729022.118042,170607.841876971,202008160553
349,28016,172,2,14526,Bessemer City,"",118.408371196475,1271825919.55414,236943.686135101,202008160553
350,28018,46,0,5943,Bostic,"",77.401985529194,2694770404.83051,433562.153950885,202008160553
351,28020,14,0,2464,Casar,"",56.8181818181818,1475633951.64899,260515.821792163,202008160553
352,28021,184,7,13436,Cherryville,"",136.945519499851,1626380587.60425,391038.422631114,202008160553
353,28023,160,0,14843,China Grove,"",107.794920164387,1273875684.14087,277795.952246167,202008160553
354,28025,769,13,55325,Concord,"",138.996836873023,2992149162.05573,466210.81613651,202008160553
355,28027,949,18,74072,Concord,"",128.118587320445,1903468707.60345,332965.289746403,202008160553
356,28031,375,16,31049,Cornelius,"",120.776836613095,672168572.25116,151594.592125485,202008160553
357,28032,50,0,3249,Cramerton,"",153.89350569406,59161626.1264038,51515.5503878613,202008160553
358,28033,39,1,3362,Crouse,"",116.00237953599,509703222.739563,189532.085619349,202008160553
359,28034,262,7,17859,Dallas,"",146.704742706758,1273410668.68243,215322.291269956,202008160553
360,28036,218,5,18554,Davidson,"",117.494879810284,669928559.48645,197029.793668161,202008160553
361,28037,204,0,23834,Denver,"",85.5920114122682,1521729514.62848,312689.389421741,202008160553
362,28039,7,0,428,East Spencer,"",163.551401869159,13759835.5942383,34526.6128305972,202008160553
363,28040,58,0,8270,Ellenboro,"",70.1330108827086,1773879551.02985,348064.117544275,202008160553
364,28043,273,4,21472,Forest City,"",127.142324888227,1816346053.52002,348394.442075552,202008160553
365,28052,768,11,36823,Gastonia,"",208.565298862124,1165429048.27631,189783.469072903,202008160553
366,28054,754,14,40184,Gastonia,"",187.636870396178,562652947.772949,139549.083675328,202008160553
367,28056,479,5,35595,Gastonia,"",134.56946200309,1342394953.02258,344787.60681341,202008160553
368,28071,46,0,3198,Gold Hill,"",143.839899937461,1345839018.92865,236923.074375116,202008160553
369,28073,72,1,5606,Grover,"",128.433820906172,702973243.533203,143952.911566798,202008160553
370,28075,218,6,19174,Harrisburg,"",113.695629498279,656107496.741638,238150.023406484,202008160553
371,28077,2,0,557,High Shoals,"",35.9066427289048,25098303.871521,27989.3633622467,202008160553
372,28078,690,10,66079,Huntersville,"",104.420466411417,1870251820.14679,316647.648839996,202008160553
373,28079,417,7,39813,Indian Trail,"",104.739657900686,1221176124.08392,283660.370334182,202008160553
374,28080,65,1,8157,Iron Station,"",79.6861591271301,1095921164.38501,240845.709042299,202008160553
375,28081,384,2,28249,Kannapolis,"",135.934015363376,862858421.935425,200259.108957382,202008160553
376,28083,359,6,25877,Kannapolis,"",138.733238010589,582493569.448059,145983.725103448,202008160553
377,28086,329,4,26988,Kings Mountain,"",121.906032310657,2467878462.36133,329807.139806484,202008160553
378,28088,38,0,3059,Landis,"",124.223602484472,72787169.9580688,52885.3256566675,202008160553
379,28090,70,3,8506,Lawndale,"",82.294850693628,2661358061.4715,458218.963524002,202008160553
380,28091,21,0,2353,Lilesville,"",89.2477688057799,2694411423.45477,313074.926269122,202008160553
381,28092,451,5,40052,Lincolnton,"",112.60361530011,3216596915.74634,535483.341451103,202008160553
382,28097,77,0,6124,Locust,"",125.734813847159,836579136.406799,181830.474266294,202008160553
383,28098,38,1,4010,Lowell,"",94.7630922693267,99103128.4535522,49283.194148661,202008160553
384,28101,,,465,Mc Adenville,Population <500 and Cases <5,,12210373.4969482,19058.3264759027,202008160553
385,28103,167,1,11346,Marshville,"",147.188436453376,4253866560.83563,449440.107851782,202008160553
386,28104,350,6,32469,Matthews,"",107.79512766023,824578845.587585,325979.692599077,202008160553
387,28105,654,30,45346,Matthews,"",144.224407886032,668165195.784729,278013.840820393,202008160553
388,28107,100,1,8210,Midland,"",121.802679658952,1388640520.38739,250943.513182056,202008160553
389,28110,954,17,55536,Monroe,"",171.780466724287,3676478383.48267,422255.233862207,202008160553
390,28112,618,8,28060,Monroe,"",220.24233784747,3713382117.46545,318461.97727687,202008160553
391,28114,95,0,9034,Mooresboro,"",105.158290901041,1900066101.23077,346437.871140422,202008160553
392,28115,351,3,41536,Mooresville,"",84.5050077041602,2057262512.61176,327151.756863337,202008160553
393,28117,425,2,47608,Mooresville,"",89.2707108049067,1555969690.69189,234425.757349855,202008160553
394,28119,55,1,3034,Morven,"",181.278839815425,1970357677.74512,298425.648226889,202008160553
395,28120,291,4,24318,Mount Holly,"",119.664446089317,1001654680.08618,272689.093586748,202008160553
396,28124,77,1,7015,Mount Pleasant,"",109.764789736279,1620148303.23315,301866.136666845,202008160553
397,28125,21,0,2657,Mount Ulla,"",79.0365073391042,1169162879.13867,198953.955252748,202008160553
398,28127,233,3,7631,New London,"",305.333508059232,2159940152.89789,468250.659328753,202008160553
399,28128,111,0,8098,Norwood,"",137.070881699185,2054286113.35083,282114.674844027,202008160553
400,28129,77,0,6031,Oakboro,"",127.673685955895,1226619926.53345,219035.034364981,202008160553
401,28133,31,0,2713,Peachland,"",114.26465167711,2384968915.9574,421295.337069002,202008160553
402,28134,243,1,11817,Pineville,"",205.635948210206,248618254.324951,88085.4538299007,202008160553
403,28135,58,0,5968,Polkton,"",97.1849865951743,2916374106.84241,475980.429437206,202008160553
404,28137,52,0,3843,Richfield,"",135.310954983086,1223676252.05975,291589.496037827,202008160553
405,28138,112,2,11659,Rockwell,"",96.0631271978729,1278406256.12445,357387.534646104,202008160553
406,28139,255,6,20134,Rutherfordton,"",126.651435382934,5078697342.95056,674832.691106946,202008160553
407,28144,473,15,25846,Salisbury,"",183.007041708582,867982991.287292,279505.654446658,202008160553
408,28146,369,1,30382,Salisbury,"",121.453492199329,3012969418.7887,452196.720325258,202008160553
409,28147,678,27,26204,Salisbury,"",258.739123797893,2146390330.37,312495.471896358,202008160553
410,28150,454,13,29296,Shelby,"",154.969961769525,3159764942.52783,579453.815714684,202008160553
411,28152,345,4,26078,Shelby,"",132.295421428024,2247420971.2251,304211.560780765,202008160553
412,28159,53,0,3126,Spencer,"",169.545745361484,51886096.1330566,42602.5220628392,202008160553
413,28160,80,2,4015,Spindale,"",199.252801992528,170326604.450989,70799.3749654705,202008160553
414,28163,46,0,5814,Stanfield,"",79.1193670450636,970276414.142883,191731.821086023,202008160553
415,28164,143,1,15447,Stanley,"",92.5746099566259,1144736813.58362,324856.854746788,202008160553
416,28166,77,1,9868,Troutman,"",78.0299959464937,911716953.816406,217041.310552798,202008160553
417,28167,19,1,2418,Union Mills,"",78.5773366418528,1934997992.23633,347927.953502144,202008160553
418,28168,92,2,10437,Vale,"",88.1479352304302,2469130589.68384,340004.345415379,202008160553
419,28170,179,2,12494,Wadesboro,"",143.268769009124,5053183842.2157,655726.472285971,202008160553
420,28173,640,2,63837,Waxhaw,"",100.255337813494,3045162637.21796,318858.064536165,202008160553
421,28174,186,2,9287,Wingate,"",200.279961236137,985461754.807983,246986.820118662,202008160553
422,28202,346,0,16755,Charlotte,"",206.505520740078,50452583.9099121,34485.9053855683,202008160553
423,28203,381,2,19070,Charlotte,"",199.790246460409,91001089.479126,54761.2733662689,202008160553
424,28204,215,2,8738,Charlotte,"",246.05172808423,48899100.5548096,40761.7265321132,202008160553
425,28205,1294,25,51821,Charlotte,"",249.70571775921,335820474.82135,104910.810677792,202008160553
426,28206,294,1,15244,Charlotte,"",192.8627656783,182577260.697876,71458.050216539,202008160553
427,28207,154,0,9761,Charlotte,"",157.770720213093,68333859.7921753,36157.3958026361,202008160553
428,28208,1045,10,39944,Charlotte,"",261.616262767875,595973347.5495,157267.598078636,202008160553
429,28209,453,1,26012,Charlotte,"",174.150392126711,157335764.525879,72359.4847682198,202008160553
430,28210,1185,16,44704,Charlotte,"",265.076950608447,342547124.476257,112745.958411282,202008160553
431,28211,472,8,31253,Charlotte,"",151.025501551851,292827786.05603,102838.759144167,202008160553
432,28212,1475,18,42744,Charlotte,"",345.077671720007,237710291.866211,96077.3791004252,202008160553
433,28213,1319,15,45338,Charlotte,"",290.92593409502,412614569.613403,162252.089416931,202008160553
434,28214,948,3,41208,Charlotte,"",230.052417006407,965554836.030151,224926.880987091,202008160553
435,28215,1804,16,60256,Charlotte,"",299.3892724376,782010510.903748,222976.412140327,202008160553
436,28216,1193,11,58744,Charlotte,"",203.084570339098,857978895.941772,184761.316525275,202008160553
437,28217,1386,6,30875,Charlotte,"",448.906882591093,428067925.271423,132462.900799897,202008160553
438,28223,3,0,2941,Charlotte,"",10.2006120367222,16745950.1914673,34959.7943637767,202008160553
439,28226,580,10,40227,Charlotte,"",144.181768463967,430471271.22644,131097.087702525,202008160553
440,28227,1320,12,57319,Charlotte,"",230.290130672203,1173416755.00244,297066.255269002,202008160553
441,28262,797,4,43683,Charlotte,"",182.450838999153,593648477.600464,159979.41236041,202008160553
442,28269,1395,15,81464,Charlotte,"",171.241284493764,840640266.840637,192155.045229048,202008160553
443,28270,308,3,34753,Charlotte,"",88.6254424078497,345778417.622314,161555.486865571,202008160553
444,28273,1079,12,40544,Charlotte,"",266.130623520126,614626385.142517,192801.276498243,202008160553
445,28277,741,8,72020,Charlotte,"",102.888086642599,675381884.726379,144850.675101077,202008160553
446,28278,470,1,32539,Charlotte,"",144.442054150404,902762098.137573,246465.469761239,202008160553
447,28301,300,24,17717,Fayetteville,"",169.328893153468,348717238.9104,130217.445212828,202008160553
448,28303,248,0,34600,Fayetteville,"",71.6763005780347,540160738.043701,179304.154504403,202008160553
449,28304,404,6,39651,Fayetteville,"",101.888981362387,491742944.185852,186465.416198877,202008160553
450,28305,59,2,5010,Fayetteville,"",117.764471057884,69895111.336731,49443.8950343603,202008160553
451,28306,444,4,42565,Fayetteville,"",104.311053682603,2090603260.31519,562860.488861907,202008160553
452,28307,52,0,15486,Fort Bragg,"",33.5787162598476,174879596.356018,92732.9092032322,202008160553
453,28308,0,0,737,Pope Army Airfield,"",0,90374263.7665405,45243.1542141805,202008160553
454,28310,93,0,8861,Fort Bragg,"",104.954294097732,506286340.902344,200733.090413706,202008160553
455,28311,337,3,36046,Fayetteville,"",93.491649558897,1336136656.04889,240844.864072535,202008160553
456,28312,150,1,18419,Fayetteville,"",81.4376459091156,4341373681.0871,556260.336471475,202008160553
457,28314,567,6,53642,Fayetteville,"",105.700756869617,816473670.87677,185615.29020179,202008160553
458,28315,136,1,13329,Aberdeen,"",102.033160777253,2049308469.85626,494397.056686911,202008160553
459,28318,35,0,4579,Autryville,"",76.4359030355973,2217851356.83313,372935.466158955,202008160553
460,28320,72,1,9381,Bladenboro,"",76.7508794371602,3248490168.58801,381864.201698899,202008160553
461,28323,44,0,4578,Bunnlevel,"",96.1118392311053,1112191308.33496,301931.807656215,202008160553
462,28326,188,2,22382,Cameron,"",83.9960682691449,3242119864.63824,488036.1730633,202008160553
463,28327,141,2,18273,Carthage,"",77.1630274175012,5396542091.08795,586939.342565835,202008160553
464,28328,826,14,26951,Clinton,"",306.482134243627,6810728499.67102,657248.933701038,202008160553
465,28333,321,6,10709,Dudley,"",299.747875618639,1249687746.85376,213915.020571421,202008160553
466,28334,377,2,26215,Dunn,"",143.810795346176,4497238669.98419,544402.158241248,202008160553
467,28337,180,1,11927,Elizabethtown,"",150.918085017188,5069041872.41577,577770.225904475,202008160553
468,28338,61,2,4804,Ellerbe,"",126.977518734388,3935542448.08881,492508.044174153,202008160553
469,28339,96,1,7226,Erwin,"",132.853584278993,1064553458.41333,310656.999787592,202008160553
470,28340,303,16,10738,Fairmont,"",282.175451666977,3757196814.59872,450516.228420329,202008160553
471,28341,191,1,5080,Faison,"",375.984251968504,2787115249.34564,421094.619116887,202008160553
472,28343,14,0,1567,Gibson,"",89.3426930440332,458723474.164063,106909.663733147,202008160553
473,28344,75,1,3814,Godwin,"",196.643943366544,1128755315.22852,269142.265002464,202008160553
474,28345,137,3,12656,Hamlet,"",108.249051833123,2126402412.95966,332606.523883072,202008160553
475,28347,25,0,1826,Hoffman,"",136.911281489595,747268691.675964,194334.44204749,202008160553
476,28348,408,2,36052,Hope Mills,"",113.169865749473,1166315651.14276,329846.853315969,202008160553
477,28349,154,12,3955,Kenansville,"",389.380530973451,1959246504.78113,326624.538750416,202008160553
478,28350,,,70,Lakeview,Population <500 and Cases <5,,7876659.25891113,11657.1581787366,202008160553
479,28351,40,0,5269,Laurel Hill,"",75.9157335357753,1788599136.13666,386362.394376361,202008160553
480,28352,307,4,25298,Laurinburg,"",121.353466677208,3264782876.16284,438869.872406896,202008160553
481,28356,39,3,4914,Linden,"",79.3650793650794,1497885580.84283,286294.988335977,202008160553
482,28357,43,0,3224,Lumber Bridge,"",133.374689826303,998095899.747498,200973.924425577,202008160553
483,28358,895,15,38517,Lumberton,"",232.36492977127,5499536726.32037,504386.804277589,202008160553
484,28360,300,5,14944,Lumberton,"",200.749464668094,1985862696.58282,363920.117329658,202008160553
485,28363,10,0,1079,Marston,"",92.678405931418,1736455559.11224,383927.716730152,202008160553
486,28364,212,2,15170,Maxton,"",139.749505603164,3845135736.01221,464303.223304611,202008160553
487,28365,527,19,17063,Mount Olive,"",308.855418156244,5449867058.99634,617077.136427741,202008160553
488,28366,121,2,5153,Newton Grove,"",234.814671065399,2293381130.24042,414618.719505341,202008160553
489,28369,33,1,2241,Orrum,"",147.255689424364,1800121585.61136,401393.305842191,202008160553
490,28371,91,3,7085,Parkton,"",128.440366972477,1005950088.08063,229991.086519014,202008160553
491,28372,177,2,15254,Pembroke,"",116.035138324374,1147770145.91595,255857.280522167,202008160553
492,28373,30,0,2552,Pinebluff,"",117.554858934169,460329066.992676,140223.621385681,202008160553
493,28374,183,7,18171,Pinehurst,"",100.70992240383,609888351.153748,186776.563275303,202008160553
494,28375,,,155,Proctorville,Population <500 and Cases <5,,16154829.5779114,21293.1141646593,202008160553
495,28376,590,8,43831,Raeford,"",134.607925897196,8255601209.37079,618028.253174215,202008160553
496,28377,349,6,13036,Red Springs,"",267.720159558147,2872865768.25568,446034.002241504,202008160553
497,28379,306,4,25804,Rockingham,"",118.586265695241,4156662320.34821,486165.084209016,202008160553
498,28382,76,0,8006,Roseboro,"",94.9288033974519,3525739741.42773,652666.741452106,202008160553
499,28383,163,2,7713,Rowland,"",211.331518215999,2904453853.97415,460017.981876533,202008160553
500,28384,364,3,12414,Saint Pauls,"",293.217335266634,2850567240.80182,480450.415018018,202008160553
501,28385,30,0,3005,Salemburg,"",99.8336106489185,1040463355.97156,321938.125650219,202008160553
502,28386,241,6,6068,Shannon,"",397.165458141068,1134602512.8537,354913.796549299,202008160553
503,28387,133,2,17139,Southern Pines,"",77.6007935118735,810260751.658813,181010.127281146,202008160553
504,28390,185,4,23494,Spring Lake,"",78.7435089810164,1630867413.08136,287302.836124697,202008160553
505,28391,40,0,5326,Stedman,"",75.1032669921142,1084470955.12604,202263.555324582,202008160553
506,28392,46,1,1554,Tar Heel,"",296.010296010296,925384379.987671,187529.786563955,202008160553
507,28393,52,0,2160,Turkey,"",240.740740740741,1437383838.7915,233550.655699493,202008160553
508,28394,44,1,6094,Vass,"",72.202166064982,1215312777.16113,300186.221923817,202008160553
509,28395,25,0,2657,Wade,"",94.0910801656003,1382105528.22943,246616.208913961,202008160553
510,28396,29,1,2679,Wagram,"",108.249346771183,1631714382.90094,330475.243709585,202008160553
511,28398,304,8,7672,Warsaw,"",396.246089676747,2739435952.33466,345606.723026117,202008160553
512,28399,59,1,1934,White Oak,"",305.06721820062,2338498223.40869,308489.981388208,202008160553
513,28401,348,3,24213,Wilmington,"",143.724445545781,925590291.269562,302995.405207511,202008160553
514,28403,549,1,41945,Wilmington,"",130.885683633329,403456249.54361,135103.298695973,202008160553
515,28405,381,3,33719,Wilmington,"",112.992674753107,694443662.189972,212896.044608315,202008160553
516,28409,325,5,34974,Wilmington,"",92.9261737290559,678530052.059952,626246.018361276,202008160553
517,28411,375,5,38820,Wilmington,"",96.5996908809892,1477023573.08954,591854.549770877,202008160553
518,28412,429,3,42977,Wilmington,"",99.8208343997952,635947452.301941,245813.217862995,202008160553
519,28420,89,1,5116,Ash,"",173.964034401876,4030119174.4476,622951.504256467,202008160553
520,28421,15,0,2040,Atkinson,"",73.5294117647059,1701084244.28595,246250.995159075,202008160553
521,28422,91,7,8682,Bolivia,"",104.814558857406,2520456183.00197,406510.949073508,202008160553
522,28423,35,0,2285,Bolton,"",153.172866520788,4327886518.67657,560706.23791653,202008160553
523,28425,163,2,12625,Burgaw,"",129.108910891089,4872852970.19843,522799.098840263,202008160553
524,28428,92,0,7142,Carolina Beach,"",128.815457854943,153392950.326767,131890.839899376,202008160553
525,28429,69,0,8542,Castle Hayne,"",80.7773355186139,1146009267.92944,244578.64538817,202008160553
526,28430,27,1,2055,Cerro Gordo,"",131.386861313869,1294763521.80133,235369.368885516,202008160553
527,28431,130,6,6741,Chadbourn,"",192.849725560006,2019287633.59152,414968.282140326,202008160553
528,28432,37,2,1684,Clarendon,"",219.714964370546,913029717.719559,381140.327621417,202008160553
529,28433,57,0,5297,Clarkton,"",107.608080045309,3257754219.81824,497145.128049416,202008160553
530,28434,13,0,1357,Council,"",95.7995578481946,2209417286.23001,262045.947095385,202008160553
531,28435,21,0,2931,Currie,"",71.6479017400205,2746865502.37314,418800.327512466,202008160553
532,28436,25,0,2312,Delco,"",108.131487889273,1250613651.60083,304067.898737589,202008160553
533,28438,19,0,1688,Evergreen,"",112.559241706161,1324758692.31961,354385.951020837,202008160553
534,28439,32,4,1536,Fair Bluff,"",208.333333333333,667490225.496307,213264.007900786,202008160553
535,28441,67,2,3328,Garland,"",201.322115384615,3774857745.4223,555550.533903292,202008160553
536,28442,41,1,1734,Hallsboro,"",236.447520184544,1395074837.14975,336354.405393145,202008160553
537,28443,193,0,22483,Hampstead,"",85.8426366588089,4337834719.99771,560208.032392264,202008160553
538,28444,86,0,2278,Harrells,"",377.524143985953,3251010335.70935,548979.732892781,202008160553
539,28445,56,1,8142,Holly Ridge,"",68.7791697371653,2835470197.40424,676482.174744674,202008160553
540,28447,71,0,1334,Ivanhoe,"",532.233883058471,2755654733.91089,442226.920323366,202008160553
541,28448,16,1,1216,Kelly,"",131.578947368421,2360585218.26868,400674.523076971,202008160553
542,28449,17,0,1958,Kure Beach,"",86.8232890704801,112229003.875305,80695.004584803,202008160553
543,28450,44,5,2397,Lake Waccamaw,"",183.562786816854,1482484363.39343,277199.450521116,202008160553
544,28451,346,2,39194,Leland,"",88.2788181864571,5322314275.71591,771852.448618023,202008160553
545,28452,18,0,513,Longwood,"",350.877192982456,201031402.998276,76626.878203892,202008160553
546,28453,263,6,4137,Magnolia,"",635.726371766981,2286467269.94287,428957.863476439,202008160553
547,28454,10,0,3549,Maple Hill,"",28.1769512538743,3064407818.25446,319144.850869927,202008160553
548,28455,28,2,1718,Nakina,"",162.980209545984,1802269564.75485,339624.478895421,202008160553
549,28456,56,0,3566,Riegelwood,"",157.03869882221,1872158645.14374,368901.622022321,202008160553
550,28457,172,1,12840,Rocky Point,"",133.956386292835,3397895880.78387,551931.996451502,202008160553
551,28458,259,6,7018,Rose Hill,"",369.051011684241,3025757032.09851,549753.327973728,202008160553
552,28460,85,1,10588,Sneads Ferry,"",80.2795617680393,868820245.916626,505270.66774661,202008160553
553,28461,96,2,20575,Southport,"",46.6585662211422,2976816159.44659,699193.3729383,202008160553
554,28462,133,4,14309,Supply,"",92.9484939548536,3173815797.17624,578042.071238933,202008160553
555,28463,227,13,9865,Tabor City,"",230.106436898125,3441446535.6745,489113.866817469,202008160553
556,28464,91,1,2491,Teachey,"",365.315134484143,651873569.02948,216752.818849917,202008160553
557,28465,41,0,8285,Oak Island,"",49.4870247435124,278142792.540329,260764.452809295,202008160553
558,28466,320,6,10375,Wallace,"",308.433734939759,4134830722.40503,646652.750223625,202008160553
559,28467,118,3,11393,Calabash,"",103.572368998508,478052225.035095,182374.085490172,202008160553
560,28468,45,0,5394,Sunset Beach,"",83.4260289210234,561581539.026329,281339.504069841,202008160553
561,28469,82,1,7481,Ocean Isle Beach,"",109.611014570245,718539224.77166,397460.188245044,202008160553
562,28470,166,2,13446,Shallotte,"",123.456790123457,1182514664.27979,362760.617388835,202008160553
563,28472,281,14,20002,Whiteville,"",140.48595140486,5336860792.21823,836470.753006454,202008160553
564,28478,91,0,4976,Willard,"",182.877813504823,3641064446.79327,420805.470689162,202008160553
565,28479,50,0,4874,Winnabow,"",102.585145670907,2117768058.25922,493774.783138492,202008160553
566,28480,43,0,2737,Wrightsville Beach,"",157.106320789185,105606171.513519,198146.556810674,202008160553
567,28501,153,2,19507,Kinston,"",78.433382888194,2991635337.302,625626.15035165,202008160553
568,28504,255,7,21016,Kinston,"",121.336124857252,3402165916.96191,527051.926248194,202008160553
569,28508,105,2,2984,Albertson,"",351.876675603217,979966062.858154,216402.11543394,202008160553
570,28510,7,0,1543,Arapahoe,"",45.3661697990927,492605022.366577,160146.449017413,202008160553
571,28511,2,0,628,Atlantic,"",31.8471337579618,664520864.566406,632922.312503468,202008160553
572,28512,9,1,3689,Atlantic Beach,"",24.3968555164001,159414908.561523,282548.210087653,202008160553
573,28513,111,0,10825,Ayden,"",102.540415704388,2611479123.85803,477095.460669019,202008160553
574,28515,22,1,3463,Bayboro,"",63.5287323130234,1758589825.68518,437586.784820445,202008160553
575,28516,53,3,12482,Beaufort,"",42.4611440474283,3384236686.76337,1001596.71803034,202008160553
576,28518,116,1,8803,Beulaville,"",131.77325911621,2702594658.36359,473932.945095065,202008160553
577,28519,,,328,Bridgeton,Population <500 and Cases <5,,3782179.40026855,11964.2990373982,202008160553
578,28520,,,352,Cedar Island,Population <500 and Cases <5,,633116579.775757,427477.052966737,202008160553
579,28521,38,2,2259,Chinquapin,"",168.21602478973,984336924.154663,232445.955683395,202008160553
580,28523,13,1,2274,Cove City,"",57.1679859278804,2247611957.06177,297516.586083844,202008160553
581,28524,,,443,Davis,Population <500 and Cases <5,,547256692.822876,860357.358716607,202008160553
582,28525,27,0,3309,Deep Run,"",81.5956482320943,1368793733.10339,260376.07892082,202008160553
583,28526,13,0,2384,Dover,"",54.5302013422819,2062614072.29626,437910.466683838,202008160553
584,28527,3,0,905,Ernul,"",33.1491712707182,1145978492.04919,209684.397786102,202008160553
585,28528,0,0,640,Gloucester,"",0,74196560.923584,79933.9347539672,202008160553
586,28529,20,0,2539,Grantsboro,"",78.7711697518708,2523317524.60889,412017.089612736,202008160553
587,28530,92,0,7474,Grifton,"",123.093390420123,1906098626.48975,426610.065184872,202008160553
588,28531,4,0,1414,Harkers Island,"",28.2885431400283,96666650.4205933,159397.370996394,202008160553
589,28532,105,1,25868,Havelock,"",40.5906912014845,5072028576.29651,874966.498361209,202008160553
590,28533,,,0,Cherry Point,Population <500 and Cases <5,,253735788.170532,192645.367219711,202008160553
591,28537,,,186,Hobucken,Population <500 and Cases <5,,891999129.25647,352204.851723086,202008160553
592,28538,38,0,3342,Hookerton,"",113.704368641532,837514346.679443,167225.326393657,202008160553
593,28539,78,1,18000,Hubert,"",43.3333333333333,2158531628.89203,965472.416809674,202008160553
594,28540,256,1,52400,Jacksonville,"",48.8549618320611,3283488394.35052,547729.060516664,202008160553
595,28542,82,0,6146,Camp Lejeune,"",133.420110641067,1137151211.30426,554417.951637184,202008160553
596,28543,26,1,6618,Tarawa Terrace,"",39.2867935932306,101812905.851257,81799.9494086723,202008160553
597,28544,33,2,5607,Midway Park,"",58.8550026752274,155759986.503357,92182.0384683424,202008160553
598,28545,6,0,4010,Mccutcheon Field,"",14.9625935162095,145247654.855835,101700.276162633,202008160553
599,28546,301,1,51963,Jacksonville,"",57.9258318418875,2766403023.01086,429757.095409677,202008160553
600,28547,92,0,13868,Camp Lejeune,"",66.3397750216325,321351155.112183,125030.1108688,202008160553
601,28551,204,3,14265,La Grange,"",143.007360672976,3578620059.57935,402405.541085344,202008160553
602,28552,,,131,Lowland,Population <500 and Cases <5,,211084218.553589,104037.967496467,202008160553
603,28553,1,0,522,Marshallberg,"",19.1570881226054,44093630.395752,64625.7950525978,202008160553
604,28555,24,0,4702,Maysville,"",51.0421097405359,3623337430.05573,600372.548840717,202008160553
605,28556,0,0,1150,Merritt,"",0,1139666751.30212,394317.853497314,202008160553
606,28557,68,0,15254,Morehead City,"",44.5784712206634,400526127.961975,291647.007459014,202008160553
607,28560,258,10,28926,New Bern,"",89.1931134619374,3309199654.78784,1030041.14449326,202008160553
608,28561,10,0,0,New Bern,"",,195198.709350586,2618.49962886206,202008160553
609,28562,318,6,38009,New Bern,"",83.6643952748033,3853792240.20764,1071472.47820273,202008160553
610,28570,170,1,22687,Newport,"",74.9327808877331,4050945831.7467,612371.091717979,202008160553
611,28571,10,0,3137,Oriental,"",31.8775900541919,1482289449.53186,353024.47769856,202008160553
612,28572,83,1,6379,Pink Hill,"",130.114437999686,3042675125.74115,395176.694907307,202008160553
613,28573,49,3,2475,Pollocksville,"",197.979797979798,3035889883.2348,360117.83631843,202008160553
614,28574,112,2,17702,Richlands,"",63.2696870410123,3868294357.7301,523654.71280993,202008160553
615,28577,4,0,595,Sealevel,"",67.2268907563025,131607264.267456,82049.6590834025,202008160553
616,28578,209,3,7044,Seven Springs,"",296.706416808631,1837860745.29797,304549.150963809,202008160553
617,28579,7,0,798,Smyrna,"",87.719298245614,633080494.557556,233023.142000653,202008160553
618,28580,203,3,12031,Snow Hill,"",168.730778821378,3261656823.56982,373362.024423985,202008160553
619,28581,,,224,Stacy,Population <500 and Cases <5,,2404669972.88318,703346.462367876,202008160553
620,28582,5,0,1824,Stella,"",27.4122807017544,566119411.242798,233745.537488707,202008160553
621,28583,,,0,Stonewall,Population <500 and Cases <5,,596710.740722656,3607.20989795631,202008160553
622,28584,44,0,12910,Swansboro,"",34.0821068938807,870417864.570801,630505.524420815,202008160553
623,28585,32,2,4170,Trenton,"",76.7386091127098,5857263271.9624,616313.550954669,202008160553
624,28586,94,0,8427,Vanceboro,"",111.546220481785,3798727344.79224,393188.365406213,202008160553
625,28587,,,324,Vandemere,Population <500 and Cases <5,,250612018.426636,182903.197478108,202008160553
626,28590,327,3,26551,Winterville,"",123.1592030432,1153236268.85608,260797.112041444,202008160553
627,28594,21,1,3678,Emerald Isle,"",57.0962479608483,161880563.377441,206007.39513627,202008160553
628,28601,757,12,49848,Hickory,"",151.861659444712,1378207425.05768,365850.750506082,202008160553
629,28602,452,8,31218,Hickory,"",144.788263181498,1938678919.97003,319569.803956005,202008160553
630,28604,32,0,6449,Banner Elk,"",49.6200961389363,1915326545.24634,325836.980718489,202008160553
631,28605,12,0,4143,Blowing Rock,"",28.9645184648805,895784503.144714,248689.345104092,202008160553
632,28606,20,0,2367,Boomer,"",84.4951415293621,1247639586.18042,214129.251492026,202008160553
633,28607,215,0,37481,Boone,"",57.3623969477869,2776057252.95807,555835.87368089,202008160553
634,28609,61,0,6457,Catawba,"",94.4711166176243,1341728385.28827,281255.134101197,202008160553
635,28610,125,0,10238,Claremont,"",122.094159015433,1121879522.66571,308096.881521473,202008160553
636,28611,12,0,978,Collettsville,"",122.699386503067,2483135872.03735,419111.187381629,202008160553
637,28612,156,5,14906,Connelly Springs,"",104.655843284583,2400642845.42798,441028.943696581,202008160553
638,28613,371,5,25216,Conover,"",147.128807106599,1220326345.78546,362168.639637895,202008160553
639,28615,21,0,1883,Creston,"",111.524163568773,1868599532.61511,272770.247470023,202008160553
640,28617,24,0,2451,Crumpler,"",97.9192166462668,986888820.641235,263906.737953269,202008160553
641,28618,16,0,2480,Deep Gap,"",64.5161290322581,1010729766.2395,224128.286954044,202008160553
642,28621,163,3,10400,Elkin,"",156.730769230769,1827310682.30029,492431.108964796,202008160553
643,28622,15,0,2638,Elk Park,"",56.8612585291888,922706854.79248,228052.883765708,202008160553
644,28623,31,0,1716,Ennice,"",180.652680652681,790959225.749146,176648.995975267,202008160553
645,28624,31,1,1893,Ferguson,"",163.761225567882,1893859856.27216,280305.359064925,202008160553
646,28625,471,4,38862,Statesville,"",121.198085533426,5528677082.18164,627405.10903711,202008160553
647,28626,7,0,3001,Fleetwood,"",23.3255581472842,819063990.876587,148645.734339712,202008160553
648,28627,7,0,1534,Glade Valley,"",45.632333767927,929851696.585571,229623.659776181,202008160553
649,28629,,,63,Glendale Springs,Population <500 and Cases <5,,18113919.8492432,19773.9407564207,202008160553
650,28630,326,6,20369,Granite Falls,"",160.047130443321,1749206123.14734,364175.180926025,202008160553
651,28631,18,0,536,Grassy Creek,"",335.820895522388,666742006.060913,167245.211138671,202008160553
652,28634,73,0,5269,Harmony,"",138.54621370279,1708637469.52393,380041.00063272,202008160553
653,28635,31,2,4032,Hays,"",76.8849206349206,1589254753.84888,282956.554467362,202008160553
654,28636,55,1,5186,Hiddenite,"",106.054762822985,1563401720.00476,343683.132287545,202008160553
655,28637,28,0,1583,Hildebran,"",176.879343019583,75804105.8025513,39679.7431148789,202008160553
656,28638,177,0,12560,Hudson,"",140.923566878981,586195125.955933,179942.259882133,202008160553
657,28640,19,0,4805,Jefferson,"",39.5421436004162,1056537388.6748,302637.68949569,202008160553
658,28642,65,0,5578,Jonesville,"",116.529221943349,922184812.2677,173376.666314256,202008160553
659,28643,20,0,3443,Lansing,"",58.0888759802498,2044042930.41492,275858.107391137,202008160553
660,28644,6,0,1570,Laurel Springs,"",38.2165605095541,2045165288.09131,297831.475142139,202008160553
661,28645,717,8,47621,Lenoir,"",150.563826883098,9179149391.98291,930216.037146458,202008160553
662,28646,7,0,463,Linville,"",151.187904967603,440709602.757813,156576.175660301,202008160553
663,28649,6,0,1034,Mc Grady,"",58.0270793036751,1036137984.80469,190682.670149615,202008160553
664,28650,161,2,13374,Maiden,"",120.382832361298,1278104496.07623,377336.649296681,202008160553
665,28651,78,0,6653,Millers Creek,"",117.24034270254,2065649255.9353,349078.290644553,202008160553
666,28654,52,0,3800,Moravian Falls,"",136.842105263158,1821577421.53857,295573.209104024,202008160553
667,28655,1240,21,58249,Morganton,"",212.879191059074,9153179930.14331,677983.745386267,202008160553
668,28657,35,0,9610,Newland,"",36.420395421436,3935578521.47217,457051.359413869,202008160553
669,28658,384,6,25858,Newton,"",148.503364529353,2022657893.02307,451555.722478837,202008160553
670,28659,326,5,21013,North Wilkesboro,"",155.142054918384,2817470108.66394,743040.466864702,202008160553
671,28660,22,0,2336,Olin,"",94.1780821917808,892135691.594116,224297.744075571,202008160553
672,28663,2,0,715,Piney Creek,"",27.972027972028,577849850.650269,137228.322788793,202008160553
673,28665,23,0,2986,Purlear,"",77.0261219022103,1778038258.60608,240271.301413849,202008160553
674,28667,,,105,Rhodhiss,Population <500 and Cases <5,,1309548.80932617,6065.66147149414,202008160553
675,28668,,,39,Roaring Gap,Population <500 and Cases <5,,150579895.761963,97868.8716295681,202008160553
676,28669,26,0,3133,Roaring River,"",82.9875518672199,1299426384.18799,252536.432806368,202008160553
677,28670,24,2,3183,Ronda,"",75.4005655042413,1123975912.01135,257469.478215133,202008160553
678,28672,,,35,Scottville,Population <500 and Cases <5,,62555584.7313232,47932.7256464108,202008160553
679,28673,29,0,6621,Sherrills Ford,"",43.8000302069174,852092289.759583,248402.605359209,202008160553
680,28675,131,0,6805,Sparta,"",192.505510653931,2977111225.9541,397880.21838125,202008160553
681,28676,26,0,3444,State Road,"",75.4936120789779,830902972.436646,197653.666386266,202008160553
682,28677,463,7,35614,Statesville,"",130.005054192172,2372250827.99042,364916.143502524,202008160553
683,28678,43,0,5252,Stony Point,"",81.8735719725819,1249807753.12482,237772.476162198,202008160553
684,28679,7,0,2122,Sugar Grove,"",32.9877474081056,636943392.934937,227619.317646308,202008160553
685,28681,224,1,26959,Taylorsville,"",83.0891353536852,4726487412.65814,412700.759417833,202008160553
686,28682,5,0,1099,Terrell,"",45.4959053685168,164657442.78833,108427.066369374,202008160553
687,28683,13,0,1934,Thurmond,"",67.2182006204757,988749233.112671,203358.60410099,202008160553
688,28684,7,1,2175,Todd,"",32.183908045977,1383524229.94177,292392.138653963,202008160553
689,28685,9,0,1908,Traphill,"",47.1698113207547,1296786088.98804,215086.939280452,202008160553
690,28689,17,0,1662,Union Grove,"",102.286401925391,1218398001.86389,304792.24772459,202008160553
691,28690,110,1,9427,Valdese,"",116.686114352392,668624773.04187,213466.610171622,202008160553
692,28692,35,0,4504,Vilas,"",77.708703374778,1091553223.68976,286379.955820553,202008160553
693,28693,9,0,1693,Warrensville,"",53.1600708800945,621923811.260986,170328.387778476,202008160553
694,28694,34,0,8033,West Jefferson,"",42.3254076932653,2188720146.69934,416426.801998168,202008160553
695,28697,233,8,13376,Wilkesboro,"",174.192583732057,1810927272.521,565265.362104433,202008160553
696,28698,18,0,1844,Zionville,"",97.6138828633406,762471326.925049,227334.653867247,202008160553
697,28701,18,0,4830,Alexander,"",37.2670807453416,557040025.003723,178622.867954755,202008160553
698,28702,3,0,704,Almond,"",42.6136363636364,749571990.457794,168899.042279792,202008160553
699,28704,244,0,21728,Arden,"",112.297496318115,1481682958.97644,329012.999643476,202008160553
700,28705,23,0,7168,Bakersville,"",32.0870535714286,3538838336.04175,376028.663142582,202008160553
701,28708,0,0,1340,Balsam Grove,"",0,795626278.709686,241272.033803255,202008160553
702,28709,4,0,2308,Barnardsville,"",17.3310225303293,1635213770.4093,231197.383485249,202008160553
703,28711,73,4,15250,Black Mountain,"",47.8688524590164,2289646423.50623,432841.10713665,202008160553
704,28712,92,0,19644,Brevard,"",46.8336387701079,3743370041.24365,607196.289251344,202008160553
705,28713,40,0,9333,Bryson City,"",42.8586735240544,7085157294.99072,658029.652447302,202008160553
706,28714,64,0,17066,Burnsville,"",37.5014649009727,7287599937.88281,538818.932986382,202008160553
707,28715,207,1,27289,Candler,"",75.8547400051303,1975153881.5733,274379.594297132,202008160553
708,28716,201,21,18650,Canton,"",107.774798927614,4450693739.33826,450946.985814241,202008160553
709,28717,49,1,1471,Cashiers,"",333.106730115568,1160000231.10587,300525.403558473,202008160553
710,28718,1,0,607,Cedar Mountain,"",16.4744645799012,604740430.192017,157079.894608512,202008160553
711,28719,93,3,6945,Cherokee,"",133.909287257019,6313532001.74988,506970.161305604,202008160553
712,28720,,,35,Chimney Rock,Population <500 and Cases <5,,47877696.5422974,47768.4833790312,202008160553
713,28721,66,0,10866,Clyde,"",60.7399226946438,3262240884.20239,451646.750156333,202008160553
714,28722,46,0,6854,Columbus,"",67.1140939597315,1330435890.70984,371441.890606651,202008160553
715,28723,118,0,11678,Cullowhee,"",101.044699434835,2829089767.59064,521400.904374382,202008160553
716,28725,,,36,Dillsboro,Population <500 and Cases <5,,1395548.49920654,7541.63511359509,202008160553
717,28726,79,1,3477,East Flat Rock,"",227.207362668968,62782212.3257446,52681.8363735949,202008160553
718,28729,14,0,2978,Etowah,"",47.0114170584285,115914409.369507,74718.0620947517,202008160553
719,28730,32,0,10068,Fairview,"",31.7838696861343,1334723772.69336,277836.650121475,202008160553
720,28731,203,4,9271,Flat Rock,"",218.962355732931,910498937.374664,308715.430561088,202008160553
721,28732,102,0,18899,Fletcher,"",53.9711095825176,1163648233.76184,268599.174805656,202008160553
722,28733,,,200,Fontana Dam,Population <500 and Cases <5,,498075903.916718,200917.740964481,202008160553
723,28734,371,1,28423,Franklin,"",130.528093445449,8413329787.90622,680710.034553254,202008160553
724,28735,,,294,Gerton,Population <500 and Cases <5,,137680777.623108,92735.3834552802,202008160553
725,28736,12,0,740,Glenville,"",162.162162162162,845894035.551971,243241.394198335,202008160553
726,28739,125,1,21994,Hendersonville,"",56.8336819132491,1809199500.98254,354883.696935043,202008160553
727,28740,10,0,2123,Green Mountain,"",47.1031559114461,2560353451.70599,391601.88482291,202008160553
728,28741,69,0,3135,Highlands,"",220.095693779904,2488322100.83908,291652.561708351,202008160553
729,28742,12,0,2834,Horse Shoe,"",42.3429781227946,759756422.807678,323788.261855291,202008160553
730,28743,6,0,2422,Hot Springs,"",24.7729149463254,2855463957.34918,351331.648547095,202008160553
731,28745,8,0,598,Lake Junaluska,"",133.779264214047,24208240.7459412,20619.3143809221,202008160553
732,28746,13,0,2583,Lake Lure,"",50.3290747193186,1635267198.94843,301403.103342596,202008160553
733,28747,4,1,2517,Lake Toxaway,"",15.8919348430671,1644170650.80768,278687.825520297,202008160553
734,28748,79,2,12684,Leicester,"",62.2831914222643,2568900770.12885,433742.542694055,202008160553
735,28749,,,0,Little Switzerland,Population <500 and Cases <5,,1713987.45050049,8852.52475284555,202008160553
736,28751,23,0,3738,Maggie Valley,"",61.5302300695559,1196971956.93442,252655.252396679,202008160553
737,28752,516,12,31501,Marion,"",163.804323672264,6843838240.70496,729852.019397462,202008160553
738,28753,24,0,12286,Marshall,"",19.5344294318737,7221367422.4903,582321.875436496,202008160553
739,28754,23,1,8823,Mars Hill,"",26.0682307605123,2532637146.55933,336365.654274913,202008160553
740,28756,45,0,4770,Mill Spring,"",94.3396226415094,2319967191.40479,359387.276461913,202008160553
741,28757,,,0,Montreat,Population <500 and Cases <5,,129672.114624023,2617.87913210505,202008160553
742,28759,60,1,7867,Mills River,"",76.2679547476802,710290580.507599,219074.688607406,202008160553
743,28761,128,6,8493,Nebo,"",150.712351348169,3254647047.74689,448908.605974669,202008160553
744,28762,64,1,7603,Old Fort,"",84.1772984348284,2996741187.4848,387268.208256283,202008160553
745,28763,23,0,2864,Otto,"",80.3072625698324,1145043002.66425,202810.842815888,202008160553
746,28766,3,0,1526,Penrose,"",19.6592398427261,159626292.482056,88900.5625977206,202008160553
747,28768,48,0,7895,Pisgah Forest,"",60.7979734008866,2244655883.74216,321689.536597621,202008160553
748,28771,43,0,8212,Robbinsville,"",52.3623964929372,9086438704.3884,732920.807564289,202008160553
749,28772,1,0,1942,Rosman,"",5.14933058702369,577124059.134399,256613.212684218,202008160553
750,28773,34,4,3508,Saluda,"",96.921322690992,1396855034.24573,267712.497423626,202008160553
751,28774,13,0,1569,Sapphire,"",82.855321861058,1130246511.80005,224488.61951138,202008160553
752,28775,5,1,493,Scaly Mountain,"",101.419878296146,456631744.06662,130336.94180952,202008160553
753,28777,73,3,10391,Spruce Pine,"",70.2531036473872,1968811938.32007,332780.684408785,202008160553
754,28778,73,0,10803,Swannanoa,"",67.5738220864575,692162823.950317,188030.795128165,202008160553
755,28779,151,2,17610,Sylva,"",85.7467348097672,3287520334.70795,472387.421611018,202008160553
756,28781,0,0,957,Topton,"",0,2402982140.90009,297913.620657844,202008160553
757,28782,51,2,6512,Tryon,"",78.3169533169533,1239852111.02036,390005.579825198,202008160553
758,28783,27,2,1905,Tuckasegee,"",141.732283464567,2507065764.50815,412465.098737654,202008160553
759,28785,28,0,8309,Waynesville,"",33.698399326032,4680111391.07288,434987.630089387,202008160553
760,28786,122,1,21837,Waynesville,"",55.8684801025782,2130537927.5513,319219.020654079,202008160553
761,28787,120,0,20681,Weaverville,"",58.0242734877424,2146776657.76654,337936.038355962,202008160553
762,28789,43,1,6551,Whittier,"",65.6388337658373,1731085189.80936,281392.474737519,202008160553
763,28790,25,0,3775,Zirconia,"",66.2251655629139,1184634316.47168,272368.233599775,202008160553
764,28791,188,8,15811,Hendersonville,"",118.904560116375,466838231.125,123544.27336528,202008160553
765,28792,673,41,37949,Hendersonville,"",177.343276502675,2892120004.20319,483608.715059927,202008160553
766,28801,96,2,16782,Asheville,"",57.2041473006793,142991050.123962,66531.4000304091,202008160553
767,28803,254,5,34731,Asheville,"",73.1335118482048,1148499781.62708,221583.067984848,202008160553
768,28804,111,6,23302,Asheville,"",47.6353961033388,818376430.368896,216401.982596761,202008160553
769,28805,124,4,20394,Asheville,"",60.8021967245268,743578799.615234,203043.782551956,202008160553
770,28806,514,28,43841,Asheville,"",117.241851235145,1123591112.45288,297671.815966071,202008160553
771,28901,47,1,6039,Andrews,"",77.8274548766352,1881090750.42804,271571.032581688,202008160553
772,28902,15,0,1562,Brasstown,"",96.0307298335467,645585335.657318,162521.113458697,202008160553
773,28904,65,1,9535,Hayesville,"",68.1699003670687,5317145252.91805,403950.005454209,202008160553
774,28905,22,0,3548,Marble,"",62.0067643742954,1058320723.96715,269002.244098821,202008160553
775,28906,199,3,20296,Murphy,"",98.0488766259362,9849733400.34212,586826.324547444,202008160553
776,28909,5,0,1068,Warne,"",46.8164794007491,269492752.319427,107722.293423693,202008160553
777,27969,,,0,Roduco,Population <500 and Cases <5,,724387.010986328,3958.82496624679,202008160553
778,28253,,,0,Charlotte,Population <500 and Cases <5,,133339.295837402,3050.2273713774,202008160553
779,28608,,,0,Boone,Population <500 and Cases <5,,274774.708862305,3583.90419251761,202008160553
780,27533,450,2,0,"","",456,18055719.4014893,15817.3715737294,202008160553
