OBJECTID,ZIPCode,Cases,Deaths,TotalPop,Place,Note,Shape__Area,Shape__Length,DataGatherTS
1,27006,22,2,14872,Advance,,1744189234.37061,355282.663136038,202005312036
2,27007,5,0,2136,Ararat,,592499585.594238,195922.003442792,202005312036
3,27009,3,0,2937,Belews Creek,,618093097.011353,191244.647442635,202005312036
4,27011,16,0,5411,Boonville,,1489580093.86462,316910.589814884,202005312036
5,27012,30,0,28954,Clemmons,,1176567385.86804,255774.303165276,202005312036
6,27013,11,1,6495,Cleveland,,2066336247.98627,379169.285246239,202005312036
7,27014,0,0,957,Cooleemee,,21479098.032959,22299.1178929161,202005312036
8,27016,1,0,1682,Danbury,,1068209590.0686,211061.413302457,202005312036
9,27017,38,0,9499,Dobson,,2962951682.04883,566348.974052304,202005312036
10,27018,35,1,8221,East Bend,,2331567909.96985,255811.974556888,202005312036
11,27019,4,0,4234,Germanton,,977414017.819214,270248.259734795,202005312036
12,27020,33,1,6104,Hamptonville,,2114111622.36755,316969.486887135,202005312036
13,27021,32,0,17979,King,,1469376476.14172,210392.900707099,202005312036
14,27022,0,0,1512,Lawsonville,,918745327.278442,200803.000966771,202005312036
15,27023,26,1,12775,Lewisville,,807172159.002075,183078.980128527,202005312036
16,27024,5,0,2683,Lowgap,,1265827411.39758,278411.484773322,202005312036
17,27025,10,0,11117,Madison,,2714649364.33142,468723.596670606,202005312036
18,27027,1,0,4017,Mayodan,,548179131.574585,172371.363079245,202005312036
19,27028,75,0,28039,Mocksville,,5475621774.30664,567238.136149725,202005312036
20,27030,123,2,37641,Mount Airy,,4824085732.75671,624989.724929863,202005312036
21,27040,11,0,13150,Pfafftown,,763349953.536133,205025.773716105,202005312036
22,27041,5,0,8020,Pilot Mountain,,1629462738.40637,324677.141569035,202005312036
23,27042,3,0,720,Pine Hall,,290758639.069458,113971.243586081,202005312036
24,27043,11,0,6442,Pinnacle,,1935795027.06067,395674.180712496,202005312036
25,27045,34,0,9583,Rural Hall,,666085549.25769,154538.589918543,202005312036
26,27046,0,0,1953,Sandy Ridge,,1237681699.0647,217125.573744555,202005312036
27,27047,2,0,1279,Siloam,,576295820.815674,144984.839113672,202005312036
28,27048,9,0,8902,Stoneville,,2355000804.03674,325454.766660313,202005312036
29,27050,7,0,4084,Tobaccoville,,703876500.567505,219088.1792708,202005312036
30,27051,17,0,8287,Walkertown,,524680317.775635,151066.808563308,202005312036
31,27052,23,0,10061,Walnut Cove,,2710320219.82117,403203.611044297,202005312036
32,27053,1,0,3156,Westfield,,2152815477.55933,413464.446930882,202005312036
33,27054,1,0,2608,Woodleaf,,778193820.583862,201172.963339102,202005312036
34,27055,80,0,14521,Yadkinville,,3115987965.39453,403366.49229781,202005312036
35,27101,43,0,24321,Winston Salem,,356085731.400146,162957.922513793,202005312036
36,27103,123,2,36071,Winston Salem,,527249856.672729,146399.561156354,202005312036
37,27104,104,2,29383,Winston Salem,,337669863.683838,130394.134288752,202005312036
38,27105,273,0,40186,Winston Salem,,950547784.577881,208375.813794777,202005312036
39,27106,164,1,51378,Winston Salem,,787324720.967285,203893.681115083,202005312036
40,27107,286,3,52432,Winston Salem,,1859279716.41162,319111.813640457,202005312036
41,27127,170,2,38510,Winston Salem,,820319160.873047,213438.375685158,202005312036
42,27157,NA,NA,5,Winston Salem,Population <500 and Cases <5,827769.094482422,4216.57245655308,202005312036
43,27203,229,7,21876,Asheboro,,589408161.410522,188062.356665824,202005312036
44,27205,154,2,34549,Asheboro,,6255653514.79199,588011.232518038,202005312036
45,27207,20,0,3806,Bear Creek,,2300194678.82397,473699.237818467,202005312036
46,27208,7,0,1691,Bennett,,1029479783.1405,215638.108979383,202005312036
47,27209,47,2,4151,Biscoe,,1198089302.20734,259108.004034657,202005312036
48,27212,17,0,1600,Blanch,,1328181375.12305,277007.39975067,202005312036
49,27214,12,1,11747,Browns Summit,,1414533235.94788,324969.092830869,202005312036
50,27215,60,3,44892,Burlington,,1827823774.30115,298200.358945539,202005312036
51,27217,177,16,39111,Burlington,,3473433663.33496,513818.51476852,202005312036
52,27229,18,0,4014,Candor,,2747739848.89313,367384.611313313,202005312036
53,27231,2,0,2048,Cedar Grove,,987771348.581177,209108.769362036,202005312036
54,27233,2,0,3647,Climax,,703252829.253662,187154.002103638,202005312036
55,27235,1,0,4575,Colfax,,380654027.583252,148521.339190303,202005312036
56,27239,14,0,9629,Denton,,4319759872.9696,429373.198159064,202005312036
57,27242,1,0,2668,Eagle Springs,,1480408484.01825,321391.030328654,202005312036
58,27243,7,0,4665,Efland,,1142332751.10315,311755.144165646,202005312036
59,27244,4,0,16259,Elon,,1541989025.453,399696.340130384,202005312036
60,27248,17,1,4835,Franklinville,,942909114.352783,215710.992817749,202005312036
61,27249,15,0,13355,Gibsonville,,1679803774.77087,397477.611919868,202005312036
62,27252,5,1,2264,Goldston,,1142470673.17163,220926.147155476,202005312036
63,27253,50,1,31464,Graham,,2351372927.78931,521476.969804177,202005312036
64,27258,12,0,7740,Haw River,,473631125.268677,312686.877842211,202005312036
65,27260,149,5,25696,High Point,,348441568.963501,133229.878739789,202005312036
66,27262,91,1,24764,High Point,,368730084.700928,171087.864383377,202005312036
67,27263,58,0,22320,High Point,,1121512604.52234,249658.228757679,202005312036
68,27265,138,7,50038,High Point,,1172957282.41284,307481.490778656,202005312036
69,27268,1,0,1695,High Point,,2495618.64758301,8251.66869064816,202005312036
70,27278,45,0,27181,Hillsborough,,2885765742.02771,502574.675043234,202005312036
71,27281,11,0,3710,Jackson Springs,,2095606802.2608,479969.724586594,202005312036
72,27282,11,1,16597,Jamestown,,404066994.873657,168803.970950205,202005312036
73,27283,7,0,2982,Julian,,711286368.914917,161239.518798817,202005312036
74,27284,100,1,56201,Kernersville,,2233069317.10205,420748.080109325,202005312036
75,27288,34,0,23585,Eden,,1951079100.05676,304615.616752016,202005312036
76,27291,1,0,1538,Leasburg,,1492904663.44434,314720.365319101,202005312036
77,27292,72,2,41465,Lexington,,4270233445.18579,407599.915340798,202005312036
78,27295,111,10,39191,Lexington,,3631502180.53174,466742.919509858,202005312036
79,27298,48,0,10440,Liberty,,2639148530.03284,431527.987760386,202005312036
80,27299,11,0,5254,Linwood,,822543412.257813,203597.604040365,202005312036
81,27301,13,2,10019,Mc Leansville,,900133716.655151,287107.537324028,202005312036
82,27302,47,0,32302,Mebane,,3198656461.27478,644303.59427532,202005312036
83,27305,17,1,1585,Milton,,687167820.539429,263836.485514183,202005312036
84,27306,20,1,5945,Mount Gilead,,5305900334.83325,426306.558627535,202005312036
85,27310,8,1,8562,Oak Ridge,,526240082.103149,140986.043049622,202005312036
86,27311,2,0,3220,Pelham,,1338371966.32642,293760.993606137,202005312036
87,27312,99,17,22205,Pittsboro,,5005768374.64233,617961.777569282,202005312036
88,27313,66,14,7288,Pleasant Garden,,760352714.59021,181619.740165306,202005312036
89,27314,0,0,1138,Prospect Hill,,773578280.842896,162162.976448062,202005312036
90,27315,1,0,2140,Providence,,697810511.310425,179457.95829655,202005312036
91,27316,68,1,7156,Ramseur,,1975410509.03577,278228.393914438,202005312036
92,27317,54,2,17851,Randleman,,1700826686.43616,339539.515262609,202005312036
93,27320,24,2,38894,Reidsville,,6966725984.64832,658218.836963247,202005312036
94,27325,24,0,7676,Robbins,,2401051783.47894,409075.895347679,202005312036
95,27326,5,0,3692,Ruffin,,1884156536.74561,359587.547530237,202005312036
96,27330,335,4,39529,Sanford,,6011213414.18433,528161.840140257,202005312036
97,27332,150,1,33549,Sanford,,2996782209.29614,417113.164836099,202005312036
98,27340,NA,NA,34,Saxapahaw,Population <500 and Cases <5,694758.987792969,3852.87240074502,202005312036
99,27341,15,0,5820,Seagrove,,2678433259.4787,311632.157547413,202005312036
100,27343,1,0,1840,Semora,,1390260353.39624,348769.311430722,202005312036
101,27344,447,3,19290,Siler City,,4591228058.44531,607903.308882544,202005312036
102,27349,5,0,5850,Snow Camp,,1831279532.651,381750.490582419,202005312036
103,27350,4,0,7508,Sophia,,1066449848.573,204602.636460839,202005312036
104,27355,23,0,3196,Staley,,1016358702.6969,245160.332752788,202005312036
105,27356,15,1,3513,Star,,1815293543.21783,348288.37985576,202005312036
106,27357,17,1,8325,Stokesdale,,1273124268.28796,223115.118835702,202005312036
107,27358,16,1,15960,Summerfield,,1557557662.14905,323017.176053331,202005312036
108,27360,127,0,48331,Thomasville,,2458732404.91687,372395.85217249,202005312036
109,27370,26,0,14622,Trinity,,1663817222.16028,344702.900725307,202005312036
110,27371,21,0,7778,Troy,,4076136455.00793,473833.643450898,202005312036
111,27376,15,0,9884,West End,,1781050002.06519,320932.333330313,202005312036
112,27377,16,0,9597,Whitsett,,736936774.92627,183024.518653502,202005312036
113,27379,8,0,6057,Yanceyville,,2663338769.75159,422550.665080929,202005312036
114,27401,47,2,20221,Greensboro,,171748092.127686,100334.769337553,202005312036
115,27403,24,1,21278,Greensboro,,159396286.028687,87465.2545388649,202005312036
116,27405,215,6,52510,Greensboro,,886695637.391357,284328.526421691,202005312036
117,27406,91,10,60755,Greensboro,,1894160074.00403,327705.317343953,202005312036
118,27407,140,5,49837,Greensboro,,840498790.451172,227731.576408348,202005312036
119,27408,15,0,17406,Greensboro,,221403500.549561,80148.1616765212,202005312036
120,27409,25,1,17953,Greensboro,,603872824.646484,239783.02449594,202005312036
121,27410,37,3,56968,Greensboro,,859363574.914917,272309.563854046,202005312036
122,27411,0,0,847,Greensboro,,713742.998291016,5860.23208289576,202005312036
123,27412,0,0,1886,Greensboro,,4771290.83532715,13054.7888333439,202005312036
124,27455,33,2,29197,Greensboro,,816075696.678345,198282.860420201,202005312036
125,27498,NA,NA,13,Greensboro,Population <500 and Cases <5,3369264.12316895,7774.18760349114,202005312036
126,27501,28,1,21338,Angier,,1683348454.90833,329143.189780915,202005312036
127,27502,74,1,43747,Apex,,840126405.51062,242725.298081049,202005312036
128,27503,12,0,7222,Bahama,,1054708975.44934,246183.053747647,202005312036
129,27504,44,1,16320,Benson,,2584462015.08862,486262.181304732,202005312036
130,27505,31,2,7308,Broadway,,1509842573.20557,320128.840505679,202005312036
131,27507,9,0,2053,Bullock,,1354883649.98218,266873.357504053,202005312036
132,27508,3,0,2340,Bunn,,312599782.273071,114289.902416244,202005312036
133,27509,173,12,6935,Butner,,507253453.414795,156294.942704551,202005312036
134,27510,31,2,14543,Carrboro,,88705554.5671387,57867.6032694508,202005312036
135,27511,37,2,34041,Cary,,333520579.048462,98702.6527265331,202005312036
136,27513,46,1,49003,Cary,,474399121.186279,162336.294574525,202005312036
137,27514,86,16,32847,Chapel Hill,,579057212.663452,190879.985276748,202005312036
138,27516,54,3,44117,Chapel Hill,,2564236091.9281,438904.079251583,202005312036
139,27517,50,0,28831,Chapel Hill,,1520140847.99951,299162.993678501,202005312036
140,27518,18,0,22765,Cary,,262665807.612671,130741.025823352,202005312036
141,27519,42,1,59960,Cary,,609072010.422363,166930.324843009,202005312036
142,27520,128,14,43958,Clayton,,1962402119.35425,374945.851452289,202005312036
143,27521,6,0,7149,Coats,,721041350.168091,174373.299688566,202005312036
144,27522,32,0,13652,Creedmoor,,2172960809.67273,361578.814896966,202005312036
145,27523,8,0,12782,Apex,,1210964088.06177,294058.887697931,202005312036
146,27524,29,0,13532,Four Oaks,,3831785222.9375,530912.577014992,202005312036
147,27525,31,0,15534,Franklinton,,2660281050.9928,421324.476104612,202005312036
148,27526,39,0,54027,Fuquay Varina,,2787678657.25134,460586.982042285,202005312036
149,27527,40,0,30234,Clayton,,1261348608.45837,213730.175971786,202005312036
150,27529,71,1,53854,Garner,,1666161335.17407,336033.618547781,202005312036
151,27530,137,3,40212,Goldsboro,,2920081393.96802,465673.796837526,202005312036
152,27531,1,0,666,Goldsboro,,123956304.007813,71472.4653387502,202005312036
153,27534,134,1,31819,Goldsboro,,1995982542.31616,394454.137280507,202005312036
154,27536,190,17,16459,Henderson,,359552678.037964,148817.062353839,202005312036
155,27537,121,3,25321,Henderson,,5545289733.50195,795404.906342346,202005312036
156,27539,25,1,26567,Apex,,805959451.628174,335082.894750929,202005312036
157,27540,26,1,39075,Holly Springs,,1299006108.57275,339054.617126205,202005312036
158,27541,3,0,4044,Hurdle Mills,,1979862536.66309,328579.598479954,202005312036
159,27542,15,1,10043,Kenly,,2499059670.1123,366253.348192187,202005312036
160,27544,8,0,4291,Kittrell,,1645813165.28467,322022.503716068,202005312036
161,27545,105,13,30327,Knightdale,,885541868.759766,219250.012614228,202005312036
162,27546,103,19,22436,Lillington,,3433026188.83105,510775.88711738,202005312036
163,27549,94,21,25224,Louisburg,,6636124442.18066,817297.028533166,202005312036
164,27551,2,0,2205,Macon,,2443966870.98499,402849.299843212,202005312036
165,27553,9,0,2030,Manson,,1245206626.07959,217969.561788749,202005312036
166,27556,NA,NA,298,Middleburg,Population <500 and Cases <5,67850312.0914307,63490.7222823736,202005312036
167,27557,10,0,9214,Middlesex,,2046463550.40088,338861.342265204,202005312036
168,27559,1,0,2874,Moncure,,1458825370.29968,366837.077035256,202005312036
169,27560,28,0,33691,Morrisville,,794384947.373291,268297.11970144,202005312036
170,27562,5,0,2791,New Hill,,1862081556.93738,349507.762295745,202005312036
171,27563,23,1,5312,Norlina,,1943381370.69177,412640.540954252,202005312036
172,27565,100,1,26057,Oxford,,9219811779.9552,826827.222809144,202005312036
173,27569,13,0,8984,Princeton,,2107084820.73511,313917.550563748,202005312036
174,27571,5,0,7385,Rolesville,,149121249.193359,94251.9264704589,202005312036
175,27572,5,0,7316,Rougemont,,3003228111.9873,397658.617230022,202005312036
176,27573,19,1,11561,Roxboro,,501787874.430542,219611.309648669,202005312036
177,27574,16,0,15232,Roxboro,,5527133817.3114,691755.452465683,202005312036
178,27576,57,1,20197,Selma,,2407427117.65723,339571.106645256,202005312036
179,27577,79,0,25214,Smithfield,,2877290650.99841,416726.966278933,202005312036
180,27581,8,0,3956,Stem,,1038615853.81189,246789.101888964,202005312036
181,27583,14,0,7012,Timberlake,,1327957318.65857,326956.719649922,202005312036
182,27587,94,6,74087,Wake Forest,,3132804734.81897,700749.84181148,202005312036
183,27589,21,1,8312,Warrenton,,4790731000.68542,626837.217934379,202005312036
184,27591,42,0,23448,Wendell,,1913446220.02844,380727.392057269,202005312036
185,27592,33,1,17368,Willow Spring,,1090932847.86865,312475.180771683,202005312036
186,27596,20,0,18655,Youngsville,,1519151285.28821,344366.073155402,202005312036
187,27597,48,1,25494,Zebulon,,3191967656.80884,568385.679042481,202005312036
188,27599,NA,NA,0,Chapel Hill,Population <500 and Cases <5,4275416.30163574,15555.1510255833,202005312036
189,27601,23,0,12139,Raleigh,,49970514.2080078,41226.7428180515,202005312036
190,27603,91,0,55479,Raleigh,,1420350588.63403,346107.072534996,202005312036
191,27604,145,2,47645,Raleigh,,550434833.049927,194088.121184431,202005312036
192,27605,5,0,5253,Raleigh,,26954475.7900391,26465.2700663817,202005312036
193,27606,58,1,47938,Raleigh,,750229681.939209,267151.497057326,202005312036
194,27607,19,0,30296,Raleigh,,519162282.902344,200611.380547666,202005312036
195,27608,7,0,11603,Raleigh,,91889809.9622803,55583.7467967219,202005312036
196,27609,70,2,38631,Raleigh,,310136046.756592,95880.163026763,202005312036
197,27610,358,8,74203,Raleigh,,1211166911.84558,327751.489063642,202005312036
198,27612,39,2,39208,Raleigh,,428868509.332275,164483.082879678,202005312036
199,27613,38,0,46521,Raleigh,,675406849.409912,184431.643996557,202005312036
200,27614,31,0,37689,Raleigh,,829063194.918701,218912.319813944,202005312036
201,27615,49,0,46038,Raleigh,,525952454.993774,134192.839940925,202005312036
202,27616,145,1,55260,Raleigh,,646426991.218628,201092.505637391,202005312036
203,27617,25,0,19511,Raleigh,,230483847.672241,125016.743498849,202005312036
204,27701,99,2,26489,Durham,,147212202.097778,89264.6755119976,202005312036
205,27703,236,3,61351,Durham,,1376809528.09961,349864.156739061,202005312036
206,27704,284,3,39369,Durham,,1307759376.10449,279407.953507315,202005312036
207,27705,385,31,48078,Durham,,1155101566.94189,288440.086812307,202005312036
208,27706,NA,NA,10,Durham,Population <500 and Cases <5,1281872.18347168,6816.757693542,202005312036
209,27707,199,1,47036,Durham,,551326002.510864,228660.826032165,202005312036
210,27708,1,0,4635,Durham,,24140532.868042,39624.2440738689,202005312036
211,27709,NA,NA,4,Durham,Population <500 and Cases <5,166810196.870483,93465.8554704913,202005312036
212,27710,NA,NA,0,Durham,Population <500 and Cases <5,3645590.83996582,9509.21127183631,202005312036
213,27711,NA,NA,62,Durham,Population <500 and Cases <5,11690491.0200195,25227.7794868175,202005312036
214,27712,110,17,22055,Durham,,952678558.948486,239427.124284805,202005312036
215,27713,133,3,53996,Durham,,1004016276.63342,186930.768828538,202005312036
216,27801,52,3,21556,Rocky Mount,,1947625744.14368,298032.749540484,202005312036
217,27803,39,2,22337,Rocky Mount,,1209689022.16736,314786.382274833,202005312036
218,27804,74,0,29160,Rocky Mount,,1207912397.80139,237805.719395058,202005312036
219,27805,10,0,3769,Aulander,,3260348789.01416,427031.578041759,202005312036
220,27806,1,0,2441,Aurora,,3806890944.80762,575449.481817415,202005312036
221,27807,21,0,6940,Bailey,,1393278091.89233,266050.599193056,202005312036
222,27808,3,0,2481,Bath,,1375581489.5946,320371.987641635,202005312036
223,27809,22,1,5254,Battleboro,,2127311815.53979,418206.140952668,202005312036
224,27810,0,0,4224,Belhaven,,5320714553.85889,863428.562860575,202005312036
225,27812,6,0,2951,Bethel,,1796512894.90283,307599.921723871,202005312036
226,27813,2,0,687,Black Creek,,17954681.8726807,21851.3845296183,202005312036
227,27814,1,0,1801,Blounts Creek,,2084052221.88855,349050.345630614,202005312036
228,27816,3,0,2634,Castalia,,1727056405.90051,269780.663460198,202005312036
229,27817,5,0,7777,Chocowinity,,3011254799.10022,441922.251479678,202005312036
230,27818,4,0,1269,Como,,1775223218.97412,291672.91933713,202005312036
231,27820,15,2,3292,Conway,,1787180209.86865,300570.413456991,202005312036
232,27821,NA,NA,343,Edward,Population <500 and Cases <5,180879118.265869,102716.617789089,202005312036
233,27822,30,1,9119,Elm City,,2421416079.34338,500329.938801193,202005312036
234,27823,24,0,7812,Enfield,,5279947738.18738,591795.38238411,202005312036
235,27824,0,0,1540,Engelhard,,5755622445.56714,766498.765242208,202005312036
236,27826,0,0,1245,Fairfield,,5502010014.61365,681909.128335756,202005312036
237,27827,NA,NA,99,Falkland,Population <500 and Cases <5,6818760.54968262,12365.1347191574,202005312036
238,27828,14,0,9031,Farmville,,1954373169.79175,304535.643741104,202005312036
239,27829,5,0,1872,Fountain,,1242859232.87109,276952.810668188,202005312036
240,27830,11,1,4858,Fremont,,1661392631.86707,301522.072838785,202005312036
241,27831,7,0,3588,Garysburg,,1733783751.73071,369102.732751728,202005312036
242,27832,22,0,2912,Gaston,,1029571544.94922,217897.088475999,202005312036
243,27834,141,0,57505,Greenville,,5082356628.8689,890421.476518531,202005312036
244,27837,5,0,6506,Grimesland,,1710764546.60681,462288.004070908,202005312036
245,27839,5,0,3702,Halifax,,3728459644.54443,454921.143892168,202005312036
246,27840,5,1,535,Hamilton,,127567387.286499,59155.8177418193,202005312036
247,27841,NA,NA,84,Hassell,Population <500 and Cases <5,5972995.94189453,12505.2057352129,202005312036
248,27842,2,0,1436,Henrico,,414285932.678223,116849.514846702,202005312036
249,27843,3,0,946,Hobgood,,1458584246.23853,232329.162988765,202005312036
250,27844,10,0,3039,Hollister,,1251113401.94934,274076.283965929,202005312036
251,27845,1,0,2841,Jackson,,2842001076.66528,416912.567186113,202005312036
252,27846,3,0,3069,Jamesville,,3050744149.28796,442133.927899832,202005312036
253,27847,6,0,1071,Kelford,,1048559305.60547,265580.578438826,202005312036
254,27849,3,0,1483,Lewiston Woodville,,2062202839.65674,367759.436044123,202005312036
255,27850,11,0,7413,Littleton,,5554617534.52942,570792.398502674,202005312036
256,27851,18,0,5595,Lucama,,1253082833.57764,200836.347936783,202005312036
257,27852,10,0,3454,Macclesfield,,1418996205.83582,268041.951522527,202005312036
258,27853,NA,NA,436,Margarettsville,Population <500 and Cases <5,1061331085.73535,233986.055045062,202005312036
259,27855,15,1,6105,Murfreesboro,,1379257056.24951,246550.621363096,202005312036
260,27856,31,1,17301,Nashville,,3696764195.94336,508647.139191863,202005312036
261,27857,4,0,1601,Oak City,,2180191629.70935,354763.313675516,202005312036
262,27858,55,1,58170,Greenville,,1683129152.90881,395293.630437,202005312036
263,27860,2,0,2062,Pantego,,4384086912.80859,475177.331131482,202005312036
264,27862,1,0,945,Pendleton,,1337735767.81812,305131.144563485,202005312036
265,27863,20,0,12670,Pikeville,,1822358483.62146,414140.550515842,202005312036
266,27864,37,1,4823,Pinetops,,1058515929.69434,223861.53375515,202005312036
267,27865,2,0,2003,Pinetown,,3183419700.15735,407140.115990912,202005312036
268,27866,5,1,672,Pleasant Hill,,548856343.547363,183824.668332886,202005312036
269,27869,51,10,2167,Rich Square,,2314340977.34839,283794.508144883,202005312036
270,27870,94,1,26633,Roanoke Rapids,,1958976214.39966,237465.130853914,202005312036
271,27871,19,1,4466,Robersonville,,2640265625.23401,370404.169208956,202005312036
272,27872,NA,NA,429,Roxobel,Population <500 and Cases <5,78668396.3901367,60062.9164687203,202005312036
273,27874,7,0,4766,Scotland Neck,,3988089594.78687,425091.541566969,202005312036
274,27875,0,0,511,Scranton,,1462926064.75208,668994.049821798,202005312036
275,27876,4,0,1290,Seaboard,,1161065802.28784,286123.221519332,202005312036
276,27880,3,0,3280,Sims,,661768421.449585,178936.521495753,202005312036
277,27881,NA,NA,323,Speed,Population <500 and Cases <5,45624486.2655029,35379.3892263349,202005312036
278,27882,18,0,7927,Spring Hope,,2721376125.90833,404465.358087667,202005312036
279,27883,13,1,4361,Stantonsburg,,2149873597.18677,378850.12800901,202005312036
280,27884,0,0,1545,Stokes,,1118165618.53992,178810.199825372,202005312036
281,27885,1,0,859,Swanquarter,,3236637890.30994,778832.459471456,202005312036
282,27886,77,5,21595,Tarboro,,5534275751.92761,530150.851444626,202005312036
283,27888,8,0,2803,Walstonburg,,1661899290.0293,260588.447365408,202005312036
284,27889,23,0,27543,Washington,,4746901259.41052,624948.845007958,202005312036
285,27890,14,0,2398,Weldon,,250295126.203369,88214.5142201125,202005312036
286,27891,9,2,5011,Whitakers,,3802342458.24487,551887.618669609,202005312036
287,27892,42,2,14363,Williamston,,4740161664.64209,528153.604658045,202005312036
288,27893,200,7,40647,Wilson,,3134674028.43115,441390.734015219,202005312036
289,27896,66,0,21212,Wilson,,1013992738.34033,260787.736893695,202005312036
290,27897,26,1,2467,Woodland,,1262848506.99878,250563.523857377,202005312036
291,27909,88,11,40958,Elizabeth City,,6356628470.42627,720925.199090358,202005312036
292,27910,88,2,11609,Ahoskie,,3854004911.8667,558805.248838311,202005312036
293,27915,1,0,758,Avon,,132797325.68457,159985.858445685,202005312036
294,27916,1,0,554,Aydlett,,175446906.710938,88834.9392660151,202005312036
295,27917,1,0,1084,Barco,,583346697.773926,150643.300800981,202005312036
296,27919,0,0,1211,Belvidere,,1805677755.21484,260299.205087965,202005312036
297,27920,0,0,1415,Buxton,,251417477.481567,169552.58818934,202005312036
298,27921,0,0,5366,Camden,,2216306760.15601,371309.805402765,202005312036
299,27922,2,0,1107,Cofield,,1372106941.59424,230585.938382193,202005312036
300,27923,0,0,990,Coinjock,,442853112.258789,222994.427279021,202005312036
301,27924,25,0,3509,Colerain,,2545571117.46045,325068.518729581,202005312036
302,27925,5,0,4164,Columbia,,9421043776.67224,822613.133571787,202005312036
303,27926,3,0,1965,Corapeake,,1084179276.0813,176947.978129327,202005312036
304,27927,0,0,613,Corolla,,685869287.21875,1266393.74615984,202005312036
305,27928,3,0,1888,Creswell,,3736346955.86023,344143.792077436,202005312036
306,27929,1,0,1949,Currituck,,352573124.774658,146317.944454099,202005312036
307,27932,23,1,12644,Edenton,,3509551689.6084,391797.495792958,202005312036
308,27935,4,1,1674,Eure,,1443577833.21069,213483.780281898,202005312036
309,27936,0,0,961,Frisco,,134638106.065186,108288.074251882,202005312036
310,27937,8,0,4253,Gates,,2407949124.70361,290137.740864669,202005312036
311,27938,2,0,1430,Gatesville,,1202645918.03784,229961.178585235,202005312036
312,27939,0,0,3370,Grandy,,296874050.40332,237784.484514939,202005312036
313,27941,0,0,670,Harbinger,,66348159.842041,42125.3614314887,202005312036
314,27942,1,0,936,Harrellsville,,927451831.666504,150762.800286803,202005312036
315,27943,NA,NA,491,Hatteras,Population <500 and Cases <5,82146889.1915283,162150.406610954,202005312036
316,27944,18,1,12230,Hertford,,5013940953.42065,828274.577378666,202005312036
317,27946,4,0,1089,Hobbsville,,1234977495.96777,250163.996071758,202005312036
318,27947,0,0,845,Jarvisburg,,181991023.044922,117825.87149715,202005312036
319,27948,2,0,12518,Kill Devil Hills,,288939959.776123,266090.270790261,202005312036
320,27949,7,0,7235,Kitty Hawk,,426732703.740967,296487.581606319,202005312036
321,27950,1,0,2183,Knotts Island,,1009906812.90234,393684.159837613,202005312036
322,27953,0,0,992,Manns Harbor,,4841742826.08521,775886.839802653,202005312036
323,27954,0,0,6405,Manteo,,346159524.466309,171104.045001834,202005312036
324,27956,NA,NA,328,Maple,Population <500 and Cases <5,91616147.3259277,62675.9008746753,202005312036
325,27957,7,0,1419,Merry Hill,,1345289022.66797,219570.3989813,202005312036
326,27958,8,0,12061,Moyock,,2191273226.67993,258895.732965411,202005312036
327,27959,5,1,2451,Nags Head,,464337538.219238,468359.824712585,202005312036
328,27960,0,0,899,Ocracoke,,272996211.932129,221416.979930584,202005312036
329,27962,16,0,7439,Plymouth,,2248894843.11377,323982.422404071,202005312036
330,27964,0,0,653,Point Harbor,,40700993.1791992,29044.1496807834,202005312036
331,27965,0,0,611,Poplar Branch,,362463348.010742,286670.577035681,202005312036
332,27966,1,0,1473,Powells Point,,310362212.773438,140593.315765635,202005312036
333,27968,NA,NA,413,Rodanthe,Population <500 and Cases <5,255307311.38855,376970.397727617,202005312036
334,27970,10,3,3214,Roper,,3979984913.95898,386215.845703473,202005312036
335,27972,NA,NA,196,Salvo,Population <500 and Cases <5,25839959.5158691,77591.8753697891,202005312036
336,27973,0,0,1493,Shawboro,,1350823542.63281,279776.313560853,202005312036
337,27974,0,0,1375,Shiloh,,1282875105.52026,448552.234751615,202005312036
338,27976,2,0,3561,South Mills,,2739484648.62012,348819.066033239,202005312036
339,27978,NA,NA,221,Stumpy Point,Population <500 and Cases <5,3250437066.68713,488663.160212976,202005312036
340,27979,2,0,1813,Sunbury,,2196378526.26221,272849.595585558,202005312036
341,27980,0,0,2075,Tyner,,1319096560.03711,208839.628959427,202005312036
342,27981,0,0,1863,Wanchese,,183167116.380371,177755.254740471,202005312036
343,27982,NA,NA,0,Waves,Population <500 and Cases <5,5381164.09509277,11228.317119066,202005312036
344,27983,60,2,10633,Windsor,,9431469996.22351,861662.756904591,202005312036
345,27986,24,0,2650,Winton,,374234308.870117,153016.850399202,202005312036
346,28001,30,4,28360,Albemarle,,3791255242.38873,479491.354130006,202005312036
347,28006,0,0,1136,Alexis,,126883649.701416,88485.0702727942,202005312036
348,28012,25,0,24276,Belmont,,865729022.118042,170607.841876971,202005312036
349,28016,16,0,14526,Bessemer City,,1271825919.55414,236943.686135101,202005312036
350,28018,5,0,5943,Bostic,,2694770404.83051,433562.153950885,202005312036
351,28020,1,0,2464,Casar,,1475633951.64899,260515.821792163,202005312036
352,28021,21,0,13436,Cherryville,,1626380587.60425,391038.422631114,202005312036
353,28023,22,0,14843,China Grove,,1273875684.14087,277795.952246167,202005312036
354,28025,115,4,55325,Concord,,2992149162.05573,466210.81613651,202005312036
355,28027,196,9,74072,Concord,,1903468707.60345,332965.289746403,202005312036
356,28031,89,15,31049,Cornelius,,672168572.25116,151594.592125485,202005312036
357,28032,1,0,3249,Cramerton,,59161626.1264038,51515.5503878613,202005312036
358,28033,1,0,3362,Crouse,,509703222.739563,189532.085619349,202005312036
359,28034,24,2,17859,Dallas,,1273410668.68243,215322.291269956,202005312036
360,28036,25,2,18554,Davidson,,669928559.48645,197029.793668161,202005312036
361,28037,21,0,23834,Denver,,1521729514.62848,312689.389421741,202005312036
362,28039,NA,NA,428,East Spencer,Population <500 and Cases <5,13759835.5942383,34526.6128305972,202005312036
363,28040,7,0,8270,Ellenboro,,1773879551.02985,348064.117544275,202005312036
364,28043,49,2,21472,Forest City,,1816346053.52002,348394.442075552,202005312036
365,28052,56,0,36823,Gastonia,,1165429048.27631,189783.469072903,202005312036
366,28054,53,1,40184,Gastonia,,562652947.772949,139549.083675328,202005312036
367,28056,43,2,35595,Gastonia,,1342394953.02258,344787.60681341,202005312036
368,28071,2,0,3198,Gold Hill,,1345839018.92865,236923.074375116,202005312036
369,28073,3,1,5606,Grover,,702973243.533203,143952.911566798,202005312036
370,28075,39,3,19174,Harrisburg,,656107496.741638,238150.023406484,202005312036
371,28077,0,0,557,High Shoals,,25098303.871521,27989.3633622467,202005312036
372,28078,86,3,66079,Huntersville,,1870251820.14679,316647.648839996,202005312036
373,28079,55,2,39813,Indian Trail,,1221176124.08392,283660.370334182,202005312036
374,28080,6,0,8157,Iron Station,,1095921164.38501,240845.709042299,202005312036
375,28081,53,0,28249,Kannapolis,,862858421.935425,200259.108957382,202005312036
376,28083,63,1,25877,Kannapolis,,582493569.448059,145983.725103448,202005312036
377,28086,23,1,26988,Kings Mountain,,2467878462.36133,329807.139806484,202005312036
378,28088,5,0,3059,Landis,,72787169.9580688,52885.3256566675,202005312036
379,28090,6,1,8506,Lawndale,,2661358061.4715,458218.963524002,202005312036
380,28091,5,0,2353,Lilesville,,2694411423.45477,313074.926269122,202005312036
381,28092,30,0,40052,Lincolnton,,3216596915.74634,535483.341451103,202005312036
382,28097,9,0,6124,Locust,,836579136.406799,181830.474266294,202005312036
383,28098,2,0,4010,Lowell,,99103128.4535522,49283.194148661,202005312036
384,28101,NA,NA,465,Mc Adenville,Population <500 and Cases <5,12210373.4969482,19058.3264759027,202005312036
385,28103,14,0,11346,Marshville,,4253866560.83563,449440.107851782,202005312036
386,28104,40,3,32469,Matthews,,824578845.587585,325979.692599077,202005312036
387,28105,150,10,45346,Matthews,,668165195.784729,278013.840820393,202005312036
388,28107,12,0,8210,Midland,,1388640520.38739,250943.513182056,202005312036
389,28110,131,8,55536,Monroe,,3676478383.48267,422255.233862207,202005312036
390,28112,128,4,28060,Monroe,,3713382117.46545,318461.97727687,202005312036
391,28114,11,0,9034,Mooresboro,,1900066101.23077,346437.871140422,202005312036
392,28115,67,2,41536,Mooresville,,2057262512.61176,327151.756863337,202005312036
393,28117,51,1,47608,Mooresville,,1555969690.69189,234425.757349855,202005312036
394,28119,9,0,3034,Morven,,1970357677.74512,298425.648226889,202005312036
395,28120,33,1,24318,Mount Holly,,1001654680.08618,272689.093586748,202005312036
396,28124,13,1,7015,Mount Pleasant,,1620148303.23315,301866.136666845,202005312036
397,28125,3,0,2657,Mount Ulla,,1169162879.13867,198953.955252748,202005312036
398,28127,4,0,7631,New London,,2159940152.89789,468250.659328753,202005312036
399,28128,18,0,8098,Norwood,,2054286113.35083,282114.674844027,202005312036
400,28129,11,0,6031,Oakboro,,1226619926.53345,219035.034364981,202005312036
401,28133,5,0,2713,Peachland,,2384968915.9574,421295.337069002,202005312036
402,28134,46,1,11817,Pineville,,248618254.324951,88085.4538299007,202005312036
403,28135,8,0,5968,Polkton,,2916374106.84241,475980.429437206,202005312036
404,28137,2,0,3843,Richfield,,1223676252.05975,291589.496037827,202005312036
405,28138,22,0,11659,Rockwell,,1278406256.12445,357387.534646104,202005312036
406,28139,69,2,20134,Rutherfordton,,5078697342.95056,674832.691106946,202005312036
407,28144,178,14,25846,Salisbury,,867982991.287292,279505.654446658,202005312036
408,28146,63,0,30382,Salisbury,,3012969418.7887,452196.720325258,202005312036
409,28147,277,18,26204,Salisbury,,2146390330.37,312495.471896358,202005312036
410,28150,27,1,29296,Shelby,,3159764942.52783,579453.815714684,202005312036
411,28152,29,0,26078,Shelby,,2247420971.2251,304211.560780765,202005312036
412,28159,19,0,3126,Spencer,,51886096.1330566,42602.5220628392,202005312036
413,28160,30,1,4015,Spindale,,170326604.450989,70799.3749654705,202005312036
414,28163,3,0,5814,Stanfield,,970276414.142883,191731.821086023,202005312036
415,28164,13,0,15447,Stanley,,1144736813.58362,324856.854746788,202005312036
416,28166,9,0,9868,Troutman,,911716953.816406,217041.310552798,202005312036
417,28167,10,0,2418,Union Mills,,1934997992.23633,347927.953502144,202005312036
418,28168,1,0,10437,Vale,,2469130589.68384,340004.345415379,202005312036
419,28170,35,1,12494,Wadesboro,,5053183842.2157,655726.472285971,202005312036
420,28173,45,0,63837,Waxhaw,,3045162637.21796,318858.064536165,202005312036
421,28174,26,2,9287,Wingate,,985461754.807983,246986.820118662,202005312036
422,28202,42,0,16755,Charlotte,,50452583.9099121,34485.9053855683,202005312036
423,28203,46,1,19070,Charlotte,,91001089.479126,54761.2733662689,202005312036
424,28204,19,1,8738,Charlotte,,48899100.5548096,40761.7265321132,202005312036
425,28205,253,11,51821,Charlotte,,335820474.82135,104910.810677792,202005312036
426,28206,53,1,15244,Charlotte,,182577260.697876,71458.050216539,202005312036
427,28207,17,0,9761,Charlotte,,68333859.7921753,36157.3958026361,202005312036
428,28208,232,5,39944,Charlotte,,595973347.5495,157267.598078636,202005312036
429,28209,78,0,26012,Charlotte,,157335764.525879,72359.4847682198,202005312036
430,28210,303,4,44704,Charlotte,,342547124.476257,112745.958411282,202005312036
431,28211,73,7,31253,Charlotte,,292827786.05603,102838.759144167,202005312036
432,28212,265,1,42744,Charlotte,,237710291.866211,96077.3791004252,202005312036
433,28213,231,1,45338,Charlotte,,412614569.613403,162252.089416931,202005312036
434,28214,172,1,41208,Charlotte,,965554836.030151,224926.880987091,202005312036
435,28215,328,3,60256,Charlotte,,782010510.903748,222976.412140327,202005312036
436,28216,198,3,58744,Charlotte,,857978895.941772,184761.316525275,202005312036
437,28217,342,1,30875,Charlotte,,428067925.271423,132462.900799897,202005312036
438,28223,0,0,2941,Charlotte,,16745950.1914673,34959.7943637767,202005312036
439,28226,85,2,40227,Charlotte,,430471271.22644,131097.087702525,202005312036
440,28227,225,3,57319,Charlotte,,1173416755.00244,297066.255269002,202005312036
441,28262,108,0,43683,Charlotte,,593648477.600464,159979.41236041,202005312036
442,28269,243,6,81464,Charlotte,,840640266.840637,192155.045229048,202005312036
443,28270,34,1,34753,Charlotte,,345778417.622314,161555.486865571,202005312036
444,28273,195,1,40544,Charlotte,,614626385.142517,192801.276498243,202005312036
445,28277,121,5,72020,Charlotte,,675381884.726379,144850.675101077,202005312036
446,28278,65,1,32539,Charlotte,,902762098.137573,246465.469761239,202005312036
447,28301,100,4,17717,Fayetteville,,348717238.9104,130217.445212828,202005312036
448,28303,38,0,34600,Fayetteville,,540160738.043701,179304.154504403,202005312036
449,28304,112,2,39651,Fayetteville,,491742944.185852,186465.416198877,202005312036
450,28305,6,1,5010,Fayetteville,,69895111.336731,49443.8950343603,202005312036
451,28306,84,2,42565,Fayetteville,,2090603260.31519,562860.488861907,202005312036
452,28307,3,0,15486,Fort Bragg,,174879596.356018,92732.9092032322,202005312036
453,28308,0,0,737,Pope Army Airfield,,90374263.7665405,45243.1542141805,202005312036
454,28310,2,0,8861,Fort Bragg,,506286340.902344,200733.090413706,202005312036
455,28311,57,2,36046,Fayetteville,,1336136656.04889,240844.864072535,202005312036
456,28312,27,0,18419,Fayetteville,,4341373681.0871,556260.336471475,202005312036
457,28314,121,2,53642,Fayetteville,,816473670.87677,185615.29020179,202005312036
458,28315,28,1,13329,Aberdeen,,2049308469.85626,494397.056686911,202005312036
459,28318,10,0,4579,Autryville,,2217851356.83313,372935.466158955,202005312036
460,28320,12,0,9381,Bladenboro,,3248490168.58801,381864.201698899,202005312036
461,28323,4,0,4578,Bunnlevel,,1112191308.33496,301931.807656215,202005312036
462,28326,24,1,22382,Cameron,,3242119864.63824,488036.1730633,202005312036
463,28327,19,0,18273,Carthage,,5396542091.08795,586939.342565835,202005312036
464,28328,293,3,26951,Clinton,,6810728499.67102,657248.933701038,202005312036
465,28333,115,0,10709,Dudley,,1249687746.85376,213915.020571421,202005312036
466,28334,59,1,26215,Dunn,,4497238669.98419,544402.158241248,202005312036
467,28337,22,0,11927,Elizabethtown,,5069041872.41577,577770.225904475,202005312036
468,28338,8,0,4804,Ellerbe,,3935542448.08881,492508.044174153,202005312036
469,28339,17,0,7226,Erwin,,1064553458.41333,310656.999787592,202005312036
470,28340,63,2,10738,Fairmont,,3757196814.59872,450516.228420329,202005312036
471,28341,68,0,5080,Faison,,2787115249.34564,421094.619116887,202005312036
472,28343,2,0,1567,Gibson,,458723474.164063,106909.663733147,202005312036
473,28344,21,1,3814,Godwin,,1128755315.22852,269142.265002464,202005312036
474,28345,47,1,12656,Hamlet,,2126402412.95966,332606.523883072,202005312036
475,28347,2,0,1826,Hoffman,,747268691.675964,194334.44204749,202005312036
476,28348,74,1,36052,Hope Mills,,1166315651.14276,329846.853315969,202005312036
477,28349,122,4,3955,Kenansville,,1959246504.78113,326624.538750416,202005312036
478,28350,NA,NA,70,Lakeview,Population <500 and Cases <5,7876659.25891113,11657.1581787366,202005312036
479,28351,12,0,5269,Laurel Hill,,1788599136.13666,386362.394376361,202005312036
480,28352,58,0,25298,Laurinburg,,3264782876.16284,438869.87240689597,202005312036
481,28356,6,1,4914,Linden,,1497885580.84283,286294.988335977,202005312036
482,28357,18,0,3224,Lumber Bridge,,998095899.747498,200973.924425577,202005312036
483,28358,214,3,38517,Lumberton,,5499536726.32037,504386.804277589,202005312036
484,28360,74,4,14944,Lumberton,,1985862696.58282,363920.117329658,202005312036
485,28363,2,0,1079,Marston,,1736455559.11224,383927.716730152,202005312036
486,28364,41,0,15170,Maxton,,3845135736.01221,464303.223304611,202005312036
487,28365,243,12,17063,Mount Olive,,5449867058.99634,617077.136427741,202005312036
488,28366,36,0,5153,Newton Grove,,2293381130.24042,414618.719505341,202005312036
489,28369,5,1,2241,Orrum,,1800121585.61136,401393.305842191,202005312036
490,28371,32,2,7085,Parkton,,1005950088.08063,229991.086519014,202005312036
491,28372,15,0,15254,Pembroke,,1147770145.91595,255857.280522167,202005312036
492,28373,4,0,2552,Pinebluff,,460329066.992676,140223.621385681,202005312036
493,28374,80,6,18171,Pinehurst,,609888351.153748,186776.563275303,202005312036
494,28375,NA,NA,155,Proctorville,Population <500 and Cases <5,16154829.5779114,21293.1141646593,202005312036
495,28376,199,0,43831,Raeford,,8255601209.37079,618028.253174215,202005312036
496,28377,100,3,13036,Red Springs,,2872865768.25568,446034.002241504,202005312036
497,28379,103,2,25804,Rockingham,,4156662320.34821,486165.084209016,202005312036
498,28382,22,0,8006,Roseboro,,3525739741.42773,652666.741452106,202005312036
499,28383,52,0,7713,Rowland,,2904453853.97415,460017.981876533,202005312036
500,28384,112,1,12414,Saint Pauls,,2850567240.80182,480450.415018018,202005312036
501,28385,9,0,3005,Salemburg,,1040463355.97156,321938.125650219,202005312036
502,28386,72,1,6068,Shannon,,1134602512.8537,354913.796549299,202005312036
503,28387,14,2,17139,Southern Pines,,810260751.658813,181010.127281146,202005312036
504,28390,35,1,23494,Spring Lake,,1630867413.08136,287302.836124697,202005312036
505,28391,3,0,5326,Stedman,,1084470955.12604,202263.555324582,202005312036
506,28392,11,1,1554,Tar Heel,,925384379.987671,187529.786563955,202005312036
507,28393,14,0,2160,Turkey,,1437383838.7915,233550.655699493,202005312036
508,28394,7,0,6094,Vass,,1215312777.16113,300186.221923817,202005312036
509,28395,4,0,2657,Wade,,1382105528.22943,246616.208913961,202005312036
510,28396,10,0,2679,Wagram,,1631714382.90094,330475.243709585,202005312036
511,28398,159,5,7672,Warsaw,,2739435952.33466,345606.723026117,202005312036
512,28399,9,1,1934,White Oak,,2338498223.40869,308489.981388208,202005312036
513,28401,20,0,24213,Wilmington,,925590291.269562,302995.405207511,202005312036
514,28403,52,1,41945,Wilmington,,403456249.54361,135103.298695973,202005312036
515,28405,20,0,33719,Wilmington,,694443662.189972,212896.044608315,202005312036
516,28409,23,2,34974,Wilmington,,678530052.059952,626246.018361276,202005312036
517,28411,27,2,38820,Wilmington,,1477023573.08954,591854.549770877,202005312036
518,28412,35,0,42977,Wilmington,,635947452.301941,245813.217862995,202005312036
519,28420,6,0,5116,Ash,,4030119174.4476,622951.504256467,202005312036
520,28421,2,0,2040,Atkinson,,1701084244.28595,246250.995159075,202005312036
521,28422,6,0,8682,Bolivia,,2520456183.00197,406510.949073508,202005312036
522,28423,9,0,2285,Bolton,,4327886518.67657,560706.23791653,202005312036
523,28425,32,1,12625,Burgaw,,4872852970.19843,522799.098840263,202005312036
524,28428,6,0,7142,Carolina Beach,,153392950.326767,131890.839899376,202005312036
525,28429,4,0,8542,Castle Hayne,,1146009267.92944,244578.64538817,202005312036
526,28430,14,0,2055,Cerro Gordo,,1294763521.80133,235369.368885516,202005312036
527,28431,61,5,6741,Chadbourn,,2019287633.59152,414968.282140326,202005312036
528,28432,9,0,1684,Clarendon,,913029717.719559,381140.327621417,202005312036
529,28433,14,0,5297,Clarkton,,3257754219.81824,497145.128049416,202005312036
530,28434,6,0,1357,Council,,2209417286.23001,262045.947095385,202005312036
531,28435,3,0,2931,Currie,,2746865502.37314,418800.327512466,202005312036
532,28436,2,0,2312,Delco,,1250613651.60083,304067.898737589,202005312036
533,28438,6,0,1688,Evergreen,,1324758692.3196101,354385.951020837,202005312036
534,28439,19,1,1536,Fair Bluff,,667490225.496307,213264.007900786,202005312036
535,28441,11,0,3328,Garland,,3774857745.4223,555550.533903292,202005312036
536,28442,5,0,1734,Hallsboro,,1395074837.14975,336354.405393145,202005312036
537,28443,21,0,22483,Hampstead,,4337834719.99771,560208.032392264,202005312036
538,28444,7,0,2278,Harrells,,3251010335.70935,548979.732892781,202005312036
539,28445,11,0,8142,Holly Ridge,,2835470197.40424,676482.174744674,202005312036
540,28447,3,0,1334,Ivanhoe,,2755654733.91089,442226.920323366,202005312036
541,28448,1,0,1216,Kelly,,2360585218.26868,400674.523076971,202005312036
542,28449,0,0,1958,Kure Beach,,112229003.875305,80695.004584803,202005312036
543,28450,27,3,2397,Lake Waccamaw,,1482484363.39343,277199.450521116,202005312036
544,28451,28,0,39194,Leland,,5322314275.71591,771852.448618023,202005312036
545,28452,1,0,513,Longwood,,201031402.998276,76626.878203892,202005312036
546,28453,88,1,4137,Magnolia,,2286467269.94287,428957.863476439,202005312036
547,28454,0,0,3549,Maple Hill,,3064407818.25446,319144.850869927,202005312036
548,28455,6,2,1718,Nakina,,1802269564.75485,339624.478895421,202005312036
549,28456,5,0,3566,Riegelwood,,1872158645.14374,368901.622022321,202005312036
550,28457,6,0,12840,Rocky Point,,3397895880.78387,551931.996451502,202005312036
551,28458,102,2,7018,Rose Hill,,3025757032.09851,549753.327973728,202005312036
552,28460,9,1,10588,Sneads Ferry,,868820245.916626,505270.66774661,202005312036
553,28461,14,1,20575,Southport,,2976816159.44659,699193.3729383,202005312036
554,28462,5,0,14309,Supply,,3173815797.17624,578042.071238933,202005312036
555,28463,84,10,9865,Tabor City,,3441446535.6745,489113.866817469,202005312036
556,28464,23,0,2491,Teachey,,651873569.02948,216752.818849917,202005312036
557,28465,8,0,8285,Oak Island,,278142792.540329,260764.452809295,202005312036
558,28466,86,0,10375,Wallace,,4134830722.40503,646652.750223625,202005312036
559,28467,4,1,11393,Calabash,,478052225.035095,182374.085490172,202005312036
560,28468,0,0,5394,Sunset Beach,,561581539.026329,281339.504069841,202005312036
561,28469,4,0,7481,Ocean Isle Beach,,718539224.77166,397460.188245044,202005312036
562,28470,6,0,13446,Shallotte,,1182514664.27979,362760.617388835,202005312036
563,28472,88,5,20002,Whiteville,,5336860792.21823,836470.753006454,202005312036
564,28478,11,0,4976,Willard,,3641064446.79327,420805.470689162,202005312036
565,28479,2,0,4874,Winnabow,,2117768058.25922,493774.783138492,202005312036
566,28480,5,0,2737,Wrightsville Beach,,105606171.513519,198146.556810674,202005312036
567,28501,60,2,19507,Kinston,,2991635337.302,625626.15035165,202005312036
568,28504,92,4,21016,Kinston,,3402165916.96191,527051.926248194,202005312036
569,28508,51,0,2984,Albertson,,979966062.858154,216402.11543394,202005312036
570,28510,1,0,1543,Arapahoe,,492605022.366577,160146.449017413,202005312036
571,28511,1,0,628,Atlantic,,664520864.566406,632922.312503468,202005312036
572,28512,1,0,3689,Atlantic Beach,,159414908.561523,282548.210087653,202005312036
573,28513,20,0,10825,Ayden,,2611479123.85803,477095.460669019,202005312036
574,28515,1,0,3463,Bayboro,,1758589825.68518,437586.784820445,202005312036
575,28516,8,2,12482,Beaufort,,3384236686.76337,1001596.71803034,202005312036
576,28518,51,1,8803,Beulaville,,2702594658.36359,473932.945095065,202005312036
577,28519,NA,NA,328,Bridgeton,Population <500 and Cases <5,3782179.40026855,11964.2990373982,202005312036
578,28520,NA,NA,352,Cedar Island,Population <500 and Cases <5,633116579.775757,427477.052966737,202005312036
579,28521,6,0,2259,Chinquapin,,984336924.154663,232445.955683395,202005312036
580,28523,3,0,2274,Cove City,,2247611957.06177,297516.586083844,202005312036
581,28524,NA,NA,443,Davis,Population <500 and Cases <5,547256692.822876,860357.358716607,202005312036
582,28525,10,0,3309,Deep Run,,1368793733.10339,260376.07892082,202005312036
583,28526,2,0,2384,Dover,,2062614072.29626,437910.466683838,202005312036
584,28527,0,0,905,Ernul,,1145978492.04919,209684.397786102,202005312036
585,28528,0,0,640,Gloucester,,74196560.923584,79933.9347539672,202005312036
586,28529,4,0,2539,Grantsboro,,2523317524.60889,412017.089612736,202005312036
587,28530,26,0,7474,Grifton,,1906098626.48975,426610.065184872,202005312036
588,28531,0,0,1414,Harkers Island,,96666650.4205933,159397.370996394,202005312036
589,28532,2,1,25868,Havelock,,5072028576.29651,874966.49836120906,202005312036
590,28533,NA,NA,0,Cherry Point,Population <500 and Cases <5,253735788.170532,192645.367219711,202005312036
591,28537,NA,NA,186,Hobucken,Population <500 and Cases <5,891999129.25647,352204.851723086,202005312036
592,28538,8,0,3342,Hookerton,,837514346.679443,167225.326393657,202005312036
593,28539,8,0,18000,Hubert,,2158531628.89203,965472.416809674,202005312036
594,28540,30,0,52400,Jacksonville,,3283488394.35052,547729.060516664,202005312036
595,28542,4,0,6146,Camp Lejeune,,1137151211.30426,554417.951637184,202005312036
596,28543,1,1,6618,Tarawa Terrace,,101812905.851257,81799.9494086723,202005312036
597,28544,0,0,5607,Midway Park,,155759986.503357,92182.0384683424,202005312036
598,28545,0,0,4010,Mccutcheon Field,,145247654.855835,101700.276162633,202005312036
599,28546,22,0,51963,Jacksonville,,2766403023.01086,429757.095409677,202005312036
600,28547,6,0,13868,Camp Lejeune,,321351155.112183,125030.1108688,202005312036
601,28551,55,1,14265,La Grange,,3578620059.57935,402405.541085344,202005312036
602,28552,NA,NA,131,Lowland,Population <500 and Cases <5,211084218.553589,104037.967496467,202005312036
603,28553,1,0,522,Marshallberg,,44093630.395752,64625.7950525978,202005312036
604,28555,4,0,4702,Maysville,,3623337430.05573,600372.548840717,202005312036
605,28556,0,0,1150,Merritt,,1139666751.30212,394317.853497314,202005312036
606,28557,2,0,15254,Morehead City,,400526127.961975,291647.007459014,202005312036
607,28560,59,2,28926,New Bern,,3309199654.78784,1030041.14449326,202005312036
608,28561,NA,NA,0,New Bern,Population <500 and Cases <5,195198.709350586,2618.49962886206,202005312036
609,28562,133,2,38009,New Bern,,3853792240.20764,1071472.47820273,202005312036
610,28570,16,1,22687,Newport,,4050945831.7467,612371.091717979,202005312036
611,28571,3,0,3137,Oriental,,1482289449.53186,353024.47769856,202005312036
612,28572,32,0,6379,Pink Hill,,3042675125.74115,395176.694907307,202005312036
613,28573,2,1,2475,Pollocksville,,3035889883.2348,360117.83631843,202005312036
614,28574,14,0,17702,Richlands,,3868294357.7301,523654.71280993,202005312036
615,28577,0,0,595,Sealevel,,131607264.267456,82049.6590834025,202005312036
616,28578,73,2,7044,Seven Springs,,1837860745.29797,304549.150963809,202005312036
617,28579,0,0,798,Smyrna,,633080494.557556,233023.142000653,202005312036
618,28580,42,2,12031,Snow Hill,,3261656823.56982,373362.024423985,202005312036
619,28581,NA,NA,224,Stacy,Population <500 and Cases <5,2404669972.88318,703346.462367876,202005312036
620,28582,1,0,1824,Stella,,566119411.242798,233745.537488707,202005312036
621,28583,NA,NA,0,Stonewall,Population <500 and Cases <5,596710.740722656,3607.20989795631,202005312036
622,28584,4,0,12910,Swansboro,,870417864.570801,630505.524420815,202005312036
623,28585,19,2,4170,Trenton,,5857263271.9624,616313.550954669,202005312036
624,28586,8,0,8427,Vanceboro,,3798727344.79224,393188.365406213,202005312036
625,28587,NA,NA,324,Vandemere,Population <500 and Cases <5,250612018.426636,182903.197478108,202005312036
626,28590,47,1,26551,Winterville,,1153236268.85608,260797.112041444,202005312036
627,28594,1,0,3678,Emerald Isle,,161880563.377441,206007.39513627,202005312036
628,28601,85,4,49848,Hickory,,1378207425.05768,365850.750506082,202005312036
629,28602,27,0,31218,Hickory,,1938678919.97003,319569.803956005,202005312036
630,28604,1,0,6449,Banner Elk,,1915326545.24634,325836.980718489,202005312036
631,28605,2,0,4143,Blowing Rock,,895784503.144714,248689.345104092,202005312036
632,28606,16,0,2367,Boomer,,1247639586.18042,214129.251492026,202005312036
633,28607,19,0,37481,Boone,,2776057252.95807,555835.87368089,202005312036
634,28609,4,0,6457,Catawba,,1341728385.28827,281255.134101197,202005312036
635,28610,12,0,10238,Claremont,,1121879522.66571,308096.881521473,202005312036
636,28611,0,0,978,Collettsville,,2483135872.03735,419111.187381629,202005312036
637,28612,5,0,14906,Connelly Springs,,2400642845.42798,441028.943696581,202005312036
638,28613,34,1,25216,Conover,,1220326345.78546,362168.639637895,202005312036
639,28615,1,0,1883,Creston,,1868599532.61511,272770.247470023,202005312036
640,28617,2,0,2451,Crumpler,,986888820.641235,263906.737953269,202005312036
641,28618,0,0,2480,Deep Gap,,1010729766.2395,224128.286954044,202005312036
642,28621,30,0,10400,Elkin,,1827310682.30029,492431.108964796,202005312036
643,28622,1,0,2638,Elk Park,,922706854.79248,228052.883765708,202005312036
644,28623,3,0,1716,Ennice,,790959225.749146,176648.995975267,202005312036
645,28624,6,0,1893,Ferguson,,1893859856.27216,280305.359064925,202005312036
646,28625,49,0,38862,Statesville,,5528677082.18164,627405.10903711,202005312036
647,28626,2,0,3001,Fleetwood,,819063990.876587,148645.734339712,202005312036
648,28627,2,0,1534,Glade Valley,,929851696.585571,229623.659776181,202005312036
649,28629,NA,NA,63,Glendale Springs,Population <500 and Cases <5,18113919.8492432,19773.9407564207,202005312036
650,28630,24,0,20369,Granite Falls,,1749206123.14734,364175.180926025,202005312036
651,28631,16,0,536,Grassy Creek,,666742006.060913,167245.211138671,202005312036
652,28634,16,0,5269,Harmony,,1708637469.52393,380041.00063272,202005312036
653,28635,11,0,4032,Hays,,1589254753.84888,282956.554467362,202005312036
654,28636,4,0,5186,Hiddenite,,1563401720.00476,343683.132287545,202005312036
655,28637,6,0,1583,Hildebran,,75804105.8025513,39679.7431148789,202005312036
656,28638,20,0,12560,Hudson,,586195125.955933,179942.259882133,202005312036
657,28640,5,0,4805,Jefferson,,1056537388.6748,302637.68949569,202005312036
658,28642,9,0,5578,Jonesville,,922184812.2677,173376.666314256,202005312036
659,28643,2,0,3443,Lansing,,2044042930.41492,275858.107391137,202005312036
660,28644,3,0,1570,Laurel Springs,,2045165288.09131,297831.475142139,202005312036
661,28645,96,3,47621,Lenoir,,9179149391.98291,930216.037146458,202005312036
662,28646,NA,NA,463,Linville,Population <500 and Cases <5,440709602.757813,156576.175660301,202005312036
663,28649,3,0,1034,Mc Grady,,1036137984.80469,190682.670149615,202005312036
664,28650,8,0,13374,Maiden,,1278104496.07623,377336.649296681,202005312036
665,28651,51,0,6653,Millers Creek,,2065649255.9353,349078.290644553,202005312036
666,28654,30,0,3800,Moravian Falls,,1821577421.53857,295573.209104024,202005312036
667,28655,375,14,58249,Morganton,,9153179930.14331,677983.745386267,202005312036
668,28657,1,0,9610,Newland,,3935578521.47217,457051.359413869,202005312036
669,28658,38,0,25858,Newton,,2022657893.02307,451555.722478837,202005312036
670,28659,203,4,21013,North Wilkesboro,,2817470108.66394,743040.466864702,202005312036
671,28660,5,0,2336,Olin,,892135691.594116,224297.744075571,202005312036
672,28663,0,0,715,Piney Creek,,577849850.650269,137228.322788793,202005312036
673,28665,13,0,2986,Purlear,,1778038258.60608,240271.301413849,202005312036
674,28667,NA,NA,105,Rhodhiss,Population <500 and Cases <5,1309548.80932617,6065.66147149414,202005312036
675,28668,NA,NA,39,Roaring Gap,Population <500 and Cases <5,150579895.761963,97868.8716295681,202005312036
676,28669,12,0,3133,Roaring River,,1299426384.18799,252536.432806368,202005312036
677,28670,6,0,3183,Ronda,,1123975912.01135,257469.478215133,202005312036
678,28672,NA,NA,35,Scottville,Population <500 and Cases <5,62555584.7313232,47932.7256464108,202005312036
679,28673,4,0,6621,Sherrills Ford,,852092289.759583,248402.605359209,202005312036
680,28675,7,0,6805,Sparta,,2977111225.9541,397880.21838125,202005312036
681,28676,2,0,3444,State Road,,830902972.436646,197653.666386266,202005312036
682,28677,62,2,35614,Statesville,,2372250827.99042,364916.143502524,202005312036
683,28678,1,0,5252,Stony Point,,1249807753.12482,237772.476162198,202005312036
684,28679,0,0,2122,Sugar Grove,,636943392.934937,227619.317646308,202005312036
685,28681,28,0,26959,Taylorsville,,4726487412.65814,412700.759417833,202005312036
686,28682,1,0,1099,Terrell,,164657442.78833,108427.066369374,202005312036
687,28683,3,0,1934,Thurmond,,988749233.112671,203358.60410099,202005312036
688,28684,2,0,2175,Todd,,1383524229.94177,292392.138653963,202005312036
689,28685,5,0,1908,Traphill,,1296786088.98804,215086.939280452,202005312036
690,28689,4,0,1662,Union Grove,,1218398001.86389,304792.24772459,202005312036
691,28690,15,0,9427,Valdese,,668624773.04187,213466.610171622,202005312036
692,28692,1,0,4504,Vilas,,1091553223.68976,286379.955820553,202005312036
693,28693,1,0,1693,Warrensville,,621923811.260986,170328.387778476,202005312036
694,28694,4,0,8033,West Jefferson,,2188720146.69934,416426.801998168,202005312036
695,28697,133,1,13376,Wilkesboro,,1810927272.521,565265.362104433,202005312036
696,28698,0,0,1844,Zionville,,762471326.925049,227334.653867247,202005312036
697,28701,3,0,4830,Alexander,,557040025.003723,178622.867954755,202005312036
698,28702,1,0,704,Almond,,749571990.457794,168899.042279792,202005312036
699,28704,34,0,21728,Arden,,1481682958.97644,329012.999643476,202005312036
700,28705,2,0,7168,Bakersville,,3538838336.04175,376028.663142582,202005312036
701,28708,0,0,1340,Balsam Grove,,795626278.709686,241272.033803255,202005312036
702,28709,0,0,2308,Barnardsville,,1635213770.4093,231197.383485249,202005312036
703,28711,3,0,15250,Black Mountain,,2289646423.50623,432841.10713665,202005312036
704,28712,5,0,19644,Brevard,,3743370041.24365,607196.289251344,202005312036
705,28713,4,0,9333,Bryson City,,7085157294.99072,658029.652447302,202005312036
706,28714,9,0,17066,Burnsville,,7287599937.88281,538818.932986382,202005312036
707,28715,35,1,27289,Candler,,1975153881.5733,274379.594297132,202005312036
708,28716,15,0,18650,Canton,,4450693739.33826,450946.985814241,202005312036
709,28717,0,0,1471,Cashiers,,1160000231.10587,300525.403558473,202005312036
710,28718,1,0,607,Cedar Mountain,,604740430.192017,157079.894608512,202005312036
711,28719,10,0,6945,Cherokee,,6313532001.74988,506970.161305604,202005312036
712,28720,NA,NA,35,Chimney Rock,Population <500 and Cases <5,47877696.5422974,47768.4833790312,202005312036
713,28721,11,0,10866,Clyde,,3262240884.20239,451646.750156333,202005312036
714,28722,8,0,6854,Columbus,,1330435890.70984,371441.890606651,202005312036
715,28723,5,0,11678,Cullowhee,,2829089767.59064,521400.904374382,202005312036
716,28725,NA,NA,36,Dillsboro,Population <500 and Cases <5,1395548.49920654,7541.63511359509,202005312036
717,28726,13,1,3477,East Flat Rock,,62782212.3257446,52681.8363735949,202005312036
718,28729,4,0,2978,Etowah,,115914409.369507,74718.0620947517,202005312036
719,28730,2,0,10068,Fairview,,1334723772.69336,277836.650121475,202005312036
720,28731,20,0,9271,Flat Rock,,910498937.374664,308715.430561088,202005312036
721,28732,6,0,18899,Fletcher,,1163648233.76184,268599.174805656,202005312036
722,28733,NA,NA,200,Fontana Dam,Population <500 and Cases <5,498075903.916718,200917.740964481,202005312036
723,28734,64,1,28423,Franklin,,8413329787.90622,680710.034553254,202005312036
724,28735,NA,NA,294,Gerton,Population <500 and Cases <5,137680777.623108,92735.3834552802,202005312036
725,28736,0,0,740,Glenville,,845894035.551971,243241.394198335,202005312036
726,28739,19,0,21994,Hendersonville,,1809199500.98254,354883.696935043,202005312036
727,28740,4,0,2123,Green Mountain,,2560353451.70599,391601.88482291,202005312036
728,28741,5,0,3135,Highlands,,2488322100.83908,291652.561708351,202005312036
729,28742,0,0,2834,Horse Shoe,,759756422.807678,323788.261855291,202005312036
730,28743,0,0,2422,Hot Springs,,2855463957.34918,351331.648547095,202005312036
731,28745,1,0,598,Lake Junaluska,,24208240.7459412,20619.3143809221,202005312036
732,28746,2,0,2583,Lake Lure,,1635267198.94843,301403.103342596,202005312036
733,28747,1,0,2517,Lake Toxaway,,1644170650.80768,278687.825520297,202005312036
734,28748,8,1,12684,Leicester,,2568900770.12885,433742.542694055,202005312036
735,28749,NA,NA,0,Little Switzerland,Population <500 and Cases <5,1713987.45050049,8852.52475284555,202005312036
736,28751,1,0,3738,Maggie Valley,,1196971956.93442,252655.252396679,202005312036
737,28752,40,1,31501,Marion,,6843838240.70496,729852.019397462,202005312036
738,28753,1,0,12286,Marshall,,7221367422.4903,582321.875436496,202005312036
739,28754,1,0,8823,Mars Hill,,2532637146.55933,336365.654274913,202005312036
740,28756,3,0,4770,Mill Spring,,2319967191.40479,359387.276461913,202005312036
741,28757,NA,NA,0,Montreat,Population <500 and Cases <5,129672.114624023,2617.87913210505,202005312036
742,28759,6,1,7867,Mills River,,710290580.507599,219074.688607406,202005312036
743,28761,16,0,8493,Nebo,,3254647047.74689,448908.605974669,202005312036
744,28762,3,0,7603,Old Fort,,2996741187.4848,387268.208256283,202005312036
745,28763,1,0,2864,Otto,,1145043002.66425,202810.842815888,202005312036
746,28766,1,0,1526,Penrose,,159626292.482056,88900.5625977206,202005312036
747,28768,5,0,7895,Pisgah Forest,,2244655883.74216,321689.536597621,202005312036
748,28771,0,0,8212,Robbinsville,,9086438704.3884,732920.807564289,202005312036
749,28772,0,0,1942,Rosman,,577124059.134399,256613.212684218,202005312036
750,28773,20,4,3508,Saluda,,1396855034.24573,267712.497423626,202005312036
751,28774,0,0,1569,Sapphire,,1130246511.80005,224488.61951138,202005312036
752,28775,NA,NA,493,Scaly Mountain,Population <500 and Cases <5,456631744.06662,130336.94180952,202005312036
753,28777,10,0,10391,Spruce Pine,,1968811938.32007,332780.684408785,202005312036
754,28778,7,0,10803,Swannanoa,,692162823.950317,188030.795128165,202005312036
755,28779,19,1,17610,Sylva,,3287520334.70795,472387.421611018,202005312036
756,28781,0,0,957,Topton,,2402982140.90009,297913.620657844,202005312036
757,28782,8,0,6512,Tryon,,1239852111.02036,390005.579825198,202005312036
758,28783,4,0,1905,Tuckasegee,,2507065764.50815,412465.098737654,202005312036
759,28785,2,0,8309,Waynesville,,4680111391.07288,434987.630089387,202005312036
760,28786,17,0,21837,Waynesville,,2130537927.5513,319219.020654079,202005312036
761,28787,14,0,20681,Weaverville,,2146776657.76654,337936.038355962,202005312036
762,28789,2,0,6551,Whittier,,1731085189.80936,281392.474737519,202005312036
763,28790,2,0,3775,Zirconia,,1184634316.47168,272368.233599775,202005312036
764,28791,70,8,15811,Hendersonville,,466838231.125,123544.27336528,202005312036
765,28792,189,35,37949,Hendersonville,,2892120004.20319,483608.715059927,202005312036
766,28801,18,0,16782,Asheville,,142991050.12396199,66531.4000304091,202005312036
767,28803,37,2,34731,Asheville,,1148499781.62708,221583.067984848,202005312036
768,28804,13,1,23302,Asheville,,818376430.368896,216401.982596761,202005312036
769,28805,16,2,20394,Asheville,,743578799.615234,203043.782551956,202005312036
770,28806,135,16,43841,Asheville,,1123591112.45288,297671.815966071,202005312036
771,28901,3,0,6039,Andrews,,1881090750.42804,271571.032581688,202005312036
772,28902,3,0,1562,Brasstown,,645585335.657318,162521.113458697,202005312036
773,28904,3,0,9535,Hayesville,,5317145252.91805,403950.005454209,202005312036
774,28905,4,0,3548,Marble,,1058320723.96715,269002.244098821,202005312036
775,28906,12,1,20296,Murphy,,9849733400.34212,586826.324547444,202005312036
776,28909,0,0,1068,Warne,,269492752.319427,107722.293423693,202005312036
777,27969,NA,NA,0,Roduco,Population <500 and Cases <5,724387.010986328,3958.82496624679,202005312036
778,28253,NA,NA,0,Charlotte,Population <500 and Cases <5,133339.295837402,3050.2273713774,202005312036
779,28608,NA,NA,0,Boone,Population <500 and Cases <5,274774.708862305,3583.9041925176102,202005312036
780,27533,458,2,0,,,18055719.4014893,15817.3715737294,202005312036
