OBJECTID,ZIPCode,Cases,Deaths,TotalPop,Place,Note,RatePer10K,RatePer100K,Shape__Area,Shape__Length,DataGatherTS
1,27006,1169,6,14872,Advance,"",786.040882194728,7860.40882194728,1744189234.37061,355282.663136038,202103191540
2,27007,206,0,2136,Ararat,"",964.419475655431,9644.19475655431,592499585.594238,195922.003442792,202103191540
3,27009,253,1,2937,Belews Creek,"",861.423220973783,8614.23220973783,618093097.011353,191244.647442635,202103191540
4,27011,515,7,5411,Boonville,"",951.76492330438,9517.6492330438,1489580093.86462,316910.589814884,202103191540
5,27012,2582,48,28954,Clemmons,"",891.759342405195,8917.59342405195,1176567385.86804,255774.303165276,202103191540
6,27013,558,6,6495,Cleveland,"",859.122401847575,8591.22401847575,2066336247.98627,379169.285246239,202103191540
7,27014,67,1,957,Cooleemee,"",700.104493207941,7001.04493207941,21479098.032959,22299.1178929161,202103191540
8,27016,139,2,1682,Danbury,"",826.397146254459,8263.97146254459,1068209590.0686,211061.413302457,202103191540
9,27017,1004,9,9499,Dobson,"",1056.95336351195,10569.5336351195,2962951682.04883,566348.974052304,202103191540
10,27018,659,4,8221,East Bend,"",801.605644082229,8016.05644082228,2331567909.96985,255811.974556888,202103191540
11,27019,299,1,4234,Germanton,"",706.188001889466,7061.88001889466,977414017.819214,270248.259734795,202103191540
12,27020,630,5,6104,Hamptonville,"",1032.11009174312,10321.1009174312,2114111622.36755,316969.486887135,202103191540
13,27021,1601,43,17979,King,"",890.4833416764,8904.833416764,1469376476.14172,210392.900707099,202103191540
14,27022,82,2,1512,Lawsonville,"",542.328042328042,5423.28042328042,918745327.278442,200803.000966771,202103191540
15,27023,905,3,12775,Lewisville,"",708.414872798434,7084.14872798435,807172159.002075,183078.980128527,202103191540
16,27024,263,3,2683,Lowgap,"",980.245993291092,9802.45993291092,1265827411.39758,278411.484773322,202103191540
17,27025,938,7,11117,Madison,"",843.752811010165,8437.52811010165,2714649364.33142,468723.596670606,202103191540
18,27027,340,8,4017,Mayodan,"",846.402788150361,8464.02788150361,548179131.574585,172371.363079245,202103191540
19,27028,2423,27,28039,Mocksville,"",864.153500481472,8641.53500481472,5475621774.30664,567238.136149725,202103191540
20,27030,3926,85,37641,Mount Airy,"",1043.01160968093,10430.1160968093,4824085732.75671,624989.724929863,202103191540
21,27040,940,7,13150,Pfafftown,"",714.828897338403,7148.28897338403,763349953.536133,205025.773716105,202103191540
22,27041,659,6,8020,Pilot Mountain,"",821.695760598504,8216.95760598504,1629462738.40637,324677.141569035,202103191540
23,27042,64,2,720,Pine Hall,"",888.888888888889,8888.88888888889,290758639.069458,113971.243586081,202103191540
24,27043,479,5,6442,Pinnacle,"",743.557901272897,7435.57901272897,1935795027.06067,395674.180712496,202103191540
25,27045,922,7,9583,Rural Hall,"",962.120421579881,9621.20421579881,666085549.25769,154538.589918543,202103191540
26,27046,144,1,1953,Sandy Ridge,"",737.327188940092,7373.27188940092,1237681699.0647,217125.573744555,202103191540
27,27047,103,0,1279,Siloam,"",805.316653635653,8053.16653635653,576295820.815674,144984.839113672,202103191540
28,27048,636,5,8902,Stoneville,"",714.446191866996,7144.46191866996,2355000804.03674,325454.766660313,202103191540
29,27050,277,3,4084,Tobaccoville,"",678.256611165524,6782.56611165524,703876500.567505,219088.1792708,202103191540
30,27051,634,5,8287,Walkertown,"",765.053698564016,7650.53698564016,524680317.775635,151066.808563308,202103191540
31,27052,850,21,10061,Walnut Cove,"",844.846436735911,8448.46436735911,2710320219.82117,403203.611044297,202103191540
32,27053,177,1,3156,Westfield,"",560.836501901141,5608.36501901141,2152815477.55933,413464.446930882,202103191540
33,27054,261,4,2608,Woodleaf,"",1000.76687116564,10007.6687116564,778193820.583862,201172.963339102,202103191540
34,27055,1580,24,14521,Yadkinville,"",1088.07933337924,10880.7933337924,3115987965.39453,403366.49229781,202103191540
35,27101,1656,32,24321,Winston Salem,"",680.893055384236,6808.93055384236,356085731.400146,162957.922513793,202103191540
36,27103,2774,38,36071,Winston Salem,"",769.038840065426,7690.38840065426,527249856.672729,146399.561156354,202103191540
37,27104,2340,31,29383,Winston Salem,"",796.378858523636,7963.78858523636,337669863.683838,130394.134288752,202103191540
38,27105,3636,33,40186,Winston Salem,"",904.792713880456,9047.92713880456,950547784.577881,208375.813794777,202103191540
39,27106,3965,49,51378,Winston Salem,"",771.731091128499,7717.31091128499,787324720.967285,203893.681115083,202103191540
40,27107,4427,40,52432,Winston Salem,"",844.331705828502,8443.31705828502,1859279716.41162,319111.813640457,202103191540
41,27127,3563,24,38510,Winston Salem,"",925.214230070112,9252.14230070112,820319160.873047,213438.375685158,202103191540
42,27157,42,0,5,Winston Salem,"",,,827769.094482422,4216.57245655308,202103191540
43,27203,2632,48,21876,Asheboro,"",1203.14499908576,12031.4499908576,589408161.410522,188062.356665824,202103191540
44,27205,3477,44,34549,Asheboro,"",1006.39671191641,10063.9671191641,6255653514.79199,588011.232518038,202103191540
45,27207,262,2,3806,Bear Creek,"",688.38675775092,6883.8675775092,2300194678.82397,473699.237818467,202103191540
46,27208,140,2,1691,Bennett,"",827.912477823773,8279.12477823773,1029479783.1405,215638.108979383,202103191540
47,27209,684,40,4151,Biscoe,"",1647.79571187666,16477.9571187666,1198089302.20734,259108.004034657,202103191540
48,27212,372,1,1600,Blanch,"",2325,23250,1328181375.12305,277007.39975067,202103191540
49,27214,914,6,11747,Browns Summit,"",778.07099685026,7780.7099685026,1414533235.94788,324969.092830869,202103191540
50,27215,4060,64,44892,Burlington,"",904.392764857881,9043.92764857881,1827823774.30115,298200.358945539,202103191540
51,27217,4747,90,39111,Burlington,"",1213.72503899159,12137.2503899159,3473433663.33496,513818.51476852,202103191540
52,27229,526,17,4014,Candor,"",1310.41355256602,13104.1355256602,2747739848.89313,367384.611313313,202103191540
53,27231,111,0,2048,Cedar Grove,"",541.9921875,5419.921875,987771348.581177,209108.769362036,202103191540
54,27233,262,2,3647,Climax,"",718.39868384974,7183.9868384974,703252829.253662,187154.002103638,202103191540
55,27235,385,7,4575,Colfax,"",841.530054644809,8415.30054644809,380654027.583252,148521.339190303,202103191540
56,27239,774,12,9629,Denton,"",803.8217883477,8038.217883477,4319759872.9696,429373.198159064,202103191540
57,27242,172,4,2668,Eagle Springs,"",644.677661169415,6446.77661169415,1480408484.01825,321391.030328654,202103191540
58,27243,256,3,4665,Efland,"",548.76741693462,5487.67416934619,1142332751.10315,311755.144165646,202103191540
59,27244,1743,18,16259,Elon,"",1072.02164954794,10720.2164954794,1541989025.453,399696.340130384,202103191540
60,27248,364,5,4835,Franklinville,"",752.843846949328,7528.43846949328,942909114.352783,215710.992817749,202103191540
61,27249,1006,7,13355,Gibsonville,"",753.275926619244,7532.75926619244,1679803774.77087,397477.611919868,202103191540
62,27252,104,2,2264,Goldston,"",459.363957597173,4593.63957597173,1142470673.17163,220926.147155476,202103191540
63,27253,3195,42,31464,Graham,"",1015.44622425629,10154.4622425629,2351372927.78931,521476.969804177,202103191540
64,27258,618,8,7740,Haw River,"",798.449612403101,7984.49612403101,473631125.268677,312686.877842211,202103191540
65,27260,1956,37,25696,High Point,"",761.20797011208,7612.0797011208,348441568.963501,133229.878739789,202103191540
66,27262,1858,45,24764,High Point,"",750.282668389598,7502.82668389598,368730084.700928,171087.864383377,202103191540
67,27263,1939,32,22320,High Point,"",868.727598566308,8687.27598566308,1121512604.52234,249658.228757679,202103191540
68,27265,3891,48,50038,High Point,"",777.609017146968,7776.09017146968,1172957282.41284,307481.490778656,202103191540
69,27268,271,0,1695,High Point,"",1598.82005899705,15988.2005899705,2495618.64758301,8251.66869064816,202103191540
70,27278,1565,18,27181,Hillsborough,"",575.76983922593,5757.6983922593,2885765742.02771,502574.675043234,202103191540
71,27281,246,0,3710,Jackson Springs,"",663.072776280323,6630.72776280323,2095606802.2608,479969.724586594,202103191540
72,27282,1274,22,16597,Jamestown,"",767.608603964572,7676.08603964572,404066994.873657,168803.970950205,202103191540
73,27283,216,2,2982,Julian,"",724.346076458753,7243.46076458753,711286368.914917,161239.518798817,202103191540
74,27284,4628,63,56201,Kernersville,"",823.472891941425,8234.72891941425,2233069317.10205,420748.080109325,202103191540
75,27288,1711,26,23585,Eden,"",725.461098155607,7254.61098155607,1951079100.05676,304615.616752016,202103191540
76,27291,121,0,1538,Leasburg,"",786.736020806242,7867.36020806242,1492904663.44434,314720.365319101,202103191540
77,27292,3424,33,41465,Lexington,"",825.756662245267,8257.56662245267,4270233445.18579,407599.915340798,202103191540
78,27295,3564,47,39191,Lexington,"",909.392462555178,9093.92462555178,3631502180.53174,466742.919509858,202103191540
79,27298,738,9,10440,Liberty,"",706.896551724138,7068.96551724138,2639148530.03284,431527.987760386,202103191540
80,27299,525,4,5254,Linwood,"",999.238675295013,9992.38675295013,822543412.257813,203597.604040365,202103191540
81,27301,931,16,10019,Mc Leansville,"",929.234454536381,9292.34454536381,900133716.655151,287107.537324028,202103191540
82,27302,2282,12,32302,Mebane,"",706.457804470311,7064.57804470311,3198656461.27478,644303.59427532,202103191540
83,27305,150,1,1585,Milton,"",946.372239747634,9463.72239747634,687167820.539429,263836.485514183,202103191540
84,27306,626,16,5945,Mount Gilead,"",1052.98570227082,10529.8570227082,5305900334.83325,426306.558627535,202103191540
85,27310,584,3,8562,Oak Ridge,"",682.083625321187,6820.83625321187,526240082.103149,140986.043049622,202103191540
86,27311,248,1,3220,Pelham,"",770.186335403727,7701.86335403727,1338371966.32642,293760.993606137,202103191540
87,27312,884,25,22205,Pittsboro,"",398.108534113938,3981.08534113938,5005768374.64233,617961.777569282,202103191540
88,27313,465,19,7288,Pleasant Garden,"",638.035126234907,6380.35126234907,760352714.59021,181619.740165306,202103191540
89,27314,58,1,1138,Prospect Hill,"",509.666080843585,5096.66080843585,773578280.842896,162162.976448062,202103191540
90,27315,116,0,2140,Providence,"",542.056074766355,5420.56074766355,697810511.310425,179457.95829655,202103191540
91,27316,665,14,7156,Ramseur,"",929.290106204584,9292.90106204584,1975410509.03577,278228.393914438,202103191540
92,27317,1668,21,17851,Randleman,"",934.401434093328,9344.01434093328,1700826686.43616,339539.515262609,202103191540
93,27320,2849,20,38894,Reidsville,"",732.503728081452,7325.03728081452,6966725984.64832,658218.836963247,202103191540
94,27325,709,5,7676,Robbins,"",923.658155289213,9236.58155289213,2401051783.47894,409075.895347679,202103191540
95,27326,267,2,3692,Ruffin,"",723.185265438787,7231.85265438787,1884156536.74561,359587.547530237,202103191540
96,27330,3620,48,39529,Sanford,"",915.783348933694,9157.83348933694,6011213414.18433,528161.840140257,202103191540
97,27332,2599,25,33549,Sanford,"",774.687770127277,7746.87770127277,2996782209.29614,417113.164836099,202103191540
98,27341,470,2,5820,Seagrove,"",807.560137457045,8075.60137457045,2678433259.4787,311632.157547413,202103191540
99,27343,119,0,1840,Semora,"",646.739130434783,6467.39130434783,1390260353.39624,348769.311430722,202103191540
100,27344,1775,30,19290,Siler City,"",920.16588906169,9201.6588906169,4591228058.44531,607903.308882544,202103191540
101,27349,438,5,5850,Snow Camp,"",748.717948717949,7487.17948717949,1831279532.651,381750.490582419,202103191540
102,27350,563,6,7508,Sophia,"",749.866808737347,7498.66808737347,1066449848.573,204602.636460839,202103191540
103,27355,206,2,3196,Staley,"",644.555694618273,6445.55694618273,1016358702.6969,245160.332752788,202103191540
104,27356,329,7,3513,Star,"",936.521491602619,9365.21491602619,1815293543.21783,348288.37985576,202103191540
105,27357,804,16,8325,Stokesdale,"",965.765765765766,9657.65765765766,1273124268.28796,223115.118835702,202103191540
106,27358,945,6,15960,Summerfield,"",592.105263157895,5921.05263157895,1557557662.14905,323017.176053331,202103191540
107,27360,4433,57,48331,Thomasville,"",917.216693219673,9172.16693219673,2458732404.91687,372395.85217249,202103191540
108,27370,1386,28,14622,Trinity,"",947.886745999179,9478.86745999179,1663817222.16028,344702.900725307,202103191540
109,27371,835,10,7778,Troy,"",1073.5407559784,10735.407559784,4076136455.00793,473833.643450898,202103191540
110,27376,760,14,9884,West End,"",768.919465803319,7689.19465803319,1781050002.06519,320932.333330313,202103191540
111,27377,789,5,9597,Whitsett,"",822.13191622382,8221.3191622382,736936774.92627,183024.518653502,202103191540
112,27379,543,18,6057,Yanceyville,"",896.483407627538,8964.83407627538,2663338769.75159,422550.665080929,202103191540
113,27401,1625,18,20221,Greensboro,"",803.619999010929,8036.19999010929,171748092.127686,100334.769337553,202103191540
114,27403,1229,16,21278,Greensboro,"",577.59187893599,5775.9187893599,159396286.028687,87465.2545388649,202103191540
115,27405,4054,41,52510,Greensboro,"",772.043420300895,7720.43420300895,886695637.391357,284328.526421691,202103191540
116,27406,4626,91,60755,Greensboro,"",761.418813266398,7614.18813266398,1894160074.00403,327705.317343953,202103191540
117,27407,3845,51,49837,Greensboro,"",771.515139354295,7715.15139354295,840498790.451172,227731.576408348,202103191540
118,27408,1121,5,17406,Greensboro,"",644.030793979088,6440.30793979088,221403500.549561,80148.1616765212,202103191540
119,27409,1259,13,17953,Greensboro,"",701.275552832396,7012.75552832396,603872824.646484,239783.02449594,202103191540
120,27410,3581,34,56968,Greensboro,"",628.598511445022,6285.98511445022,859363574.914917,272309.563854046,202103191540
121,27455,2156,53,29197,Greensboro,"",738.432030688084,7384.32030688084,816075696.678345,198282.860420201,202103191540
122,27501,1627,16,21338,Angier,"",762.489455431624,7624.89455431624,1683348454.90833,329143.189780915,202103191540
123,27502,2171,7,43747,Apex,"",496.262600864059,4962.62600864059,840126405.51062,242725.298081049,202103191540
124,27503,166,0,7222,Bahama,"",229.853226253115,2298.53226253115,1054708975.44934,246183.053747647,202103191540
125,27504,1697,18,16320,Benson,"",1039.82843137255,10398.2843137255,2584462015.08862,486262.181304732,202103191540
126,27505,541,7,7308,Broadway,"",740.284619594964,7402.84619594964,1509842573.20557,320128.840505679,202103191540
127,27507,150,2,2053,Bullock,"",730.638090599123,7306.38090599123,1354883649.98218,266873.357504053,202103191540
128,27508,280,1,2340,Bunn,"",1196.5811965812,11965.811965812,312599782.273071,114289.902416244,202103191540
129,27509,1603,37,6935,Butner,"",2311.46359048306,23114.6359048306,507253453.414795,156294.942704551,202103191540
130,27510,784,8,14543,Carrboro,"",539.090971601458,5390.90971601458,88705554.5671387,57867.6032694508,202103191540
131,27511,1875,20,34041,Cary,"",550.806380541112,5508.06380541112,333520579.048462,98702.6527265331,202103191540
132,27513,2128,13,49003,Cary,"",434.259126992225,4342.59126992225,474399121.186279,162336.294574525,202103191540
133,27514,1515,24,32847,Chapel Hill,"",461.229336012421,4612.29336012421,579057212.663452,190879.985276748,202103191540
134,27516,2053,16,44117,Chapel Hill,"",465.353491851214,4653.53491851214,2564236091.9281,438904.079251583,202103191540
135,27517,1126,15,28831,Chapel Hill,"",390.551836564809,3905.51836564809,1520140847.99951,299162.993678501,202103191540
136,27518,1052,4,22765,Cary,"",462.112892598287,4621.12892598287,262665807.612671,130741.025823352,202103191540
137,27519,2356,8,59960,Cary,"",392.928619079386,3929.28619079386,609072010.422363,166930.324843009,202103191540
138,27520,4183,57,43958,Clayton,"",951.590154238136,9515.90154238136,1962402119.35425,374945.851452289,202103191540
139,27521,644,9,7149,Coats,"",900.825290250385,9008.25290250385,721041350.168091,174373.299688566,202103191540
140,27522,1013,4,13652,Creedmoor,"",742.015821857603,7420.15821857603,2172960809.67273,361578.814896966,202103191540
141,27523,623,0,12782,Apex,"",487.404162102957,4874.04162102957,1210964088.06177,294058.887697931,202103191540
142,27524,1329,15,13532,Four Oaks,"",982.116464676323,9821.16464676323,3831785222.9375,530912.577014992,202103191540
143,27525,1333,2,15534,Franklinton,"",858.117677352903,8581.17677352903,2660281050.9928,421324.476104612,202103191540
144,27526,3508,40,54027,Fuquay Varina,"",649.304977141059,6493.04977141059,2787678657.25134,460586.982042285,202103191540
145,27527,2299,8,30234,Clayton,"",760.40219620295,7604.0219620295,1261348608.45837,213730.175971786,202103191540
146,27529,4371,60,53854,Garner,"",811.638875478145,8116.38875478145,1666161335.17407,336033.618547781,202103191540
147,27530,2998,73,40212,Goldsboro,"",745.548592459962,7455.48592459962,2920081393.96802,465673.796837526,202103191540
148,27531,10,0,666,Goldsboro,"",150.15015015015,1501.5015015015,123956304.007813,71472.4653387502,202103191540
149,27534,2565,68,31819,Goldsboro,"",806.12212828813,8061.2212828813,1995982542.31616,394454.137280507,202103191540
150,27536,1748,47,16459,Henderson,"",1062.03293031168,10620.3293031168,359552678.037964,148817.062353839,202103191540
151,27537,2352,35,25321,Henderson,"",928.873267248529,9288.73267248529,5545289733.50195,795404.906342346,202103191540
152,27539,1309,6,26567,Apex,"",492.716528023488,4927.16528023488,805959451.628174,335082.894750929,202103191540
153,27540,2351,5,39075,Holly Springs,"",601.663467690339,6016.63467690339,1299006108.57275,339054.617126205,202103191540
154,27541,281,1,4044,Hurdle Mills,"",694.856577645895,6948.56577645895,1979862536.66309,328579.598479954,202103191540
155,27542,822,13,10043,Kenly,"",818.480533705068,8184.80533705068,2499059670.1123,366253.348192187,202103191540
156,27544,376,3,4291,Kittrell,"",876.252621766488,8762.52621766488,1645813165.28467,322022.503716068,202103191540
157,27545,2821,33,30327,Knightdale,"",930.194216374848,9301.94216374848,885541868.759766,219250.012614228,202103191540
158,27546,1944,71,22436,Lillington,"",866.464610447495,8664.64610447495,3433026188.83105,510775.88711738,202103191540
159,27549,2048,33,25224,Louisburg,"",811.925150650174,8119.25150650174,6636124442.18066,817297.028533166,202103191540
160,27551,106,3,2205,Macon,"",480.725623582766,4807.25623582766,2443966870.98499,402849.299843212,202103191540
161,27553,466,0,2030,Manson,"",2295.56650246305,22955.6650246305,1245206626.07959,217969.561788749,202103191540
162,27556,20,0,298,Middleburg,"",671.140939597315,6711.40939597315,67850312.0914307,63490.7222823736,202103191540
163,27557,696,3,9214,Middlesex,"",755.372259604949,7553.72259604949,2046463550.40088,338861.342265204,202103191540
164,27559,126,0,2874,Moncure,"",438.413361169102,4384.13361169102,1458825370.29968,366837.077035256,202103191540
165,27560,1627,10,33691,Morrisville,"",482.91828678282,4829.1828678282,794384947.373291,268297.11970144,202103191540
166,27562,217,0,2791,New Hill,"",777.499104263705,7774.99104263705,1862081556.93738,349507.762295745,202103191540
167,27563,361,5,5312,Norlina,"",679.593373493976,6795.93373493976,1943381370.69177,412640.540954252,202103191540
168,27565,2357,39,26057,Oxford,"",904.555397781786,9045.55397781786,9219811779.9552,826827.222809144,202103191540
169,27569,903,6,8984,Princeton,"",1005.12021371327,10051.2021371327,2107084820.73511,313917.550563748,202103191540
170,27571,658,0,7385,Rolesville,"",890.995260663507,8909.95260663507,149121249.193359,94251.9264704589,202103191540
171,27572,381,3,7316,Rougemont,"",520.776380535812,5207.76380535812,3003228111.9873,397658.617230022,202103191540
172,27573,1073,51,11561,Roxboro,"",928.120404809273,9281.20404809273,501787874.430542,219611.309648669,202103191540
173,27574,1034,9,15232,Roxboro,"",678.834033613445,6788.34033613445,5527133817.3114,691755.452465683,202103191540
174,27576,1859,22,20197,Selma,"",920.433727781354,9204.33727781354,2407427117.65723,339571.106645256,202103191540
175,27577,2797,40,25214,Smithfield,"",1109.30435472357,11093.0435472357,2877290650.99841,416726.966278933,202103191540
176,27581,265,1,3956,Stem,"",669.868554095046,6698.68554095046,1038615853.81189,246789.101888964,202103191540
177,27583,555,6,7012,Timberlake,"",791.500285225328,7915.00285225328,1327957318.65857,326956.719649922,202103191540
178,27587,5852,45,74087,Wake Forest,"",789.882165562109,7898.82165562109,3132804734.81897,700749.84181148,202103191540
179,27589,643,6,8312,Warrenton,"",773.580365736285,7735.80365736285,4790731000.68542,626837.217934379,202103191540
180,27591,2140,22,23448,Wendell,"",912.65779597407,9126.5779597407,1913446220.02844,380727.392057269,202103191540
181,27592,1232,5,17368,Willow Spring,"",709.350529709811,7093.50529709811,1090932847.86865,312475.180771683,202103191540
182,27596,1506,5,18655,Youngsville,"",807.290270704905,8072.90270704905,1519151285.28821,344366.073155402,202103191540
183,27597,2380,19,25494,Zebulon,"",933.552992861065,9335.52992861065,3191967656.80884,568385.679042481,202103191540
184,27601,814,6,12139,Raleigh,"",670.565944476481,6705.65944476481,49970514.2080078,41226.7428180515,202103191540
185,27603,4225,17,55479,Raleigh,"",761.549415094,7615.49415094,1420350588.63403,346107.072534996,202103191540
186,27604,3946,41,47645,Raleigh,"",828.208626298667,8282.08626298667,550434833.049927,194088.121184431,202103191540
187,27605,564,17,5253,Raleigh,"",1073.67218732153,10736.7218732153,26954475.7900391,26465.2700663817,202103191540
188,27606,3015,8,47938,Raleigh,"",628.937377445868,6289.37377445868,750229681.939209,267151.497057326,202103191540
189,27607,1920,9,30296,Raleigh,"",633.7470293108,6337.470293108,519162282.902344,200611.380547666,202103191540
190,27608,846,1,11603,Raleigh,"",729.121778850297,7291.21778850297,91889809.9622803,55583.7467967219,202103191540
191,27609,2861,23,38631,Raleigh,"",740.596929926743,7405.96929926743,310136046.756592,95880.163026763,202103191540
192,27610,7720,65,74203,Raleigh,"",1040.38920259289,10403.8920259289,1211166911.84558,327751.489063642,202103191540
193,27612,2597,33,39208,Raleigh,"",662.364823505407,6623.64823505407,428868509.332275,164483.082879678,202103191540
194,27613,2585,11,46521,Raleigh,"",555.663033898669,5556.63033898669,675406849.409912,184431.643996557,202103191540
195,27614,2336,20,37689,Raleigh,"",619.809493486163,6198.09493486163,829063194.918701,218912.319813944,202103191540
196,27615,2953,42,46038,Raleigh,"",641.426647552022,6414.26647552022,525952454.993774,134192.839940925,202103191540
197,27616,4968,21,55260,Raleigh,"",899.022801302932,8990.22801302932,646426991.218628,201092.505637391,202103191540
198,27617,1275,3,19511,Raleigh,"",653.477525498437,6534.77525498437,230483847.672241,125016.743498849,202103191540
199,27701,1938,15,26489,Durham,"",731.624447884027,7316.24447884027,147212202.097778,89264.6755119976,202103191540
200,27703,4862,26,61351,Durham,"",792.489119981744,7924.89119981744,1376809528.09961,349864.156739061,202103191540
201,27704,3772,35,39369,Durham,"",958.114252330514,9581.14252330514,1307759376.10449,279407.953507315,202103191540
202,27705,3156,72,48078,Durham,"",656.433295894172,6564.33295894172,1155101566.94189,288440.086812307,202103191540
203,27707,3122,16,47036,Durham,"",663.746917254869,6637.46917254869,551326002.510864,228660.826032165,202103191540
204,27708,101,0,4635,Durham,"",217.907227615966,2179.07227615965,24140532.868042,39624.2440738689,202103191540
205,27709,135,0,4,Durham,"",,,166810196.870483,93465.8554704913,202103191540
206,27710,5,0,0,Durham,"",,,3645590.83996582,9509.21127183631,202103191540
207,27712,1277,28,22055,Durham,"",579.007027884833,5790.07027884833,952678558.948486,239427.124284805,202103191540
208,27713,2962,24,53996,Durham,"",548.559152529817,5485.59152529817,1004016276.63342,186930.768828538,202103191540
209,27801,1714,19,21556,Rocky Mount,"",795.138244572277,7951.38244572277,1947625744.14368,298032.749540484,202103191540
210,27803,1806,23,22337,Rocky Mount,"",808.523973675964,8085.23973675964,1209689022.16736,314786.382274833,202103191540
211,27804,2922,80,29160,Rocky Mount,"",1002.05761316872,10020.5761316872,1207912397.80139,237805.719395058,202103191540
212,27805,209,2,3769,Aulander,"",554.523746351817,5545.23746351818,3260348789.01416,427031.578041759,202103191540
213,27806,156,2,2441,Aurora,"",639.082343301925,6390.82343301925,3806890944.80762,575449.481817415,202103191540
214,27807,805,10,6940,Bailey,"",1159.94236311239,11599.4236311239,1393278091.89233,266050.599193056,202103191540
215,27808,189,3,2481,Bath,"",761.789600967352,7617.89600967352,1375581489.5946,320371.987641635,202103191540
216,27809,468,8,5254,Battleboro,"",890.749904834412,8907.49904834412,2127311815.53979,418206.140952668,202103191540
217,27812,249,1,2951,Bethel,"",843.781768891901,8437.81768891901,1796512894.90283,307599.921723871,202103191540
218,27813,57,0,687,Black Creek,"",829.694323144105,8296.94323144105,17954681.8726807,21851.3845296183,202103191540
219,27814,118,2,1801,Blounts Creek,"",655.191560244309,6551.91560244309,2084052221.88855,349050.345630614,202103191540
220,27816,231,3,2634,Castalia,"",876.993166287016,8769.93166287016,1727056405.90051,269780.663460198,202103191540
221,27817,612,5,7777,Chocowinity,"",786.935836440787,7869.35836440787,3011254799.10022,441922.251479678,202103191540
222,27818,103,1,1269,Como,"",811.662726556344,8116.62726556344,1775223218.97412,291672.91933713,202103191540
223,27820,194,4,3292,Conway,"",589.307411907655,5893.07411907655,1787180209.86865,300570.413456991,202103191540
224,27822,880,12,9119,Elm City,"",965.018094089264,9650.18094089264,2421416079.34338,500329.938801193,202103191540
225,27823,685,8,7812,Enfield,"",876.856118791603,8768.56118791603,5279947738.18738,591795.38238411,202103191540
226,27827,21,0,99,Falkland,"",2121.21212121212,21212.1212121212,6818760.54968262,12365.1347191574,202103191540
227,27828,784,8,9031,Farmville,"",868.120916841989,8681.20916841989,1954373169.79175,304535.643741104,202103191540
228,27829,179,1,1872,Fountain,"",956.196581196581,9561.96581196581,1242859232.87109,276952.810668188,202103191540
229,27830,308,6,4858,Fremont,"",634.005763688761,6340.05763688761,1661392631.86707,301522.072838785,202103191540
230,27831,302,5,3588,Garysburg,"",841.694537346711,8416.94537346711,1733783751.73071,369102.732751728,202103191540
231,27832,316,7,2912,Gaston,"",1085.16483516484,10851.6483516484,1029571544.94922,217897.088475999,202103191540
232,27834,5689,29,57505,Greenville,"",989.30527780193,9893.0527780193,5082356628.8689,890421.476518531,202103191540
233,27837,589,3,6506,Grimesland,"",905.318167845066,9053.18167845066,1710764546.60681,462288.004070908,202103191540
234,27839,245,4,3702,Halifax,"",661.804430037818,6618.04430037817,3728459644.54443,454921.143892168,202103191540
235,27840,55,3,535,Hamilton,"",1028.03738317757,10280.3738317757,127567387.286499,59155.8177418193,202103191540
236,27842,69,0,1436,Henrico,"",480.50139275766,4805.0139275766,414285932.678223,116849.514846702,202103191540
237,27843,107,1,946,Hobgood,"",1131.07822410148,11310.7822410148,1458584246.23853,232329.162988765,202103191540
238,27844,252,5,3039,Hollister,"",829.220138203356,8292.20138203356,1251113401.94934,274076.283965929,202103191540
239,27845,204,2,2841,Jackson,"",718.05702217529,7180.5702217529,2842001076.66528,416912.567186113,202103191540
240,27846,281,3,3069,Jamesville,"",915.607689801238,9156.07689801238,3050744149.28796,442133.927899832,202103191540
241,27847,53,0,1071,Kelford,"",494.864612511671,4948.64612511671,1048559305.60547,265580.578438826,202103191540
242,27849,98,2,1483,Lewiston Woodville,"",660.822656776804,6608.22656776804,2062202839.65674,367759.436044123,202103191540
243,27850,418,6,7413,Littleton,"",563.874274922434,5638.74274922434,5554617534.52942,570792.398502674,202103191540
244,27851,484,5,5595,Lucama,"",865.058087578195,8650.58087578195,1253082833.57764,200836.347936783,202103191540
245,27852,224,3,3454,Macclesfield,"",648.523451071222,6485.23451071222,1418996205.83582,268041.951522527,202103191540
246,27853,30,1,436,Margarettsville,"",688.073394495413,6880.73394495413,1061331085.73535,233986.055045062,202103191540
247,27855,429,5,6105,Murfreesboro,"",702.702702702703,7027.02702702703,1379257056.24951,246550.621363096,202103191540
248,27856,2205,30,17301,Nashville,"",1274.49280388417,12744.9280388417,3696764195.94336,508647.139191863,202103191540
249,27857,120,4,1601,Oak City,"",749.531542785759,7495.31542785759,2180191629.70935,354763.313675516,202103191540
250,27858,5590,18,58170,Greenville,"",960.976448341069,9609.76448341069,1683129152.90881,395293.630437,202103191540
251,27860,168,2,2062,Pantego,"",814.742967992241,8147.4296799224,4384086912.80859,475177.331131482,202103191540
252,27862,44,0,945,Pendleton,"",465.608465608466,4656.08465608466,1337735767.81812,305131.144563485,202103191540
253,27863,940,18,12670,Pikeville,"",741.91002367798,7419.1002367798,1822358483.62146,414140.550515842,202103191540
254,27864,490,6,4823,Pinetops,"",1015.96516690856,10159.6516690856,1058515929.69434,223861.53375515,202103191540
255,27865,202,5,2003,Pinetown,"",1008.48726909636,10084.8726909636,3183419700.15735,407140.115990912,202103191540
256,27866,69,1,672,Pleasant Hill,"",1026.78571428571,10267.8571428571,548856343.547363,183824.668332886,202103191540
257,27869,266,14,2167,Rich Square,"",1227.503461006,12275.03461006,2314340977.34839,283794.508144883,202103191540
258,27870,2768,57,26633,Roanoke Rapids,"",1039.3121315661,10393.121315661,1958976214.39966,237465.130853914,202103191540
259,27871,361,5,4466,Robersonville,"",808.32960143305,8083.2960143305,2640265625.23401,370404.169208956,202103191540
260,27874,345,9,4766,Scotland Neck,"",723.877465379773,7238.77465379773,3988089594.78687,425091.541566969,202103191540
261,27876,105,2,1290,Seaboard,"",813.953488372093,8139.53488372093,1161065802.28784,286123.221519332,202103191540
262,27880,373,0,3280,Sims,"",1137.19512195122,11371.9512195122,661768421.449585,178936.521495753,202103191540
263,27882,811,9,7927,Spring Hope,"",1023.08565661663,10230.8565661663,2721376125.90833,404465.358087667,202103191540
264,27883,320,3,4361,Stantonsburg,"",733.776656730108,7337.76656730108,2149873597.18677,378850.12800901,202103191540
265,27884,164,1,1545,Stokes,"",1061.48867313916,10614.8867313916,1118165618.53992,178810.199825372,202103191540
266,27885,300,4,859,Swanquarter,"",3492.43306169965,34924.3306169965,3236637890.30994,778832.459471456,202103191540
267,27886,2028,70,21595,Tarboro,"",939.106274600602,9391.06274600602,5534275751.92761,530150.851444626,202103191540
268,27888,238,0,2803,Walstonburg,"",849.090260435248,8490.90260435248,1661899290.0293,260588.447365408,202103191540
269,27889,2811,63,27543,Washington,"",1020.58599281124,10205.8599281124,4746901259.41052,624948.845007958,202103191540
270,27890,239,14,2398,Weldon,"",996.663886572144,9966.63886572143,250295126.203369,88214.5142201125,202103191540
271,27891,441,7,5011,Whitakers,"",880.06385950908,8800.6385950908,3802342458.24487,551887.618669609,202103191540
272,27892,1346,22,14363,Williamston,"",937.130126018241,9371.30126018241,4740161664.64209,528153.604658045,202103191540
273,27893,4362,95,40647,Wilson,"",1073.14192929367,10731.4192929367,3134674028.43115,441390.734015219,202103191540
274,27896,2167,32,21212,Wilson,"",1021.59155195173,10215.9155195173,1013992738.34033,260787.736893695,202103191540
275,27897,119,1,2467,Woodland,"",482.367247669234,4823.67247669234,1262848506.99878,250563.523857377,202103191540
276,27909,3036,78,40958,Elizabeth City,"",741.247131207578,7412.47131207578,6356628470.42627,720925.199090358,202103191540
277,27910,1179,49,11609,Ahoskie,"",1015.5913515376,10155.913515376,3854004911.8667,558805.248838311,202103191540
278,27915,27,0,758,Avon,"",356.200527704486,3562.00527704486,132797325.68457,159985.858445685,202103191540
279,27916,46,0,554,Aydlett,"",830.324909747292,8303.24909747292,175446906.710938,88834.9392660151,202103191540
280,27917,110,6,1084,Barco,"",1014.76014760148,10147.6014760148,583346697.773926,150643.300800981,202103191540
281,27922,74,4,1107,Cofield,"",668.473351400181,6684.73351400181,1372106941.59424,230585.938382193,202103191540
282,27924,262,3,3509,Colerain,"",746.651467654602,7466.51467654602,2545571117.46045,325068.518729581,202103191540
283,27925,304,6,4164,Columbia,"",730.067243035543,7300.67243035543,9421043776.67224,822613.133571787,202103191540
284,27926,88,1,1965,Corapeake,"",447.837150127226,4478.37150127226,1084179276.0813,176947.978129327,202103191540
285,27927,24,0,613,Corolla,"",391.517128874388,3915.17128874388,685869287.21875,1266393.74615984,202103191540
286,27928,133,4,1888,Creswell,"",704.449152542373,7044.49152542373,3736346955.86023,344143.792077436,202103191540
287,27929,110,1,1949,Currituck,"",564.391995895331,5643.91995895331,352573124.774658,146317.944454099,202103191540
288,27932,1214,21,12644,Edenton,"",960.139196456817,9601.39196456817,3509551689.6084,391797.495792958,202103191540
289,27935,98,3,1674,Eure,"",585.424133811231,5854.24133811231,1443577833.21069,213483.780281898,202103191540
290,27937,227,1,4253,Gates,"",533.740888784387,5337.40888784388,2407949124.70361,290137.740864669,202103191540
291,27938,120,7,1430,Gatesville,"",839.160839160839,8391.60839160839,1202645918.03784,229961.178585235,202103191540
292,27942,52,1,936,Harrellsville,"",555.555555555556,5555.55555555556,927451831.666504,150762.800286803,202103191540
293,27944,819,7,12230,Hertford,"",669.664758789861,6696.64758789861,5013940953.42065,828274.577378666,202103191540
294,27946,74,0,1089,Hobbsville,"",679.522497704316,6795.22497704316,1234977495.96777,250163.996071758,202103191540
295,27948,653,0,12518,Kill Devil Hills,"",521.648825691005,5216.48825691005,288939959.776123,266090.270790261,202103191540
296,27949,343,2,7235,Kitty Hawk,"",474.084312370422,4740.84312370422,426732703.740967,296487.581606319,202103191540
297,27950,55,0,2183,Knotts Island,"",251.946862116354,2519.46862116354,1009906812.90234,393684.159837613,202103191540
298,27957,100,4,1419,Merry Hill,"",704.721634954193,7047.21634954193,1345289022.66797,219570.3989813,202103191540
299,27958,654,6,12061,Moyock,"",542.243595058453,5422.43595058453,2191273226.67993,258895.732965411,202103191540
300,27959,176,1,2451,Nags Head,"",718.074255405957,7180.74255405957,464337538.219238,468359.824712585,202103191540
301,27962,613,20,7439,Plymouth,"",824.035488640946,8240.35488640946,2248894843.11377,323982.422404071,202103191540
302,27966,46,0,1473,Powells Point,"",312.287847929396,3122.87847929396,310362212.773438,140593.315765635,202103191540
303,27968,13,0,413,Rodanthe,"",314.769975786925,3147.69975786925,255307311.38855,376970.397727617,202103191540
304,27970,258,7,3214,Roper,"",802.738021157436,8027.38021157436,3979984913.95898,386215.845703473,202103191540
305,27976,226,1,3561,South Mills,"",634.653187306936,6346.53187306936,2739484648.62012,348819.066033239,202103191540
306,27979,86,0,1813,Sunbury,"",474.351902923332,4743.51902923332,2196378526.26221,272849.595585558,202103191540
307,27982,,,0,Waves,Population <500 and Cases <5,,,5381164.09509277,11228.317119066,202103191540
308,27983,922,27,10633,Windsor,"",867.1118216872,8671.118216872,9431469996.22351,861662.756904591,202103191540
309,27986,164,3,2650,Winton,"",618.867924528302,6188.67924528302,374234308.870117,153016.850399202,202103191540
310,28001,3060,79,28360,Albemarle,"",1078.98448519041,10789.8448519041,3791255242.38873,479491.354130006,202103191540
311,28006,117,1,1136,Alexis,"",1029.92957746479,10299.2957746479,126883649.701416,88485.0702727942,202103191540
312,28012,2544,21,24276,Belmont,"",1047.94859120119,10479.4859120119,865729022.118042,170607.841876971,202103191540
313,28016,1438,24,14526,Bessemer City,"",989.949056863555,9899.49056863555,1271825919.55414,236943.686135101,202103191540
314,28018,534,19,5943,Bostic,"",898.536092882383,8985.36092882383,2694770404.83051,433562.153950885,202103191540
315,28020,230,1,2464,Casar,"",933.441558441558,9334.41558441558,1475633951.64899,260515.821792163,202103191540
316,28021,1363,34,13436,Cherryville,"",1014.4388210777,10144.388210777,1626380587.60425,391038.422631114,202103191540
317,28023,1557,17,14843,China Grove,"",1048.97931684969,10489.7931684969,1273875684.14087,277795.952246167,202103191540
318,28025,5166,72,55325,Concord,"",933.755083596927,9337.55083596927,2992149162.05573,466210.81613651,202103191540
319,28027,6434,71,74072,Concord,"",868.614321200994,8686.14321200994,1903468707.60345,332965.289746403,202103191540
320,28031,2598,24,31049,Cornelius,"",836.741924055525,8367.41924055525,672168572.25116,151594.592125485,202103191540
321,28032,350,1,3249,Cramerton,"",1077.25453985842,10772.5453985842,59161626.1264038,51515.5503878613,202103191540
322,28033,373,4,3362,Crouse,"",1109.45865556217,11094.5865556217,509703222.739563,189532.085619349,202103191540
323,28034,2239,30,17859,Dallas,"",1253.70961420012,12537.0961420012,1273410668.68243,215322.291269956,202103191540
324,28036,1481,15,18554,Davidson,"",798.210628435917,7982.10628435917,669928559.48645,197029.793668161,202103191540
325,28037,2425,7,23834,Denver,"",1017.45405722917,10174.5405722917,1521729514.62848,312689.389421741,202103191540
326,28039,49,4,428,East Spencer,"",1144.85981308411,11448.5981308411,13759835.5942383,34526.6128305972,202103191540
327,28040,694,10,8270,Ellenboro,"",839.177750906892,8391.77750906892,1773879551.02985,348064.117544275,202103191540
328,28043,2316,72,21472,Forest City,"",1078.61400894188,10786.1400894188,1816346053.52002,348394.442075552,202103191540
329,28052,3856,80,36823,Gastonia,"",1047.17160470358,10471.7160470358,1165429048.27631,189783.469072903,202103191540
330,28054,4241,76,40184,Gastonia,"",1055.39518216205,10553.9518216205,562652947.772949,139549.083675328,202103191540
331,28056,3772,41,35595,Gastonia,"",1059.69939598258,10596.9939598258,1342394953.02258,344787.60681341,202103191540
332,28071,304,4,3198,Gold Hill,"",950.594121325829,9505.94121325829,1345839018.92865,236923.074375116,202103191540
333,28073,511,10,5606,Grover,"",911.523367820193,9115.23367820193,702973243.533203,143952.911566798,202103191540
334,28075,1639,14,19174,Harrisburg,"",854.80337957651,8548.0337957651,656107496.741638,238150.023406484,202103191540
335,28078,5304,47,66079,Huntersville,"",802.675585284281,8026.75585284281,1870251820.14679,316647.648839996,202103191540
336,28079,3535,29,39813,Indian Trail,"",887.900936879914,8879.00936879914,1221176124.08392,283660.370334182,202103191540
337,28080,764,4,8157,Iron Station,"",936.61885497119,9366.1885497119,1095921164.38501,240845.709042299,202103191540
338,28081,2653,37,28249,Kannapolis,"",939.148288434989,9391.48288434989,862858421.935425,200259.108957382,202103191540
339,28083,2466,37,25877,Kannapolis,"",952.96981875797,9529.6981875797,582493569.448059,145983.725103448,202103191540
340,28086,3080,62,26988,Kings Mountain,"",1141.24796205721,11412.4796205721,2467878462.36133,329807.139806484,202103191540
341,28088,379,1,3059,Landis,"",1238.96698267408,12389.6698267408,72787169.9580688,52885.3256566675,202103191540
342,28090,672,12,8506,Lawndale,"",790.030566658829,7900.30566658829,2661358061.4715,458218.963524002,202103191540
343,28091,176,1,2353,Lilesville,"",747.981300467488,7479.81300467488,2694411423.45477,313074.926269122,202103191540
344,28092,4258,48,40052,Lincolnton,"",1063.11794666933,10631.1794666933,3216596915.74634,535483.341451103,202103191540
345,28097,699,3,6124,Locust,"",1141.41084258654,11414.1084258654,836579136.406799,181830.474266294,202103191540
346,28098,371,2,4010,Lowell,"",925.187032418953,9251.87032418953,99103128.4535522,49283.194148661,202103191540
347,28103,1103,24,11346,Marshville,"",972.148774898643,9721.48774898643,4253866560.83563,449440.107851782,202103191540
348,28104,2516,10,32469,Matthews,"",774.892974837537,7748.92974837537,824578845.587585,325979.692599077,202103191540
349,28105,3432,70,45346,Matthews,"",756.847351475323,7568.47351475323,668165195.784729,278013.840820393,202103191540
350,28107,849,8,8210,Midland,"",1034.10475030451,10341.0475030451,1388640520.38739,250943.513182056,202103191540
351,28110,5668,63,55536,Monroe,"",1020.59925093633,10205.9925093633,3676478383.48267,422255.233862207,202103191540
352,28112,2948,43,28060,Monroe,"",1050.60584461867,10506.0584461867,3713382117.46545,318461.97727687,202103191540
353,28114,728,5,9034,Mooresboro,"",805.844587115342,8058.44587115342,1900066101.23077,346437.871140422,202103191540
354,28115,3500,27,41536,Mooresville,"",842.642526964561,8426.42526964561,2057262512.61176,327151.756863337,202103191540
355,28117,4092,20,47608,Mooresville,"",859.519408502773,8595.19408502773,1555969690.69189,234425.757349855,202103191540
356,28119,279,8,3034,Morven,"",919.578114700066,9195.78114700066,1970357677.74512,298425.648226889,202103191540
357,28120,2385,35,24318,Mount Holly,"",980.754996299038,9807.54996299038,1001654680.08618,272689.093586748,202103191540
358,28124,599,8,7015,Mount Pleasant,"",853.884533143264,8538.84533143264,1620148303.23315,301866.136666845,202103191540
359,28125,265,1,2657,Mount Ulla,"",997.365449755363,9973.65449755363,1169162879.13867,198953.955252748,202103191540
360,28127,1057,8,7631,New London,"",1385.13956231162,13851.3956231162,2159940152.89789,468250.659328753,202103191540
361,28128,744,9,8098,Norwood,"",918.74536922697,9187.4536922697,2054286113.35083,282114.674844027,202103191540
362,28129,564,6,6031,Oakboro,"",935.168297131487,9351.68297131487,1226619926.53345,219035.034364981,202103191540
363,28133,261,4,2713,Peachland,"",962.034647991154,9620.34647991154,2384968915.9574,421295.337069002,202103191540
364,28134,1178,20,11817,Pineville,"",996.868917660997,9968.68917660997,248618254.324951,88085.4538299007,202103191540
365,28135,507,6,5968,Polkton,"",849.530831099196,8495.30831099196,2916374106.84241,475980.429437206,202103191540
366,28137,313,4,3843,Richfield,"",814.467863648192,8144.67863648192,1223676252.05975,291589.496037827,202103191540
367,28138,1053,19,11659,Rockwell,"",903.164936958573,9031.64936958573,1278406256.12445,357387.534646104,202103191540
368,28139,1973,75,20134,Rutherfordton,"",979.934439256978,9799.34439256978,5078697342.95056,674832.691106946,202103191540
369,28144,2599,65,25846,Salisbury,"",1005.57146173489,10055.7146173489,867982991.287292,279505.654446658,202103191540
370,28146,2956,48,30382,Salisbury,"",972.944506615759,9729.44506615759,3012969418.7887,452196.720325258,202103191540
371,28147,3257,81,26204,Salisbury,"",1242.94000915891,12429.4000915891,2146390330.37,312495.471896358,202103191540
372,28150,3084,87,29296,Shelby,"",1052.70344074276,10527.0344074276,3159764942.52783,579453.815714684,202103191540
373,28152,2595,42,26078,Shelby,"",995.091648132526,9950.91648132525,2247420971.2251,304211.560780765,202103191540
374,28159,392,15,3126,Spencer,"",1253.99872040947,12539.9872040947,51886096.1330566,42602.5220628392,202103191540
375,28160,512,12,4015,Spindale,"",1275.21793275218,12752.1793275218,170326604.450989,70799.3749654705,202103191540
376,28163,508,3,5814,Stanfield,"",873.75300997592,8737.5300997592,970276414.142883,191731.821086023,202103191540
377,28164,1515,40,15447,Stanley,"",980.772965624393,9807.72965624393,1144736813.58362,324856.854746788,202103191540
378,28166,923,18,9868,Troutman,"",935.346574787191,9353.46574787191,911716953.816406,217041.310552798,202103191540
379,28167,206,3,2418,Union Mills,"",851.943755169562,8519.43755169562,1934997992.23633,347927.953502144,202103191540
380,28168,1116,13,10437,Vale,"",1069.27277953435,10692.7277953435,2469130589.68384,340004.345415379,202103191540
381,28170,1122,33,12494,Wadesboro,"",898.031054906355,8980.31054906355,5053183842.2157,655726.472285971,202103191540
382,28173,4809,30,63837,Waxhaw,"",753.324874289205,7533.24874289205,3045162637.21796,318858.064536165,202103191540
383,28174,1107,5,9287,Wingate,"",1191.98880155055,11919.8880155055,985461754.807983,246986.820118662,202103191540
384,28202,1818,1,16755,Charlotte,"",1085.04923903312,10850.4923903312,50452583.9099121,34485.9053855683,202103191540
385,28203,2099,5,19070,Charlotte,"",1100.68169900367,11006.8169900367,91001089.479126,54761.2733662689,202103191540
386,28204,983,6,8738,Charlotte,"",1124.97138933394,11249.7138933394,48899100.5548096,40761.7265321132,202103191540
387,28205,4501,59,51821,Charlotte,"",868.56679724436,8685.66797244361,335820474.82135,104910.810677792,202103191540
388,28206,1492,8,15244,Charlotte,"",978.745736027289,9787.45736027289,182577260.697876,71458.050216539,202103191540
389,28207,783,5,9761,Charlotte,"",802.171908615921,8021.71908615921,68333859.7921753,36157.3958026361,202103191540
390,28208,4041,41,39944,Charlotte,"",1011.66633286601,10116.6633286601,595973347.5495,157267.598078636,202103191540
391,28209,2093,11,26012,Charlotte,"",804.628632938644,8046.28632938644,157335764.525879,72359.4847682198,202103191540
392,28210,3984,35,44704,Charlotte,"",891.195418754474,8911.95418754474,342547124.476257,112745.958411282,202103191540
393,28211,2406,66,31253,Charlotte,"",769.846094774902,7698.46094774902,292827786.05603,102838.759144167,202103191540
394,28212,4362,33,42744,Charlotte,"",1020.49410443571,10204.9410443571,237710291.866211,96077.3791004252,202103191540
395,28213,4714,44,45338,Charlotte,"",1039.74590850942,10397.4590850942,412614569.613403,162252.089416931,202103191540
396,28214,4523,30,41208,Charlotte,"",1097.60240729955,10976.0240729955,965554836.030151,224926.880987091,202103191540
397,28215,6365,55,60256,Charlotte,"",1056.3263409453,10563.263409453,782010510.903748,222976.412140327,202103191540
398,28216,5533,54,58744,Charlotte,"",941.883426392483,9418.83426392483,857978895.941772,184761.316525275,202103191540
399,28217,3130,18,30875,Charlotte,"",1013.76518218623,10137.6518218623,428067925.271423,132462.900799897,202103191540
400,28226,2949,33,40227,Charlotte,"",733.08971586248,7330.8971586248,430471271.22644,131097.087702525,202103191540
401,28227,5496,46,57319,Charlotte,"",958.844362253354,9588.44362253354,1173416755.00244,297066.255269002,202103191540
402,28262,3874,40,43683,Charlotte,"",886.843852299522,8868.43852299522,593648477.600464,159979.41236041,202103191540
403,28269,6787,48,81464,Charlotte,"",833.128743985073,8331.28743985073,840640266.840637,192155.045229048,202103191540
404,28270,2141,25,34753,Charlotte,"",616.061922711708,6160.61922711708,345778417.622314,161555.486865571,202103191540
405,28273,4144,35,40544,Charlotte,"",1022.09944751381,10220.9944751381,614626385.142517,192801.276498243,202103191540
406,28277,4807,21,72020,Charlotte,"",667.453485143016,6674.53485143016,675381884.726379,144850.675101077,202103191540
407,28278,2778,11,32539,Charlotte,"",853.744737084729,8537.44737084729,902762098.137573,246465.469761239,202103191540
408,28301,1497,59,17717,Fayetteville,"",844.951176835807,8449.51176835807,348717238.9104,130217.445212828,202103191540
409,28303,2131,29,34600,Fayetteville,"",615.895953757225,6158.95953757225,540160738.043701,179304.154504403,202103191540
410,28304,2556,28,39651,Fayetteville,"",644.624347431338,6446.24347431338,491742944.185852,186465.416198877,202103191540
411,28305,403,4,5010,Fayetteville,"",804.39121756487,8043.9121756487,69895111.336731,49443.8950343603,202103191540
412,28306,3210,29,42565,Fayetteville,"",754.140725948549,7541.40725948549,2090603260.31519,562860.488861907,202103191540
413,28307,883,0,15486,Fort Bragg,"",570.192431873951,5701.92431873951,174879596.356018,92732.9092032322,202103191540
414,28310,976,0,8861,Fort Bragg,"",1101.45581762781,11014.5581762781,506286340.902344,200733.090413706,202103191540
415,28311,2486,21,36046,Fayetteville,"",689.674305054652,6896.74305054652,1336136656.04889,240844.864072535,202103191540
416,28312,1512,32,18419,Fayetteville,"",820.891470763885,8208.91470763885,4341373681.0871,556260.336471475,202103191540
417,28314,4001,31,53642,Fayetteville,"",745.870772901831,7458.70772901831,816473670.87677,185615.29020179,202103191540
418,28315,1130,17,13329,Aberdeen,"",847.77552704629,8477.7552704629,2049308469.85626,494397.056686911,202103191540
419,28318,420,4,4579,Autryville,"",917.230836427168,9172.30836427168,2217851356.83313,372935.466158955,202103191540
420,28320,736,8,9381,Bladenboro,"",784.564545357638,7845.64545357638,3248490168.58801,381864.201698899,202103191540
421,28323,323,1,4578,Bunnlevel,"",705.548274355614,7055.48274355614,1112191308.33496,301931.807656215,202103191540
422,28326,1495,6,22382,Cameron,"",667.947457778572,6679.47457778572,3242119864.63824,488036.1730633,202103191540
423,28327,1493,28,18273,Carthage,"",817.052481803754,8170.52481803754,5396542091.08795,586939.342565835,202103191540
424,28328,3223,49,26951,Clinton,"",1195.87399354384,11958.7399354384,6810728499.67102,657248.933701038,202103191540
425,28333,1074,24,10709,Dudley,"",1002.89476141563,10028.9476141563,1249687746.85376,213915.020571421,202103191540
426,28334,2867,48,26215,Dunn,"",1093.64867442304,10936.4867442304,4497238669.98419,544402.158241248,202103191540
427,28337,1027,20,11927,Elizabethtown,"",861.071518403622,8610.71518403622,5069041872.41577,577770.225904475,202103191540
428,28338,371,5,4804,Ellerbe,"",772.273105745212,7722.73105745212,3935542448.08881,492508.044174153,202103191540
429,28339,684,8,7226,Erwin,"",946.581787987822,9465.81787987822,1064553458.41333,310656.999787592,202103191540
430,28340,1166,26,10738,Fairmont,"",1085.86328925312,10858.6328925312,3757196814.59872,450516.228420329,202103191540
431,28341,462,4,5080,Faison,"",909.448818897638,9094.48818897638,2787115249.34564,421094.619116887,202103191540
432,28343,152,5,1567,Gibson,"",970.006381620932,9700.06381620932,458723474.164063,106909.663733147,202103191540
433,28344,359,6,3814,Godwin,"",941.269008914526,9412.69008914526,1128755315.22852,269142.265002464,202103191540
434,28345,1231,25,12656,Hamlet,"",972.661188369153,9726.61188369153,2126402412.95966,332606.523883072,202103191540
435,28347,205,0,1826,Hoffman,"",1122.67250821468,11226.7250821468,747268691.675964,194334.44204749,202103191540
436,28348,2925,28,36052,Hope Mills,"",811.328081659825,8113.28081659825,1166315651.14276,329846.853315969,202103191540
437,28349,394,14,3955,Kenansville,"",996.207332490518,9962.07332490518,1959246504.78113,326624.538750416,202103191540
438,28350,28,0,70,Lakeview,"",4000,40000,7876659.25891113,11657.1581787366,202103191540
439,28351,420,1,5269,Laurel Hill,"",797.115202125641,7971.15202125641,1788599136.13666,386362.394376361,202103191540
440,28352,2581,66,25298,Laurinburg,"",1020.2387540517,10202.387540517,3264782876.16284,438869.872406896,202103191540
441,28356,389,6,4914,Linden,"",791.615791615792,7916.15791615792,1497885580.84283,286294.988335977,202103191540
442,28357,233,3,3224,Lumber Bridge,"",722.704714640199,7227.04714640199,998095899.747498,200973.924425577,202103191540
443,28358,4435,80,38517,Lumberton,"",1151.4396240621,11514.396240621,5499536726.32037,504386.804277589,202103191540
444,28360,1797,22,14944,Lumberton,"",1202.48929336188,12024.8929336188,1985862696.58282,363920.117329658,202103191540
445,28363,113,1,1079,Marston,"",1047.26598702502,10472.6598702502,1736455559.11224,383927.716730152,202103191540
446,28364,1542,14,15170,Maxton,"",1016.47989452868,10164.7989452868,3845135736.01221,464303.223304611,202103191540
447,28365,1588,42,17063,Mount Olive,"",930.668698353162,9306.68698353162,5449867058.99634,617077.136427741,202103191540
448,28366,574,10,5153,Newton Grove,"",1113.91422472346,11139.1422472346,2293381130.24042,414618.719505341,202103191540
449,28369,222,5,2241,Orrum,"",990.629183400268,9906.29183400268,1800121585.61136,401393.305842191,202103191540
450,28371,568,5,7085,Parkton,"",801.693719124912,8016.93719124912,1005950088.08063,229991.086519014,202103191540
451,28372,1846,16,15254,Pembroke,"",1210.17438049036,12101.7438049036,1147770145.91595,255857.280522167,202103191540
452,28373,193,1,2552,Pinebluff,"",756.269592476489,7562.69592476489,460329066.992676,140223.621385681,202103191540
453,28374,1266,45,18171,Pinehurst,"",696.714545154367,6967.14545154367,609888351.153748,186776.563275303,202103191540
454,28376,3534,46,43831,Raeford,"",806.27866122151,8062.7866122151,8255601209.37079,618028.253174215,202103191540
455,28377,1439,26,13036,Red Springs,"",1103.86621663087,11038.6621663087,2872865768.25568,446034.002241504,202103191540
456,28379,2353,62,25804,Rockingham,"",911.874128042164,9118.74128042164,4156662320.34821,486165.084209016,202103191540
457,28382,597,10,8006,Roseboro,"",745.690731951037,7456.90731951037,3525739741.42773,652666.741452106,202103191540
458,28383,849,8,7713,Rowland,"",1100.73901205757,11007.3901205757,2904453853.97415,460017.981876533,202103191540
459,28384,1399,14,12414,Saint Pauls,"",1126.95343966489,11269.5343966489,2850567240.80182,480450.415018018,202103191540
460,28385,320,2,3005,Salemburg,"",1064.8918469218,10648.918469218,1040463355.97156,321938.125650219,202103191540
461,28386,794,9,6068,Shannon,"",1308.5036255768,13085.036255768,1134602512.8537,354913.796549299,202103191540
462,28387,1307,51,17139,Southern Pines,"",762.588249022697,7625.88249022697,810260751.658813,181010.127281146,202103191540
463,28390,1420,11,23494,Spring Lake,"",604.409636502937,6044.09636502937,1630867413.08136,287302.836124697,202103191540
464,28391,369,6,5326,Stedman,"",692.827638002253,6928.27638002253,1084470955.12604,202263.555324582,202103191540
465,28392,158,1,1554,Tar Heel,"",1016.73101673102,10167.3101673102,925384379.987671,187529.786563955,202103191540
466,28393,227,3,2160,Turkey,"",1050.92592592593,10509.2592592593,1437383838.7915,233550.655699493,202103191540
467,28394,427,4,6094,Vass,"",700.689202494257,7006.89202494257,1215312777.16113,300186.221923817,202103191540
468,28395,217,1,2657,Wade,"",816.710575837411,8167.10575837411,1382105528.22943,246616.208913961,202103191540
469,28396,189,6,2679,Wagram,"",705.48712206047,7054.8712206047,1631714382.90094,330475.243709585,202103191540
470,28398,836,23,7672,Warsaw,"",1089.67674661105,10896.7674661105,2739435952.33466,345606.723026117,202103191540
471,28399,160,2,1934,White Oak,"",827.300930713547,8273.00930713547,2338498223.40869,308489.981388208,202103191540
472,28401,1763,45,24213,Wilmington,"",728.121257175897,7281.21257175897,925590291.269562,302995.405207511,202103191540
473,28403,3241,16,41945,Wilmington,"",772.678507569436,7726.78507569436,403456249.54361,135103.298695973,202103191540
474,28405,2440,24,33719,Wilmington,"",723.627628340105,7236.27628340105,694443662.189972,212896.044608315,202103191540
475,28409,2309,14,34974,Wilmington,"",660.204723508892,6602.04723508892,678530052.059952,626246.018361276,202103191540
476,28411,2728,22,38820,Wilmington,"",702.730551262236,7027.30551262236,1477023573.08954,591854.549770877,202103191540
477,28412,2817,33,42977,Wilmington,"",655.466877632222,6554.66877632222,635947452.301941,245813.217862995,202103191540
478,28420,357,11,5116,Ash,"",697.810789679437,6978.10789679437,4030119174.4476,622951.504256467,202103191540
479,28421,119,3,2040,Atkinson,"",583.333333333333,5833.33333333333,1701084244.28595,246250.995159075,202103191540
480,28422,419,8,8682,Bolivia,"",482.607694079705,4826.07694079705,2520456183.00197,406510.949073508,202103191540
481,28423,189,2,2285,Bolton,"",827.133479212254,8271.33479212254,4327886518.67657,560706.23791653,202103191540
482,28425,1174,21,12625,Burgaw,"",929.90099009901,9299.0099009901,4872852970.19843,522799.098840263,202103191540
483,28428,505,1,7142,Carolina Beach,"",707.084850182022,7070.84850182022,153392950.326767,131890.839899376,202103191540
484,28429,626,3,8542,Castle Hayne,"",732.84944977757,7328.4944977757,1146009267.92944,244578.64538817,202103191540
485,28430,197,3,2055,Cerro Gordo,"",958.637469586375,9586.37469586375,1294763521.80133,235369.368885516,202103191540
486,28431,708,21,6741,Chadbourn,"",1050.28927458834,10502.8927458834,2019287633.59152,414968.282140326,202103191540
487,28432,224,3,1684,Clarendon,"",1330.16627078385,13301.6627078385,913029717.719559,381140.327621417,202103191540
488,28433,406,4,5297,Clarkton,"",766.471587691146,7664.71587691146,3257754219.81824,497145.128049416,202103191540
489,28434,84,2,1357,Council,"",619.012527634488,6190.12527634488,2209417286.23001,262045.947095385,202103191540
490,28435,224,6,2931,Currie,"",764.244285226885,7642.44285226885,2746865502.37314,418800.327512466,202103191540
491,28436,188,2,2312,Delco,"",813.148788927336,8131.48788927336,1250613651.60083,304067.898737589,202103191540
492,28438,152,3,1688,Evergreen,"",900.473933649289,9004.73933649289,1324758692.31961,354385.951020837,202103191540
493,28439,127,7,1536,Fair Bluff,"",826.822916666667,8268.22916666667,667490225.496307,213264.007900786,202103191540
494,28441,309,4,3328,Garland,"",928.485576923077,9284.85576923077,3774857745.4223,555550.533903292,202103191540
495,28442,152,3,1734,Hallsboro,"",876.585928489043,8765.85928489043,1395074837.14975,336354.405393145,202103191540
496,28443,1763,18,22483,Hampstead,"",784.148022950674,7841.48022950674,4337834719.99771,560208.032392264,202103191540
497,28444,226,0,2278,Harrells,"",992.098331870061,9920.98331870062,3251010335.70935,548979.732892781,202103191540
498,28445,678,12,8142,Holly Ridge,"",832.719233603537,8327.19233603537,2835470197.40424,676482.174744674,202103191540
499,28447,142,0,1334,Ivanhoe,"",1064.46776611694,10644.6776611694,2755654733.91089,442226.920323366,202103191540
500,28448,61,1,1216,Kelly,"",501.644736842105,5016.44736842105,2360585218.26868,400674.523076971,202103191540
501,28449,74,0,1958,Kure Beach,"",377.936670071502,3779.36670071502,112229003.875305,80695.004584803,202103191540
502,28450,209,8,2397,Lake Waccamaw,"",871.923237380058,8719.23237380058,1482484363.39343,277199.450521116,202103191540
503,28451,2444,21,39194,Leland,"",623.564831351738,6235.64831351737,5322314275.71591,771852.448618023,202103191540
504,28452,62,2,513,Longwood,"",1208.57699805068,12085.7699805068,201031402.998276,76626.878203892,202103191540
505,28453,505,6,4137,Magnolia,"",1220.69132221416,12206.9132221416,2286467269.94287,428957.863476439,202103191540
506,28454,244,2,3549,Maple Hill,"",687.517610594534,6875.17610594534,3064407818.25446,319144.850869927,202103191540
507,28455,182,3,1718,Nakina,"",1059.37136204889,10593.7136204889,1802269564.75485,339624.478895421,202103191540
508,28456,335,5,3566,Riegelwood,"",939.427930454291,9394.2793045429,1872158645.14374,368901.622022321,202103191540
509,28457,864,11,12840,Rocky Point,"",672.897196261682,6728.97196261682,3397895880.78387,551931.996451502,202103191540
510,28458,634,12,7018,Rose Hill,"",903.391279566828,9033.91279566828,3025757032.09851,549753.327973728,202103191540
511,28460,940,2,10588,Sneads Ferry,"",887.797506611258,8877.97506611258,868820245.916626,505270.66774661,202103191540
512,28461,859,5,20575,Southport,"",417.496962332928,4174.96962332928,2976816159.44659,699193.3729383,202103191540
513,28462,739,13,14309,Supply,"",516.45817317772,5164.5817317772,3173815797.17624,578042.071238933,202103191540
514,28463,1459,34,9865,Tabor City,"",1478.96604156107,14789.6604156107,3441446535.6745,489113.866817469,202103191540
515,28464,260,4,2491,Teachey,"",1043.75752709755,10437.5752709755,651873569.02948,216752.818849917,202103191540
516,28465,372,5,8285,Oak Island,"",449.004224502112,4490.04224502112,278142792.540329,260764.452809295,202103191540
517,28466,998,30,10375,Wallace,"",961.927710843374,9619.27710843373,4134830722.40503,646652.750223625,202103191540
518,28467,837,16,11393,Calabash,"",734.661634336873,7346.61634336874,478052225.035095,182374.085490172,202103191540
519,28468,291,3,5394,Sunset Beach,"",539.488320355951,5394.88320355951,561581539.026329,281339.504069841,202103191540
520,28469,537,9,7481,Ocean Isle Beach,"",717.818473466114,7178.18473466114,718539224.77166,397460.188245044,202103191540
521,28470,908,36,13446,Shallotte,"",675.293767663246,6752.93767663246,1182514664.27979,362760.617388835,202103191540
522,28472,1926,51,20002,Whiteville,"",962.903709629037,9629.03709629037,5336860792.21823,836470.753006454,202103191540
523,28478,358,4,4976,Willard,"",719.453376205788,7194.53376205788,3641064446.79327,420805.470689162,202103191540
524,28479,428,8,4874,Winnabow,"",878.128846942963,8781.28846942963,2117768058.25922,493774.783138492,202103191540
525,28480,280,0,2737,Wrightsville Beach,"",1023.0179028133,10230.179028133,105606171.513519,198146.556810674,202103191540
526,28501,1470,33,19507,Kinston,"",753.575639514021,7535.75639514021,2991635337.302,625626.15035165,202103191540
527,28504,2147,41,21016,Kinston,"",1021.602588504,10216.02588504,3402165916.96191,527051.926248194,202103191540
528,28508,263,6,2984,Albertson,"",881.367292225201,8813.67292225201,979966062.858154,216402.11543394,202103191540
529,28510,78,0,1543,Arapahoe,"",505.50874918989,5055.0874918989,492605022.366577,160146.449017413,202103191540
530,28511,25,0,628,Atlantic,"",398.089171974522,3980.89171974522,664520864.566406,632922.312503468,202103191540
531,28512,214,5,3689,Atlantic Beach,"",580.103008945514,5801.03008945514,159414908.561523,282548.210087653,202103191540
532,28513,939,3,10825,Ayden,"",867.43648960739,8674.3648960739,2611479123.85803,477095.460669019,202103191540
533,28515,282,2,3463,Bayboro,"",814.322841466936,8143.22841466936,1758589825.68518,437586.784820445,202103191540
534,28516,706,6,12482,Beaufort,"",565.614484858196,5656.14484858196,3384236686.76337,1001596.71803034,202103191540
535,28518,783,11,8803,Beulaville,"",889.46949903442,8894.6949903442,2702594658.36359,473932.945095065,202103191540
536,28521,203,9,2259,Chinquapin,"",898.627711376715,8986.27711376715,984336924.154663,232445.955683395,202103191540
537,28523,200,3,2274,Cove City,"",879.507475813544,8795.07475813544,2247611957.06177,297516.586083844,202103191540
538,28525,284,4,3309,Deep Run,"",858.265336959807,8582.65336959807,1368793733.10339,260376.07892082,202103191540
539,28526,177,3,2384,Dover,"",742.44966442953,7424.4966442953,2062614072.29626,437910.466683838,202103191540
540,28529,275,3,2539,Grantsboro,"",1083.10358408822,10831.0358408822,2523317524.60889,412017.089612736,202103191540
541,28530,646,8,7474,Grifton,"",864.329676210864,8643.29676210864,1906098626.48975,426610.065184872,202103191540
542,28531,87,1,1414,Harkers Island,"",615.275813295615,6152.75813295615,96666650.4205933,159397.370996394,202103191540
543,28532,1336,7,25868,Havelock,"",516.468223287459,5164.68223287459,5072028576.29651,874966.498361209,202103191540
544,28538,337,3,3342,Hookerton,"",1008.37821663674,10083.7821663674,837514346.679443,167225.326393657,202103191540
545,28539,1018,11,18000,Hubert,"",565.555555555556,5655.55555555556,2158531628.89203,965472.416809674,202103191540
546,28540,3840,49,52400,Jacksonville,"",732.824427480916,7328.24427480916,3283488394.35052,547729.060516664,202103191540
547,28542,567,0,6146,Camp Lejeune,"",922.551252847381,9225.5125284738,1137151211.30426,554417.951637184,202103191540
548,28543,266,2,6618,Tarawa Terrace,"",401.934119069205,4019.34119069205,101812905.851257,81799.9494086723,202103191540
549,28546,3886,37,51963,Jacksonville,"",747.839809094933,7478.39809094933,2766403023.01086,429757.095409677,202103191540
550,28547,1046,0,13868,Camp Lejeune,"",754.254398615518,7542.54398615518,321351155.112183,125030.1108688,202103191540
551,28551,1237,21,14265,La Grange,"",867.157378198388,8671.57378198388,3578620059.57935,402405.541085344,202103191540
552,28553,21,0,522,Marshallberg,"",402.298850574713,4022.98850574713,44093630.395752,64625.7950525978,202103191540
553,28555,353,0,4702,Maysville,"",750.744364100383,7507.44364100383,3623337430.05573,600372.548840717,202103191540
554,28557,1030,10,15254,Morehead City,"",675.232725842402,6752.32725842402,400526127.961975,291647.007459014,202103191540
555,28560,2485,55,28926,New Bern,"",859.088709119823,8590.88709119823,3309199654.78784,1030041.14449326,202103191540
556,28562,3357,40,38009,New Bern,"",883.211870872688,8832.11870872688,3853792240.20764,1071472.47820273,202103191540
557,28570,1522,9,22687,Newport,"",670.868779477234,6708.68779477234,4050945831.7467,612371.091717979,202103191540
558,28571,110,1,3137,Oriental,"",350.653490596111,3506.53490596111,1482289449.53186,353024.47769856,202103191540
559,28572,592,9,6379,Pink Hill,"",928.045148142342,9280.45148142342,3042675125.74115,395176.694907307,202103191540
560,28573,221,13,2475,Pollocksville,"",892.929292929293,8929.29292929293,3035889883.2348,360117.83631843,202103191540
561,28574,1502,14,17702,Richlands,"",848.491695853576,8484.91695853576,3868294357.7301,523654.71280993,202103191540
562,28577,14,0,595,Sealevel,"",235.294117647059,2352.94117647059,131607264.267456,82049.6590834025,202103191540
563,28578,558,8,7044,Seven Springs,"",792.163543441227,7921.63543441227,1837860745.29797,304549.150963809,202103191540
564,28580,1067,31,12031,Snow Hill,"",886.875571440446,8868.75571440445,3261656823.56982,373362.024423985,202103191540
565,28582,139,2,1824,Stella,"",762.061403508772,7620.61403508772,566119411.242798,233745.537488707,202103191540
566,28584,787,11,12910,Swansboro,"",609.604957397366,6096.04957397366,870417864.570801,630505.524420815,202103191540
567,28585,287,3,4170,Trenton,"",688.249400479616,6882.49400479616,5857263271.9624,616313.550954669,202103191540
568,28586,1128,7,8427,Vanceboro,"",1338.55464578142,13385.5464578142,3798727344.79224,393188.365406213,202103191540
569,28590,2610,15,26551,Winterville,"",983.013822454898,9830.13822454898,1153236268.85608,260797.112041444,202103191540
570,28594,275,3,3678,Emerald Isle,"",747.688961392061,7476.88961392061,161880563.377441,206007.39513627,202103191540
571,28601,5877,91,49848,Hickory,"",1178.98411169957,11789.8411169957,1378207425.05768,365850.750506082,202103191540
572,28602,3264,74,31218,Hickory,"",1045.55064385931,10455.5064385931,1938678919.97003,319569.803956005,202103191540
573,28604,450,3,6449,Banner Elk,"",697.782601953791,6977.82601953791,1915326545.24634,325836.980718489,202103191540
574,28605,260,4,4143,Blowing Rock,"",627.564566739078,6275.64566739078,895784503.144714,248689.345104092,202103191540
575,28606,195,1,2367,Boomer,"",823.82762991128,8238.2762991128,1247639586.18042,214129.251492026,202103191540
576,28607,2593,19,37481,Boone,"",691.817187374937,6918.17187374937,2776057252.95807,555835.87368089,202103191540
577,28609,556,7,6457,Catawba,"",861.080997367199,8610.80997367199,1341728385.28827,281255.134101197,202103191540
578,28610,1060,12,10238,Claremont,"",1035.35846845087,10353.5846845087,1121879522.66571,308096.881521473,202103191540
579,28612,1369,36,14906,Connelly Springs,"",918.422111901248,9184.22111901248,2400642845.42798,441028.943696581,202103191540
580,28613,2862,48,25216,Conover,"",1134.99365482234,11349.9365482234,1220326345.78546,362168.639637895,202103191540
581,28615,101,1,1883,Creston,"",536.378120021243,5363.78120021243,1868599532.61511,272770.247470023,202103191540
582,28617,181,3,2451,Crumpler,"",738.474092207262,7384.74092207262,986888820.641235,263906.737953269,202103191540
583,28618,146,2,2480,Deep Gap,"",588.709677419355,5887.09677419355,1010729766.2395,224128.286954044,202103191540
584,28621,1111,31,10400,Elkin,"",1068.26923076923,10682.6923076923,1827310682.30029,492431.108964796,202103191540
585,28622,220,0,2638,Elk Park,"",833.965125094769,8339.65125094769,922706854.79248,228052.883765708,202103191540
586,28623,141,0,1716,Ennice,"",821.678321678322,8216.78321678322,790959225.749146,176648.995975267,202103191540
587,28624,128,3,1893,Ferguson,"",676.175382989963,6761.75382989963,1893859856.27216,280305.359064925,202103191540
588,28625,3572,74,38862,Statesville,"",919.149812155834,9191.49812155834,5528677082.18164,627405.10903711,202103191540
589,28626,114,1,3001,Fleetwood,"",379.873375541486,3798.73375541486,819063990.876587,148645.734339712,202103191540
590,28627,72,0,1534,Glade Valley,"",469.361147327249,4693.61147327249,929851696.585571,229623.659776181,202103191540
591,28630,2270,23,20369,Granite Falls,"",1114.43860768815,11144.3860768815,1749206123.14734,364175.180926025,202103191540
592,28631,61,0,536,Grassy Creek,"",1138.05970149254,11380.5970149254,666742006.060913,167245.211138671,202103191540
593,28634,450,5,5269,Harmony,"",854.052002277472,8540.52002277472,1708637469.52393,380041.00063272,202103191540
594,28635,312,4,4032,Hays,"",773.809523809524,7738.09523809524,1589254753.84888,282956.554467362,202103191540
595,28636,525,10,5186,Hiddenite,"",1012.34091785577,10123.4091785577,1563401720.00476,343683.132287545,202103191540
596,28637,288,5,1583,Hildebran,"",1819.33038534428,18193.3038534428,75804105.8025513,39679.7431148789,202103191540
597,28638,1303,7,12560,Hudson,"",1037.42038216561,10374.2038216561,586195125.955933,179942.259882133,202103191540
598,28640,473,18,4805,Jefferson,"",984.391259105099,9843.91259105099,1056537388.6748,302637.68949569,202103191540
599,28642,503,6,5578,Jonesville,"",901.756902115454,9017.56902115454,922184812.2677,173376.666314256,202103191540
600,28643,202,4,3443,Lansing,"",586.697647400523,5866.97647400523,2044042930.41492,275858.107391137,202103191540
601,28644,76,0,1570,Laurel Springs,"",484.076433121019,4840.76433121019,2045165288.09131,297831.475142139,202103191540
602,28645,4844,64,47621,Lenoir,"",1017.19829486991,10171.9829486991,9179149391.98291,930216.037146458,202103191540
603,28649,84,0,1034,Mc Grady,"",812.379110251451,8123.79110251451,1036137984.80469,190682.670149615,202103191540
604,28650,1353,14,13374,Maiden,"",1011.6644235083,10116.644235083,1278104496.07623,377336.649296681,202103191540
605,28651,557,10,6653,Millers Creek,"",837.216293401473,8372.16293401473,2065649255.9353,349078.290644553,202103191540
606,28654,303,4,3800,Moravian Falls,"",797.368421052632,7973.68421052632,1821577421.53857,295573.209104024,202103191540
607,28655,5549,71,58249,Morganton,"",952.634379989356,9526.34379989356,9153179930.14331,677983.745386267,202103191540
608,28657,829,14,9610,Newland,"",862.64308012487,8626.4308012487,3935578521.47217,457051.359413869,202103191540
609,28658,3219,44,25858,Newton,"",1244.87586046871,12448.7586046871,2022657893.02307,451555.722478837,202103191540
610,28659,2071,37,21013,North Wilkesboro,"",985.580355018322,9855.80355018322,2817470108.66394,743040.466864702,202103191540
611,28660,197,2,2336,Olin,"",843.321917808219,8433.21917808219,892135691.594116,224297.744075571,202103191540
612,28665,209,3,2986,Purlear,"",699.933020763563,6999.33020763563,1778038258.60608,240271.301413849,202103191540
613,28668,25,0,39,Roaring Gap,"",6410.25641025641,64102.5641025641,150579895.761963,97868.8716295681,202103191540
614,28669,224,0,3133,Roaring River,"",714.969677625279,7149.69677625279,1299426384.18799,252536.432806368,202103191540
615,28670,255,4,3183,Ronda,"",801.131008482564,8011.31008482564,1123975912.01135,257469.478215133,202103191540
616,28673,548,5,6621,Sherrills Ford,"",827.669536323818,8276.69536323818,852092289.759583,248402.605359209,202103191540
617,28675,619,5,6805,Sparta,"",909.625275532696,9096.25275532696,2977111225.9541,397880.21838125,202103191540
618,28676,323,2,3444,State Road,"",937.862950058072,9378.62950058072,830902972.436646,197653.666386266,202103191540
619,28677,3512,53,35614,Statesville,"",986.129050373449,9861.29050373449,2372250827.99042,364916.143502524,202103191540
620,28678,442,3,5252,Stony Point,"",841.584158415842,8415.84158415842,1249807753.12482,237772.476162198,202103191540
621,28679,98,1,2122,Sugar Grove,"",461.828463713478,4618.28463713478,636943392.934937,227619.317646308,202103191540
622,28681,2908,65,26959,Taylorsville,"",1078.67502503802,10786.7502503802,4726487412.65814,412700.759417833,202103191540
623,28682,99,1,1099,Terrell,"",900.818926296633,9008.18926296633,164657442.78833,108427.066369374,202103191540
624,28683,128,2,1934,Thurmond,"",661.840744570838,6618.40744570838,988749233.112671,203358.60410099,202103191540
625,28684,86,1,2175,Todd,"",395.402298850575,3954.02298850575,1383524229.94177,292392.138653963,202103191540
626,28685,136,0,1908,Traphill,"",712.788259958071,7127.88259958071,1296786088.98804,215086.939280452,202103191540
627,28689,170,0,1662,Union Grove,"",1022.86401925391,10228.6401925391,1218398001.86389,304792.24772459,202103191540
628,28690,859,14,9427,Valdese,"",911.212474806407,9112.12474806407,668624773.04187,213466.610171622,202103191540
629,28692,238,1,4504,Vilas,"",528.41918294849,5284.1918294849,1091553223.68976,286379.955820553,202103191540
630,28693,108,1,1693,Warrensville,"",637.920850561134,6379.20850561134,621923811.260986,170328.387778476,202103191540
631,28694,578,12,8033,West Jefferson,"",719.53193078551,7195.3193078551,2188720146.69934,416426.801998168,202103191540
632,28697,1273,32,13376,Wilkesboro,"",951.704545454546,9517.04545454545,1810927272.521,565265.362104433,202103191540
633,28701,270,3,4830,Alexander,"",559.006211180124,5590.06211180124,557040025.003723,178622.867954755,202103191540
634,28702,13,0,704,Almond,"",184.659090909091,1846.59090909091,749571990.457794,168899.042279792,202103191540
635,28704,1686,18,21728,Arden,"",775.957290132548,7759.57290132548,1481682958.97644,329012.999643476,202103191540
636,28705,390,1,7168,Bakersville,"",544.084821428571,5440.84821428571,3538838336.04175,376028.663142582,202103191540
637,28711,766,27,15250,Black Mountain,"",502.295081967213,5022.95081967213,2289646423.50623,432841.10713665,202103191540
638,28712,1147,23,19644,Brevard,"",583.893300753411,5838.93300753411,3743370041.24365,607196.289251344,202103191540
639,28713,583,11,9333,Bryson City,"",624.665166613093,6246.65166613093,7085157294.99072,658029.652447302,202103191540
640,28714,1328,25,17066,Burnsville,"",778.155396695183,7781.55396695183,7287599937.88281,538818.932986382,202103191540
641,28715,1699,23,27289,Candler,"",622.595184873026,6225.95184873026,1975153881.5733,274379.594297132,202103191540
642,28716,1218,43,18650,Canton,"",653.083109919571,6530.83109919571,4450693739.33826,450946.985814241,202103191540
643,28718,21,0,607,Cedar Mountain,"",345.963756177924,3459.63756177924,604740430.192017,157079.894608512,202103191540
644,28719,1013,10,6945,Cherokee,"",1458.60331173506,14586.0331173506,6313532001.74988,506970.161305604,202103191540
645,28721,655,7,10866,Clyde,"",602.79771765139,6027.9771765139,3262240884.20239,451646.750156333,202103191540
646,28722,486,9,6854,Columbus,"",709.07499270499,7090.7499270499,1330435890.70984,371441.890606651,202103191540
647,28723,901,0,11678,Cullowhee,"",771.536221955814,7715.36221955814,2829089767.59064,521400.904374382,202103191540
648,28726,323,4,3477,East Flat Rock,"",928.96174863388,9289.6174863388,62782212.3257446,52681.8363735949,202103191540
649,28729,238,1,2978,Etowah,"",799.194089993284,7991.94089993284,115914409.369507,74718.0620947517,202103191540
650,28730,489,7,10068,Fairview,"",485.69725864124,4856.9725864124,1334723772.69336,277836.650121475,202103191540
651,28731,837,14,9271,Flat Rock,"",902.815230287995,9028.15230287995,910498937.374664,308715.430561088,202103191540
652,28732,1224,5,18899,Fletcher,"",647.653314990211,6476.53314990211,1163648233.76184,268599.174805656,202103191540
653,28734,2066,21,28423,Franklin,"",726.876121450938,7268.76121450938,8413329787.90622,680710.034553254,202103191540
654,28736,46,0,740,Glenville,"",621.621621621622,6216.21621621622,845894035.551971,243241.394198335,202103191540
655,28739,1323,19,21994,Hendersonville,"",601.527689369828,6015.27689369828,1809199500.98254,354883.696935043,202103191540
656,28740,151,0,2123,Green Mountain,"",711.257654262836,7112.57654262836,2560353451.70599,391601.88482291,202103191540
657,28741,244,4,3135,Highlands,"",778.309409888357,7783.09409888357,2488322100.83908,291652.561708351,202103191540
658,28742,195,4,2834,Horse Shoe,"",688.073394495413,6880.73394495413,759756422.807678,323788.261855291,202103191540
659,28745,59,0,598,Lake Junaluska,"",986.622073578595,9866.22073578595,24208240.7459412,20619.3143809221,202103191540
660,28746,171,4,2583,Lake Lure,"",662.020905923345,6620.20905923345,1635267198.94843,301403.103342596,202103191540
661,28747,84,2,2517,Lake Toxaway,"",333.73063170441,3337.3063170441,1644170650.80768,278687.825520297,202103191540
662,28748,730,10,12684,Leicester,"",575.528224534847,5755.28224534847,2568900770.12885,433742.542694055,202103191540
663,28751,248,5,3738,Maggie Valley,"",663.456393793472,6634.56393793472,1196971956.93442,252655.252396679,202103191540
664,28752,3387,37,31501,Marion,"",1075.20396177899,10752.0396177899,6843838240.70496,729852.019397462,202103191540
665,28753,715,17,12286,Marshall,"",581.963210157903,5819.63210157903,7221367422.4903,582321.875436496,202103191540
666,28754,574,20,8823,Mars Hill,"",650.572367675394,6505.72367675394,2532637146.55933,336365.654274913,202103191540
667,28756,281,2,4770,Mill Spring,"",589.098532494759,5890.98532494759,2319967191.40479,359387.276461913,202103191540
668,28759,552,6,7867,Mills River,"",701.665183678658,7016.65183678658,710290580.507599,219074.688607406,202103191540
669,28761,905,17,8493,Nebo,"",1065.58342164135,10655.8342164135,3254647047.74689,448908.605974669,202103191540
670,28762,636,5,7603,Old Fort,"",836.511903196107,8365.11903196107,2996741187.4848,387268.208256283,202103191540
671,28763,163,2,2864,Otto,"",569.134078212291,5691.3407821229,1145043002.66425,202810.842815888,202103191540
672,28766,113,0,1526,Penrose,"",740.498034076016,7404.98034076016,159626292.482056,88900.5625977206,202103191540
673,28768,440,2,7895,Pisgah Forest,"",557.314756174794,5573.14756174794,2244655883.74216,321689.536597621,202103191540
674,28771,540,12,8212,Robbinsville,"",657.574281539211,6575.74281539211,9086438704.3884,732920.807564289,202103191540
675,28773,241,6,3508,Saluda,"",687.001140250855,6870.01140250855,1396855034.24573,267712.497423626,202103191540
676,28775,28,1,493,Scaly Mountain,"",567.951318458418,5679.51318458418,456631744.06662,130336.94180952,202103191540
677,28777,1402,17,10391,Spruce Pine,"",1349.24453854297,13492.4453854297,1968811938.32007,332780.684408785,202103191540
678,28778,649,7,10803,Swannanoa,"",600.759048412478,6007.59048412478,692162823.950317,188030.795128165,202103191540
679,28779,1265,39,17610,Sylva,"",718.341851220897,7183.41851220897,3287520334.70795,472387.421611018,202103191540
680,28782,378,9,6512,Tryon,"",580.466830466831,5804.6683046683,1239852111.02036,390005.579825198,202103191540
681,28783,93,3,1905,Tuckasegee,"",488.188976377953,4881.88976377953,2507065764.50815,412465.098737654,202103191540
682,28785,379,2,8309,Waynesville,"",456.131905163076,4561.31905163076,4680111391.07288,434987.630089387,202103191540
683,28786,1297,31,21837,Waynesville,"",593.946054861016,5939.46054861016,2130537927.5513,319219.020654079,202103191540
684,28787,1345,23,20681,Weaverville,"",650.355398675113,6503.55398675112,2146776657.76654,337936.038355962,202103191540
685,28789,352,3,6551,Whittier,"",537.322546176156,5373.22546176156,1731085189.80936,281392.474737519,202103191540
686,28790,267,2,3775,Zirconia,"",707.284768211921,7072.84768211921,1184634316.47168,272368.233599775,202103191540
687,28791,1184,29,15811,Hendersonville,"",748.845740307381,7488.45740307381,466838231.125,123544.27336528,202103191540
688,28792,3101,67,37949,Hendersonville,"",817.149331998208,8171.49331998208,2892120004.20319,483608.715059927,202103191540
689,28801,794,17,16782,Asheville,"",473.125968299368,4731.25968299368,142991050.123962,66531.4000304091,202103191540
690,28803,1948,51,34731,Asheville,"",560.88220897757,5608.8220897757,1148499781.62708,221583.067984848,202103191540
691,28804,1269,21,23302,Asheville,"",544.588447343576,5445.88447343576,818376430.368896,216401.982596761,202103191540
692,28805,909,19,20394,Asheville,"",445.719329214475,4457.19329214475,743578799.615234,203043.782551956,202103191540
693,28806,2798,54,43841,Asheville,"",638.215369174973,6382.15369174973,1123591112.45288,297671.815966071,202103191540
694,28901,432,5,6039,Andrews,"",715.350223546945,7153.50223546945,1881090750.42804,271571.032581688,202103191540
695,28902,84,0,1562,Brasstown,"",537.772087067862,5377.72087067862,645585335.657318,162521.113458697,202103191540
696,28904,559,18,9535,Hayesville,"",586.261143156791,5862.61143156791,5317145252.91805,403950.005454209,202103191540
697,28905,214,1,3548,Marble,"",603.15670800451,6031.5670800451,1058320723.96715,269002.244098821,202103191540
698,28906,1431,13,20296,Murphy,"",705.065037445802,7050.65037445802,9849733400.34212,586826.324547444,202103191540
699,28909,41,0,1068,Warne,"",383.895131086142,3838.95131086142,269492752.319427,107722.293423693,202103191540
700,27533,463,3,0,"","",,,18055719.4014893,15817.3715737294,202103191540
701,27340,,,34,Saxapahaw,Population <500 and Cases <5,,,694758.987792969,3852.87240074502,202103191540
702,27411,38,0,847,Greensboro,"",448.642266824085,4486.42266824085,713742.998291016,5860.23208289576,202103191540
703,27412,23,0,1886,Greensboro,"",121.951219512195,1219.51219512195,4771290.83532715,13054.7888333439,202103191540
704,27498,,,13,Greensboro,Population <500 and Cases <5,,,3369264.12316895,7774.18760349114,202103191540
705,27599,19,0,0,Chapel Hill,"",,,4275416.30163574,15555.1510255833,202103191540
706,27706,,,10,Durham,Population <500 and Cases <5,,,1281872.18347168,6816.757693542,202103191540
707,27711,,,62,Durham,Population <500 and Cases <5,,,11690491.0200195,25227.7794868175,202103191540
708,27810,328,4,4224,Belhaven,"",776.515151515152,7765.15151515152,5320714553.85889,863428.562860575,202103191540
709,27821,14,0,343,Edward,"",408.163265306122,4081.63265306122,180879118.265869,102716.617789089,202103191540
710,27824,83,0,1540,Engelhard,"",538.961038961039,5389.61038961039,5755622445.56714,766498.765242208,202103191540
711,27826,74,2,1245,Fairfield,"",594.377510040161,5943.77510040161,5502010014.61365,681909.128335756,202103191540
712,27841,5,1,84,Hassell,"",595.238095238095,5952.38095238095,5972995.94189453,12505.2057352129,202103191540
713,27872,25,1,429,Roxobel,"",582.750582750583,5827.50582750583,78668396.3901367,60062.9164687203,202103191540
714,27875,41,2,511,Scranton,"",802.348336594912,8023.48336594912,1462926064.75208,668994.049821798,202103191540
715,27881,5,0,323,Speed,"",154.798761609907,1547.98761609907,45624486.2655029,35379.3892263349,202103191540
716,27919,73,1,1211,Belvidere,"",602.80759702725,6028.0759702725,1805677755.21484,260299.205087965,202103191540
717,27920,60,0,1415,Buxton,"",424.028268551237,4240.28268551237,251417477.481567,169552.58818934,202103191540
718,27921,307,4,5366,Camden,"",572.1207603429,5721.207603429,2216306760.15601,371309.805402765,202103191540
719,27923,37,0,990,Coinjock,"",373.737373737374,3737.37373737374,442853112.258789,222994.427279021,202103191540
720,27936,21,1,961,Frisco,"",218.522372528616,2185.22372528616,134638106.065186,108288.074251882,202103191540
721,27939,138,1,3370,Grandy,"",409.495548961424,4094.95548961424,296874050.40332,237784.484514939,202103191540
722,27941,34,0,670,Harbinger,"",507.462686567164,5074.62686567164,66348159.842041,42125.3614314887,202103191540
723,27943,15,0,491,Hatteras,"",305.498981670061,3054.98981670061,82146889.1915283,162150.406610954,202103191540
724,27947,38,1,845,Jarvisburg,"",449.704142011834,4497.04142011834,181991023.044922,117825.87149715,202103191540
725,27953,72,0,992,Manns Harbor,"",725.806451612903,7258.06451612903,4841742826.08521,775886.839802653,202103191540
726,27954,430,2,6405,Manteo,"",671.350507416081,6713.50507416081,346159524.466309,171104.045001834,202103191540
727,27956,13,0,328,Maple,"",396.341463414634,3963.41463414634,91616147.3259277,62675.9008746753,202103191540
728,27960,94,0,899,Ocracoke,"",1045.60622914349,10456.0622914349,272996211.932129,221416.979930584,202103191540
729,27964,17,0,653,Point Harbor,"",260.336906584992,2603.36906584992,40700993.1791992,29044.1496807834,202103191540
730,27965,24,0,611,Poplar Branch,"",392.798690671031,3927.98690671031,362463348.010742,286670.577035681,202103191540
731,27972,,,196,Salvo,Population <500 and Cases <5,,,25839959.5158691,77591.8753697891,202103191540
732,27973,81,0,1493,Shawboro,"",542.531815137307,5425.31815137307,1350823542.63281,279776.313560853,202103191540
733,27974,58,0,1375,Shiloh,"",421.818181818182,4218.18181818182,1282875105.52026,448552.234751615,202103191540
734,27978,11,0,221,Stumpy Point,"",497.737556561086,4977.37556561086,3250437066.68713,488663.160212976,202103191540
735,27980,207,2,2075,Tyner,"",997.590361445783,9975.90361445783,1319096560.03711,208839.628959427,202103191540
736,27981,113,1,1863,Wanchese,"",606.54857756307,6065.4857756307,183167116.380371,177755.254740471,202103191540
737,28077,37,0,557,High Shoals,"",664.27289048474,6642.7289048474,25098303.871521,27989.3633622467,202103191540
738,28101,68,1,465,Mc Adenville,"",1462.36559139785,14623.6559139785,12210373.4969482,19058.3264759027,202103191540
739,28223,23,0,2941,Charlotte,"",78.2046922815369,782.046922815369,16745950.1914673,34959.7943637767,202103191540
740,28308,8,0,737,Pope Army Airfield,"",108.548168249661,1085.48168249661,90374263.7665405,45243.1542141805,202103191540
741,28375,17,0,155,Proctorville,"",1096.77419354839,10967.7419354839,16154829.5779114,21293.1141646593,202103191540
742,28519,46,1,328,Bridgeton,"",1402.43902439024,14024.3902439024,3782179.40026855,11964.2990373982,202103191540
743,28520,15,0,352,Cedar Island,"",426.136363636364,4261.36363636364,633116579.775757,427477.052966737,202103191540
744,28524,22,1,443,Davis,"",496.613995485327,4966.13995485327,547256692.822876,860357.358716607,202103191540
745,28527,111,2,905,Ernul,"",1226.51933701657,12265.1933701657,1145978492.04919,209684.397786102,202103191540
746,28528,26,0,640,Gloucester,"",406.25,4062.5,74196560.923584,79933.9347539672,202103191540
747,28533,88,0,0,Cherry Point,"",,,253735788.170532,192645.367219711,202103191540
748,28537,5,0,186,Hobucken,"",268.817204301075,2688.17204301075,891999129.25647,352204.851723086,202103191540
749,28544,372,7,5607,Midway Park,"",663.456393793472,6634.56393793472,155759986.503357,92182.0384683424,202103191540
750,28545,153,0,4010,Mccutcheon Field,"",381.546134663342,3815.46134663342,145247654.855835,101700.276162633,202103191540
751,28552,,,131,Lowland,Population <500 and Cases <5,,,211084218.553589,104037.967496467,202103191540
752,28556,52,1,1150,Merritt,"",452.173913043478,4521.73913043478,1139666751.30212,394317.853497314,202103191540
753,28561,33,1,0,New Bern,"",,,195198.709350586,2618.49962886206,202103191540
754,28579,24,0,798,Smyrna,"",300.751879699248,3007.51879699248,633080494.557556,233023.142000653,202103191540
755,28581,16,1,224,Stacy,"",714.285714285714,7142.85714285714,2404669972.88318,703346.462367876,202103191540
756,28583,14,1,0,Stonewall,"",,,596710.740722656,3607.20989795631,202103191540
757,28587,28,0,324,Vandemere,"",864.197530864197,8641.97530864198,250612018.426636,182903.197478108,202103191540
758,28611,67,0,978,Collettsville,"",685.071574642127,6850.71574642127,2483135872.03735,419111.187381629,202103191540
759,28629,11,0,63,Glendale Springs,"",1746.03174603175,17460.3174603175,18113919.8492432,19773.9407564207,202103191540
760,28646,65,2,463,Linville,"",1403.88768898488,14038.8768898488,440709602.757813,156576.175660301,202103191540
761,28663,30,0,715,Piney Creek,"",419.58041958042,4195.8041958042,577849850.650269,137228.322788793,202103191540
762,28667,48,1,105,Rhodhiss,"",4571.42857142857,45714.2857142857,1309548.80932617,6065.66147149414,202103191540
763,28672,,,35,Scottville,Population <500 and Cases <5,,,62555584.7313232,47932.7256464108,202103191540
764,28698,134,0,1844,Zionville,"",726.681127982646,7266.81127982646,762471326.925049,227334.653867247,202103191540
765,28708,43,0,1340,Balsam Grove,"",320.89552238806,3208.9552238806,795626278.709686,241272.033803255,202103191540
766,28709,122,2,2308,Barnardsville,"",528.596187175043,5285.96187175043,1635213770.4093,231197.383485249,202103191540
767,28717,133,4,1471,Cashiers,"",904.146838885112,9041.46838885112,1160000231.10587,300525.403558473,202103191540
768,28720,6,0,35,Chimney Rock,"",1714.28571428571,17142.8571428571,47877696.5422974,47768.4833790312,202103191540
769,28725,17,0,36,Dillsboro,"",4722.22222222222,47222.2222222222,1395548.49920654,7541.63511359509,202103191540
770,28733,10,0,200,Fontana Dam,"",500,5000,498075903.916718,200917.740964481,202103191540
771,28735,7,0,294,Gerton,"",238.095238095238,2380.95238095238,137680777.623108,92735.3834552802,202103191540
772,28743,124,1,2422,Hot Springs,"",511.973575557391,5119.73575557391,2855463957.34918,351331.648547095,202103191540
773,28749,5,0,0,Little Switzerland,"",,,1713987.45050049,8852.52475284555,202103191540
774,28757,54,0,0,Montreat,"",,,129672.114624023,2617.87913210505,202103191540
775,28772,100,1,1942,Rosman,"",514.933058702369,5149.33058702369,577124059.134399,256613.212684218,202103191540
776,28774,73,1,1569,Sapphire,"",465.264499681326,4652.64499681326,1130246511.80005,224488.61951138,202103191540
777,28781,45,0,957,Topton,"",470.219435736677,4702.19435736677,2402982140.90009,297913.620657844,202103191540
778,27969,,,0,Roduco,Population <500 and Cases <5,,,724387.010986328,3958.82496624679,202103191540
779,28253,,,0,Charlotte,Population <500 and Cases <5,,,133339.295837402,3050.2273713774,202103191540
780,28608,36,0,0,Boone,"",,,274774.708862305,3583.90419251761,202103191540
