OBJECTID,ZIPCode,Cases,Deaths,TotalPop,Place,Note,RatePer10K,RatePer100K,Shape__Area,Shape__Length,DataGatherTS
1,27006,1328,7,14872,Advance,"",892.953200645508,8929.53200645508,1744189234.37061,355282.663136038,202107090440
2,27007,222,0,2136,Ararat,"",1039.32584269663,10393.2584269663,592499585.594238,195922.003442792,202107090440
3,27009,304,2,2937,Belews Creek,"",1035.06979911474,10350.6979911474,618093097.011353,191244.647442635,202107090440
4,27011,544,7,5411,Boonville,"",1005.35945296618,10053.5945296618,1489580093.86462,316910.589814884,202107090440
5,27012,2844,51,28954,Clemmons,"",982.247703253436,9822.47703253437,1176567385.86804,255774.303165276,202107090440
6,27013,643,8,6495,Cleveland,"",989.992301770593,9899.92301770593,2066336247.98627,379169.285246239,202107090440
7,27014,88,2,957,Cooleemee,"",919.540229885057,9195.40229885057,21479098.032959,22299.1178929161,202107090440
8,27016,163,2,1682,Danbury,"",969.084423305589,9690.84423305589,1068209590.0686,211061.413302457,202107090440
9,27017,1095,14,9499,Dobson,"",1152.75292136014,11527.5292136014,2962951682.04883,566348.974052304,202107090440
10,27018,713,6,8221,East Bend,"",867.291083809756,8672.91083809756,2331567909.96985,255811.974556888,202107090440
11,27019,345,1,4234,Germanton,"",814.832309872461,8148.32309872461,977414017.819214,270248.259734795,202107090440
12,27020,704,7,6104,Hamptonville,"",1153.34207077326,11533.4207077326,2114111622.36755,316969.486887135,202107090440
13,27021,1803,47,17979,King,"",1002.83664274987,10028.3664274987,1469376476.14172,210392.900707099,202107090440
14,27022,99,2,1512,Lawsonville,"",654.761904761905,6547.61904761905,918745327.278442,200803.000966771,202107090440
15,27023,1023,4,12775,Lewisville,"",800.782778864971,8007.82778864971,807172159.002075,183078.980128527,202107090440
16,27024,283,3,2683,Lowgap,"",1054.78941483414,10547.8941483414,1265827411.39758,278411.484773322,202107090440
17,27025,1018,28,11117,Madison,"",915.714671224251,9157.14671224251,2714649364.33142,468723.596670606,202107090440
18,27027,362,18,4017,Mayodan,"",901.17002738362,9011.7002738362,548179131.574585,172371.363079245,202107090440
19,27028,2778,30,28039,Mocksville,"",990.76286600806,9907.6286600806,5475621774.30664,567238.136149725,202107090440
20,27030,4418,103,37641,Mount Airy,"",1173.72014558593,11737.2014558593,4824085732.75671,624989.724929863,202107090440
21,27040,1032,10,13150,Pfafftown,"",784.790874524715,7847.90874524715,763349953.536133,205025.773716105,202107090440
22,27041,737,8,8020,Pilot Mountain,"",918.952618453865,9189.52618453865,1629462738.40637,324677.141569035,202107090440
23,27042,70,2,720,Pine Hall,"",972.222222222222,9722.22222222222,290758639.069458,113971.243586081,202107090440
24,27043,527,6,6442,Pinnacle,"",818.068922694815,8180.68922694815,1935795027.06067,395674.180712496,202107090440
25,27045,1032,9,9583,Rural Hall,"",1076.90702285297,10769.0702285297,666085549.25769,154538.589918543,202107090440
26,27046,154,1,1953,Sandy Ridge,"",788.530465949821,7885.30465949821,1237681699.0647,217125.573744555,202107090440
27,27047,117,2,1279,Siloam,"",914.7771696638,9147.771696638,576295820.815674,144984.839113672,202107090440
28,27048,741,9,8902,Stoneville,"",832.397214109189,8323.97214109189,2355000804.03674,325454.766660313,202107090440
29,27050,328,4,4084,Tobaccoville,"",803.134182174339,8031.34182174339,703876500.567505,219088.1792708,202107090440
30,27051,724,6,8287,Walkertown,"",873.657535899602,8736.57535899602,524680317.775635,151066.808563308,202107090440
31,27052,990,23,10061,Walnut Cove,"",983.997614551237,9839.97614551238,2710320219.82117,403203.611044297,202107090440
32,27053,202,2,3156,Westfield,"",640.050697084918,6400.50697084918,2152815477.55933,413464.446930882,202107090440
33,27054,306,5,2608,Woodleaf,"",1173.31288343558,11733.1288343558,778193820.583862,201172.963339102,202107090440
34,27055,1766,29,14521,Yadkinville,"",1216.16968528338,12161.6968528338,3115987965.39453,403366.49229781,202107090440
35,27101,1844,38,24321,Winston Salem,"",758.192508531722,7581.92508531722,356085731.400146,162957.922513793,202107090440
36,27103,3104,42,36071,Winston Salem,"",860.525075545452,8605.25075545452,527249856.672729,146399.561156354,202107090440
37,27104,2561,37,29383,Winston Salem,"",871.592417384202,8715.92417384202,337669863.683838,130394.134288752,202107090440
38,27105,4116,42,40186,Winston Salem,"",1024.23729657095,10242.3729657095,950547784.577881,208375.813794777,202107090440
39,27106,4453,58,51378,Winston Salem,"",866.713379267391,8667.13379267391,787324720.967285,203893.681115083,202107090440
40,27107,5093,47,52432,Winston Salem,"",971.353371986573,9713.53371986573,1859279716.41162,319111.813640457,202107090440
41,27127,4002,26,38510,Winston Salem,"",1039.21059465074,10392.1059465074,820319160.873047,213438.375685158,202107090440
42,27157,45,0,5,Winston Salem,"",,,827769.094482422,4216.57245655308,202107090440
43,27203,2827,53,21876,Asheboro,"",1292.28378131285,12922.8378131285,589408161.410522,188062.356665824,202107090440
44,27205,3831,47,34549,Asheboro,"",1108.85988017019,11088.5988017019,6255653514.79199,588011.232518038,202107090440
45,27207,288,2,3806,Bear Creek,"",756.699947451393,7566.99947451393,2300194678.82397,473699.237818467,202107090440
46,27208,149,2,1691,Bennett,"",881.13542282673,8811.3542282673,1029479783.1405,215638.108979383,202107090440
47,27209,713,41,4151,Biscoe,"",1717.65839556733,17176.5839556733,1198089302.20734,259108.004034657,202107090440
48,27212,395,1,1600,Blanch,"",2468.75,24687.5,1328181375.12305,277007.39975067,202107090440
49,27214,1085,12,11747,Browns Summit,"",923.640078317868,9236.40078317868,1414533235.94788,324969.092830869,202107090440
50,27215,4712,76,44892,Burlington,"",1049.63022364787,10496.3022364787,1827823774.30115,298200.358945539,202107090440
51,27217,5293,102,39111,Burlington,"",1353.32770831735,13533.2770831735,3473433663.33496,513818.51476852,202107090440
52,27229,565,18,4014,Candor,"",1407.57349277529,14075.7349277529,2747739848.89313,367384.611313313,202107090440
53,27231,122,0,2048,Cedar Grove,"",595.703125,5957.03125,987771348.581177,209108.769362036,202107090440
54,27233,300,4,3647,Climax,"",822.593912805045,8225.93912805045,703252829.253662,187154.002103638,202107090440
55,27235,438,12,4575,Colfax,"",957.377049180328,9573.77049180328,380654027.583252,148521.339190303,202107090440
56,27239,902,13,9629,Denton,"",936.75355696334,9367.5355696334,4319759872.9696,429373.198159064,202107090440
57,27242,185,3,2668,Eagle Springs,"",693.403298350825,6934.03298350825,1480408484.01825,321391.030328654,202107090440
58,27243,301,2,4665,Efland,"",645.230439442658,6452.30439442658,1142332751.10315,311755.144165646,202107090440
59,27244,2216,27,16259,Elon,"",1362.93745002768,13629.3745002768,1541989025.453,399696.340130384,202107090440
60,27248,391,5,4835,Franklinville,"",808.686659772492,8086.86659772492,942909114.352783,215710.992817749,202107090440
61,27249,1157,10,13355,Gibsonville,"",866.342193934856,8663.42193934856,1679803774.77087,397477.611919868,202107090440
62,27252,112,2,2264,Goldston,"",494.69964664311,4946.9964664311,1142470673.17163,220926.147155476,202107090440
63,27253,3645,49,31464,Graham,"",1158.46681922197,11584.6681922197,2351372927.78931,521476.969804177,202107090440
64,27258,717,8,7740,Haw River,"",926.356589147287,9263.56589147287,473631125.268677,312686.877842211,202107090440
65,27260,2262,41,25696,High Point,"",880.292652552927,8802.92652552926,348441568.963501,133229.878739789,202107090440
66,27262,2210,63,24764,High Point,"",892.424487158779,8924.24487158779,368730084.700928,171087.864383377,202107090440
67,27263,2179,36,22320,High Point,"",976.254480286738,9762.54480286738,1121512604.52234,249658.228757679,202107090440
68,27265,4523,55,50038,High Point,"",903.913026100164,9039.13026100164,1172957282.41284,307481.490778656,202107090440
69,27268,316,0,1695,High Point,"",1864.30678466077,18643.0678466077,2495618.64758301,8251.66869064816,202107090440
70,27278,1736,19,27181,Hillsborough,"",638.681431882565,6386.81431882565,2885765742.02771,502574.675043234,202107090440
71,27281,255,1,3710,Jackson Springs,"",687.33153638814,6873.3153638814,2095606802.2608,479969.724586594,202107090440
72,27282,1468,24,16597,Jamestown,"",884.497198288847,8844.97198288847,404066994.873657,168803.970950205,202107090440
73,27283,258,5,2982,Julian,"",865.191146881288,8651.91146881288,711286368.914917,161239.518798817,202107090440
74,27284,5316,75,56201,Kernersville,"",945.890642515258,9458.90642515258,2233069317.10205,420748.080109325,202107090440
75,27288,2085,53,23585,Eden,"",884.036463854144,8840.36463854144,1951079100.05676,304615.616752016,202107090440
76,27291,138,0,1538,Leasburg,"",897.269180754226,8972.69180754226,1492904663.44434,314720.365319101,202107090440
77,27292,3879,36,41465,Lexington,"",935.487760762088,9354.87760762089,4270233445.18579,407599.915340798,202107090440
78,27295,4071,54,39191,Lexington,"",1038.75889872675,10387.5889872675,3631502180.53174,466742.919509858,202107090440
79,27298,865,10,10440,Liberty,"",828.544061302682,8285.44061302682,2639148530.03284,431527.987760386,202107090440
80,27299,585,5,5254,Linwood,"",1113.43738104301,11134.3738104301,822543412.257813,203597.604040365,202107090440
81,27301,1081,18,10019,Mc Leansville,"",1078.94999500948,10789.4999500948,900133716.655151,287107.537324028,202107090440
82,27302,2747,21,32302,Mebane,"",850.411739211194,8504.11739211194,3198656461.27478,644303.59427532,202107090440
83,27305,156,1,1585,Milton,"",984.227129337539,9842.27129337539,687167820.539429,263836.485514183,202107090440
84,27306,723,18,5945,Mount Gilead,"",1216.1480235492,12161.480235492,5305900334.83325,426306.558627535,202107090440
85,27310,662,4,8562,Oak Ridge,"",773.183835552441,7731.83835552441,526240082.103149,140986.043049622,202107090440
86,27311,263,1,3220,Pelham,"",816.770186335404,8167.70186335404,1338371966.32642,293760.993606137,202107090440
87,27312,1002,26,22205,Pittsboro,"",451.249718531862,4512.49718531862,5005768374.64233,617961.777569282,202107090440
88,27313,540,21,7288,Pleasant Garden,"",740.944017563117,7409.44017563117,760352714.59021,181619.740165306,202107090440
89,27314,72,1,1138,Prospect Hill,"",632.688927943761,6326.88927943761,773578280.842896,162162.976448062,202107090440
90,27315,123,0,2140,Providence,"",574.766355140187,5747.66355140187,697810511.310425,179457.95829655,202107090440
91,27316,731,15,7156,Ramseur,"",1021.52040245947,10215.2040245947,1975410509.03577,278228.393914438,202107090440
92,27317,1876,23,17851,Randleman,"",1050.92151700185,10509.2151700185,1700826686.43616,339539.515262609,202107090440
93,27320,3297,46,38894,Reidsville,"",847.688589499666,8476.88589499666,6966725984.64832,658218.836963247,202107090440
94,27325,749,7,7676,Robbins,"",975.768629494528,9757.68629494528,2401051783.47894,409075.895347679,202107090440
95,27326,329,2,3692,Ruffin,"",891.115926327194,8911.15926327194,1884156536.74561,359587.547530237,202107090440
96,27330,4040,55,39529,Sanford,"",1022.03445571606,10220.3445571606,6011213414.18433,528161.840140257,202107090440
97,27332,2930,28,33549,Sanford,"",873.349429193121,8733.49429193121,2996782209.29614,417113.164836099,202107090440
98,27341,502,3,5820,Seagrove,"",862.542955326461,8625.4295532646,2678433259.4787,311632.157547413,202107090440
99,27343,140,0,1840,Semora,"",760.869565217391,7608.69565217391,1390260353.39624,348769.311430722,202107090440
100,27344,1966,36,19290,Siler City,"",1019.18092275791,10191.8092275791,4591228058.44531,607903.308882544,202107090440
101,27349,534,5,5850,Snow Camp,"",912.820512820513,9128.20512820513,1831279532.651,381750.490582419,202107090440
102,27350,646,8,7508,Sophia,"",860.415556739478,8604.15556739478,1066449848.573,204602.636460839,202107090440
103,27355,235,2,3196,Staley,"",735.294117647059,7352.94117647059,1016358702.6969,245160.332752788,202107090440
104,27356,339,7,3513,Star,"",964.987190435525,9649.87190435525,1815293543.21783,348288.37985576,202107090440
105,27357,913,17,8325,Stokesdale,"",1096.6966966967,10966.966966967,1273124268.28796,223115.118835702,202107090440
106,27358,1087,8,15960,Summerfield,"",681.077694235589,6810.77694235589,1557557662.14905,323017.176053331,202107090440
107,27360,5119,65,48331,Thomasville,"",1059.15457987627,10591.5457987627,2458732404.91687,372395.85217249,202107090440
108,27370,1622,32,14622,Trinity,"",1109.28737518807,11092.8737518807,1663817222.16028,344702.900725307,202107090440
109,27371,887,12,7778,Troy,"",1140.39598868604,11403.9598868604,4076136455.00793,473833.643450898,202107090440
110,27376,829,19,9884,West End,"",838.729259409146,8387.29259409146,1781050002.06519,320932.333330313,202107090440
111,27377,946,8,9597,Whitsett,"",985.724705637178,9857.24705637178,736936774.92627,183024.518653502,202107090440
112,27379,586,25,6057,Yanceyville,"",967.475648010566,9674.75648010566,2663338769.75159,422550.665080929,202107090440
113,27401,1967,26,20221,Greensboro,"",972.751100341229,9727.51100341229,171748092.127686,100334.769337553,202107090440
114,27403,1550,18,21278,Greensboro,"",728.451922173137,7284.51922173137,159396286.028687,87465.2545388649,202107090440
115,27405,4897,52,52510,Greensboro,"",932.584269662921,9325.84269662921,886695637.391357,284328.526421691,202107090440
116,27406,5536,111,60755,Greensboro,"",911.200724220229,9112.00724220229,1894160074.00403,327705.317343953,202107090440
117,27407,4553,69,49837,Greensboro,"",913.578265144371,9135.78265144371,840498790.451172,227731.576408348,202107090440
118,27408,1282,8,17406,Greensboro,"",736.527634149144,7365.27634149144,221403500.549561,80148.1616765212,202107090440
119,27409,1538,17,17953,Greensboro,"",856.681334595889,8566.81334595889,603872824.646484,239783.02449594,202107090440
120,27410,4153,50,56968,Greensboro,"",729.005757618312,7290.05757618312,859363574.914917,272309.563854046,202107090440
121,27455,2523,67,29197,Greensboro,"",864.12987635716,8641.2987635716,816075696.678345,198282.860420201,202107090440
122,27501,2010,19,21338,Angier,"",941.981441559659,9419.81441559659,1683348454.90833,329143.189780915,202107090440
123,27502,2538,9,43747,Apex,"",580.1540677075,5801.540677075,840126405.51062,242725.298081049,202107090440
124,27503,203,0,7222,Bahama,"",281.08557186375,2810.8557186375,1054708975.44934,246183.053747647,202107090440
125,27504,2025,25,16320,Benson,"",1240.80882352941,12408.0882352941,2584462015.08862,486262.181304732,202107090440
126,27505,614,10,7308,Broadway,"",840.175150519978,8401.75150519978,1509842573.20557,320128.840505679,202107090440
127,27507,160,2,2053,Bullock,"",779.347296639065,7793.47296639065,1354883649.98218,266873.357504053,202107090440
128,27508,304,1,2340,Bunn,"",1299.1452991453,12991.452991453,312599782.273071,114289.902416244,202107090440
129,27509,1807,38,6935,Butner,"",2605.6236481615,26056.236481615,507253453.414795,156294.942704551,202107090440
130,27510,848,8,14543,Carrboro,"",583.098397854638,5830.98397854638,88705554.5671387,57867.6032694508,202107090440
131,27511,2136,27,34041,Cary,"",627.478628712435,6274.78628712435,333520579.048462,98702.6527265331,202107090440
132,27513,2493,24,49003,Cary,"",508.744362590046,5087.44362590046,474399121.186279,162336.294574525,202107090440
133,27514,1740,24,32847,Chapel Hill,"",529.7287423509,5297.287423509,579057212.663452,190879.985276748,202107090440
134,27516,2262,17,44117,Chapel Hill,"",512.727520003627,5127.27520003627,2564236091.9281,438904.079251583,202107090440
135,27517,1225,16,28831,Chapel Hill,"",424.889875481253,4248.89875481253,1520140847.99951,299162.993678501,202107090440
136,27518,1218,18,22765,Cary,"",535.031847133758,5350.31847133758,262665807.612671,130741.025823352,202107090440
137,27519,2732,9,59960,Cary,"",455.637091394263,4556.37091394263,609072010.422363,166930.324843009,202107090440
138,27520,4849,65,43958,Clayton,"",1103.09841212066,11030.9841212066,1962402119.35425,374945.851452289,202107090440
139,27521,733,10,7149,Coats,"",1025.31822632536,10253.1822632536,721041350.168091,174373.299688566,202107090440
140,27522,1164,7,13652,Creedmoor,"",852.622326399062,8526.22326399063,2172960809.67273,361578.814896966,202107090440
141,27523,777,1,12782,Apex,"",607.886089813801,6078.86089813801,1210964088.06177,294058.887697931,202107090440
142,27524,1513,18,13532,Four Oaks,"",1118.09045226131,11180.9045226131,3831785222.9375,530912.577014992,202107090440
143,27525,1620,3,15534,Franklinton,"",1042.87369640788,10428.7369640788,2660281050.9928,421324.476104612,202107090440
144,27526,4156,51,54027,Fuquay Varina,"",769.245007126067,7692.45007126067,2787678657.25134,460586.982042285,202107090440
145,27527,2792,11,30234,Clayton,"",923.463650195145,9234.63650195145,1261348608.45837,213730.175971786,202107090440
146,27529,5147,67,53854,Garner,"",955.732164741709,9557.32164741709,1666161335.17407,336033.618547781,202107090440
147,27530,3371,76,40212,Goldsboro,"",838.306973042873,8383.06973042873,2920081393.96802,465673.796837526,202107090440
148,27531,15,0,666,Goldsboro,"",225.225225225225,2252.25225225225,123956304.007813,71472.4653387502,202107090440
149,27534,2874,75,31819,Goldsboro,"",903.233916842138,9032.33916842138,1995982542.31616,394454.137280507,202107090440
150,27536,1901,46,16459,Henderson,"",1154.99119023027,11549.9119023027,359552678.037964,148817.062353839,202107090440
151,27537,2607,39,25321,Henderson,"",1029.58019035583,10295.8019035583,5545289733.50195,795404.906342346,202107090440
152,27539,1561,6,26567,Apex,"",587.571046787368,5875.71046787368,805959451.628174,335082.894750929,202107090440
153,27540,2779,8,39075,Holly Springs,"",711.196417146513,7111.96417146513,1299006108.57275,339054.617126205,202107090440
154,27541,323,1,4044,Hurdle Mills,"",798.714144411474,7987.14144411474,1979862536.66309,328579.598479954,202107090440
155,27542,934,14,10043,Kenly,"",930.000995718411,9300.00995718411,2499059670.1123,366253.348192187,202107090440
156,27544,409,4,4291,Kittrell,"",953.1577720811,9531.577720811,1645813165.28467,322022.503716068,202107090440
157,27545,3368,38,30327,Knightdale,"",1110.56154581726,11105.6154581726,885541868.759766,219250.012614228,202107090440
158,27546,2290,77,22436,Lillington,"",1020.68104831521,10206.8104831521,3433026188.83105,510775.88711738,202107090440
159,27549,2397,36,25224,Louisburg,"",950.285442435775,9502.85442435775,6636124442.18066,817297.028533166,202107090440
160,27551,127,3,2205,Macon,"",575.963718820862,5759.63718820862,2443966870.98499,402849.299843212,202107090440
161,27553,485,0,2030,Manson,"",2389.16256157635,23891.6256157635,1245206626.07959,217969.561788749,202107090440
162,27556,23,0,298,Middleburg,"",771.812080536913,7718.12080536913,67850312.0914307,63490.7222823736,202107090440
163,27557,849,6,9214,Middlesex,"",921.423920121554,9214.23920121554,2046463550.40088,338861.342265204,202107090440
164,27559,134,1,2874,Moncure,"",466.24913013222,4662.4913013222,1458825370.29968,366837.077035256,202107090440
165,27560,1910,14,33691,Morrisville,"",566.916980796058,5669.16980796058,794384947.373291,268297.11970144,202107090440
166,27562,260,0,2791,New Hill,"",931.56574704407,9315.6574704407,1862081556.93738,349507.762295745,202107090440
167,27563,389,6,5312,Norlina,"",732.30421686747,7323.0421686747,1943381370.69177,412640.540954252,202107090440
168,27565,2529,41,26057,Oxford,"",970.564531603792,9705.64531603792,9219811779.9552,826827.222809144,202107090440
169,27569,1025,8,8984,Princeton,"",1140.91718610864,11409.1718610864,2107084820.73511,313917.550563748,202107090440
170,27571,787,1,7385,Rolesville,"",1065.67366283006,10656.7366283006,149121249.193359,94251.9264704589,202107090440
171,27572,445,3,7316,Rougemont,"",608.255877528704,6082.55877528704,3003228111.9873,397658.617230022,202107090440
172,27573,1198,53,11561,Roxboro,"",1036.2425395727,10362.425395727,501787874.430542,219611.309648669,202107090440
173,27574,1170,10,15232,Roxboro,"",768.11974789916,7681.1974789916,5527133817.3114,691755.452465683,202107090440
174,27576,2102,22,20197,Selma,"",1040.74862603357,10407.4862603357,2407427117.65723,339571.106645256,202107090440
175,27577,3105,48,25214,Smithfield,"",1231.45871341318,12314.5871341318,2877290650.99841,416726.966278933,202107090440
176,27581,314,2,3956,Stem,"",793.731041456016,7937.31041456016,1038615853.81189,246789.101888964,202107090440
177,27583,614,6,7012,Timberlake,"",875.641756988021,8756.4175698802,1327957318.65857,326956.719649922,202107090440
178,27587,6804,50,74087,Wake Forest,"",918.379742734893,9183.79742734893,3132804734.81897,700749.84181148,202107090440
179,27589,705,7,8312,Warrenton,"",848.171318575553,8481.71318575553,4790731000.68542,626837.217934379,202107090440
180,27591,2544,27,23448,Wendell,"",1084.9539406346,10849.539406346,1913446220.02844,380727.392057269,202107090440
181,27592,1476,7,17368,Willow Spring,"",849.83878397052,8498.3878397052,1090932847.86865,312475.180771683,202107090440
182,27596,1827,6,18655,Youngsville,"",979.362101313321,9793.62101313321,1519151285.28821,344366.073155402,202107090440
183,27597,2908,23,25494,Zebulon,"",1140.66054757982,11406.6054757982,3191967656.80884,568385.679042481,202107090440
184,27601,951,7,12139,Raleigh,"",783.425323338001,7834.25323338001,49970514.2080078,41226.7428180515,202107090440
185,27603,4924,37,55479,Raleigh,"",887.543034301267,8875.43034301267,1420350588.63403,346107.072534996,202107090440
186,27604,4545,48,47645,Raleigh,"",953.93010809109,9539.3010809109,550434833.049927,194088.121184431,202107090440
187,27605,628,18,5253,Raleigh,"",1195.50732914525,11955.0732914525,26954475.7900391,26465.2700663817,202107090440
188,27606,3588,12,47938,Raleigh,"",748.466769577371,7484.66769577371,750229681.939209,267151.497057326,202107090440
189,27607,2173,13,30296,Raleigh,"",717.256403485609,7172.56403485609,519162282.902344,200611.380547666,202107090440
190,27608,960,3,11603,Raleigh,"",827.372231319486,8273.72231319486,91889809.9622803,55583.7467967219,202107090440
191,27609,3242,27,38631,Raleigh,"",839.22238616655,8392.2238616655,310136046.756592,95880.163026763,202107090440
192,27610,9013,79,74203,Raleigh,"",1214.64091748312,12146.4091748312,1211166911.84558,327751.489063642,202107090440
193,27612,3005,37,39208,Raleigh,"",766.425219342991,7664.25219342991,428868509.332275,164483.082879678,202107090440
194,27613,3087,12,46521,Raleigh,"",663.571290384987,6635.71290384987,675406849.409912,184431.643996557,202107090440
195,27614,2679,22,37689,Raleigh,"",710.817479901297,7108.17479901297,829063194.918701,218912.319813944,202107090440
196,27615,3403,49,46038,Raleigh,"",739.171988357444,7391.71988357444,525952454.993774,134192.839940925,202107090440
197,27616,5911,30,55260,Raleigh,"",1069.67064784654,10696.7064784654,646426991.218628,201092.505637391,202107090440
198,27617,1546,3,19511,Raleigh,"",792.373532878889,7923.73532878889,230483847.672241,125016.743498849,202107090440
199,27701,2191,15,26489,Durham,"",827.135792215637,8271.35792215637,147212202.097778,89264.6755119976,202107090440
200,27703,5675,31,61351,Durham,"",925.005297387166,9250.05297387166,1376809528.09961,349864.156739061,202107090440
201,27704,4274,37,39369,Durham,"",1085.62574614544,10856.2574614544,1307759376.10449,279407.953507315,202107090440
202,27705,3533,78,48078,Durham,"",734.847539415117,7348.47539415117,1155101566.94189,288440.086812307,202107090440
203,27707,3594,17,47036,Durham,"",764.095586359384,7640.95586359384,551326002.510864,228660.826032165,202107090440
204,27708,284,0,4635,Durham,"",612.729234088457,6127.29234088457,24140532.868042,39624.2440738689,202107090440
205,27709,159,0,4,Durham,"",,,166810196.870483,93465.8554704913,202107090440
206,27710,7,0,0,Durham,"",,,3645590.83996582,9509.21127183631,202107090440
207,27712,1462,30,22055,Durham,"",662.888233960553,6628.88233960553,952678558.948486,239427.124284805,202107090440
208,27713,3412,27,53996,Durham,"",631.898659159938,6318.98659159938,1004016276.63342,186930.768828538,202107090440
209,27801,2165,26,21556,Rocky Mount,"",1004.36073483021,10043.6073483021,1947625744.14368,298032.749540484,202107090440
210,27803,2200,28,22337,Rocky Mount,"",984.912924743699,9849.12924743699,1209689022.16736,314786.382274833,202107090440
211,27804,3388,88,29160,Rocky Mount,"",1161.86556927298,11618.6556927298,1207912397.80139,237805.719395058,202107090440
212,27805,236,3,3769,Aulander,"",626.160785354205,6261.60785354205,3260348789.01416,427031.578041759,202107090440
213,27806,165,4,2441,Aurora,"",675.952478492421,6759.52478492421,3806890944.80762,575449.481817415,202107090440
214,27807,929,11,6940,Bailey,"",1338.61671469741,13386.1671469741,1393278091.89233,266050.599193056,202107090440
215,27808,199,5,2481,Bath,"",802.095929060863,8020.95929060863,1375581489.5946,320371.987641635,202107090440
216,27809,529,10,5254,Battleboro,"",1006.85192234488,10068.5192234488,2127311815.53979,418206.140952668,202107090440
217,27812,273,1,2951,Bethel,"",925.11013215859,9251.1013215859,1796512894.90283,307599.921723871,202107090440
218,27813,81,0,687,Black Creek,"",1179.03930131004,11790.3930131004,17954681.8726807,21851.3845296183,202107090440
219,27814,121,2,1801,Blounts Creek,"",671.848972792893,6718.48972792893,2084052221.88855,349050.345630614,202107090440
220,27816,278,3,2634,Castalia,"",1055.42900531511,10554.2900531511,1727056405.90051,269780.663460198,202107090440
221,27817,679,7,7777,Chocowinity,"",873.087308730873,8730.87308730873,3011254799.10022,441922.251479678,202107090440
222,27818,110,1,1269,Como,"",866.82427107959,8668.2427107959,1775223218.97412,291672.91933713,202107090440
223,27820,218,6,3292,Conway,"",662.211421628189,6622.1142162819,1787180209.86865,300570.413456991,202107090440
224,27822,998,15,9119,Elm City,"",1094.41824761487,10944.1824761487,2421416079.34338,500329.938801193,202107090440
225,27823,818,9,7812,Enfield,"",1047.10701484895,10471.0701484895,5279947738.18738,591795.38238411,202107090440
226,27827,24,0,99,Falkland,"",2424.24242424242,24242.4242424242,6818760.54968262,12365.1347191574,202107090440
227,27828,916,8,9031,Farmville,"",1014.28413243273,10142.8413243273,1954373169.79175,304535.643741104,202107090440
228,27829,195,1,1872,Fountain,"",1041.66666666667,10416.6666666667,1242859232.87109,276952.810668188,202107090440
229,27830,340,7,4858,Fremont,"",699.876492383697,6998.76492383697,1661392631.86707,301522.072838785,202107090440
230,27831,339,7,3588,Garysburg,"",944.816053511706,9448.16053511706,1733783751.73071,369102.732751728,202107090440
231,27832,329,8,2912,Gaston,"",1129.80769230769,11298.0769230769,1029571544.94922,217897.088475999,202107090440
232,27834,6577,40,57505,Greenville,"",1143.72663246674,11437.2663246674,5082356628.8689,890421.476518531,202107090440
233,27837,685,3,6506,Grimesland,"",1052.8742699047,10528.742699047,1710764546.60681,462288.004070908,202107090440
234,27839,265,4,3702,Halifax,"",715.829281469476,7158.29281469476,3728459644.54443,454921.143892168,202107090440
235,27840,56,3,535,Hamilton,"",1046.72897196262,10467.2897196262,127567387.286499,59155.8177418193,202107090440
236,27842,77,0,1436,Henrico,"",536.211699164345,5362.11699164345,414285932.678223,116849.514846702,202107090440
237,27843,124,1,946,Hobgood,"",1310.7822410148,13107.822410148,1458584246.23853,232329.162988765,202107090440
238,27844,287,7,3039,Hollister,"",944.389601842711,9443.89601842711,1251113401.94934,274076.283965929,202107090440
239,27845,204,11,2841,Jackson,"",718.05702217529,7180.5702217529,2842001076.66528,416912.567186113,202107090440
240,27846,304,3,3069,Jamesville,"",990.550667970023,9905.50667970023,3050744149.28796,442133.927899832,202107090440
241,27847,58,0,1071,Kelford,"",541.549953314659,5415.49953314659,1048559305.60547,265580.578438826,202107090440
242,27849,108,3,1483,Lewiston Woodville,"",728.253540121376,7282.53540121376,2062202839.65674,367759.436044123,202107090440
243,27850,482,7,7413,Littleton,"",650.209092135438,6502.09092135438,5554617534.52942,570792.398502674,202107090440
244,27851,560,7,5595,Lucama,"",1000.89365504915,10008.9365504915,1253082833.57764,200836.347936783,202107090440
245,27852,273,3,3454,Macclesfield,"",790.387955993052,7903.87955993052,1418996205.83582,268041.951522527,202107090440
246,27853,36,1,436,Margarettsville,"",825.688073394495,8256.88073394495,1061331085.73535,233986.055045062,202107090440
247,27855,479,6,6105,Murfreesboro,"",784.602784602785,7846.02784602785,1379257056.24951,246550.621363096,202107090440
248,27856,2438,33,17301,Nashville,"",1409.16710016762,14091.6710016762,3696764195.94336,508647.139191863,202107090440
249,27857,127,5,1601,Oak City,"",793.254216114928,7932.54216114928,2180191629.70935,354763.313675516,202107090440
250,27858,6404,18,58170,Greenville,"",1100.91112257177,11009.1112257177,1683129152.90881,395293.630437,202107090440
251,27860,180,3,2062,Pantego,"",872.938894277401,8729.38894277401,4384086912.80859,475177.331131482,202107090440
252,27862,49,0,945,Pendleton,"",518.518518518518,5185.18518518519,1337735767.81812,305131.144563485,202107090440
253,27863,1060,19,12670,Pikeville,"",836.621941594317,8366.21941594317,1822358483.62146,414140.550515842,202107090440
254,27864,562,7,4823,Pinetops,"",1165.24984449513,11652.4984449513,1058515929.69434,223861.53375515,202107090440
255,27865,230,5,2003,Pinetown,"",1148.27758362456,11482.7758362456,3183419700.15735,407140.115990912,202107090440
256,27866,71,1,672,Pleasant Hill,"",1056.54761904762,10565.4761904762,548856343.547363,183824.668332886,202107090440
257,27869,296,17,2167,Rich Square,"",1365.94370096908,13659.4370096908,2314340977.34839,283794.508144883,202107090440
258,27870,3027,62,26633,Roanoke Rapids,"",1136.55990688244,11365.5990688244,1958976214.39966,237465.130853914,202107090440
259,27871,405,8,4466,Robersonville,"",906.851768920734,9068.51768920735,2640265625.23401,370404.169208956,202107090440
260,27874,453,12,4766,Scotland Neck,"",950.48258497692,9504.8258497692,3988089594.78687,425091.541566969,202107090440
261,27876,117,4,1290,Seaboard,"",906.976744186047,9069.76744186047,1161065802.28784,286123.221519332,202107090440
262,27880,414,0,3280,Sims,"",1262.19512195122,12621.9512195122,661768421.449585,178936.521495753,202107090440
263,27882,921,13,7927,Spring Hope,"",1161.85189857449,11618.5189857449,2721376125.90833,404465.358087667,202107090440
264,27883,358,3,4361,Stantonsburg,"",820.912634716808,8209.12634716808,2149873597.18677,378850.12800901,202107090440
265,27884,173,1,1545,Stokes,"",1119.74110032362,11197.4110032362,1118165618.53992,178810.199825372,202107090440
266,27885,311,5,859,Swanquarter,"",3620.48894062864,36204.8894062864,3236637890.30994,778832.459471456,202107090440
267,27886,2277,73,21595,Tarboro,"",1054.4107432276,10544.107432276,5534275751.92761,530150.851444626,202107090440
268,27888,281,1,2803,Walstonburg,"",1002.4973242954,10024.973242954,1661899290.0293,260588.447365408,202107090440
269,27889,3120,71,27543,Washington,"",1132.77420760266,11327.7420760266,4746901259.41052,624948.845007958,202107090440
270,27890,257,14,2398,Weldon,"",1071.72643869892,10717.2643869892,250295126.203369,88214.5142201125,202107090440
271,27891,522,8,5011,Whitakers,"",1041.70824186789,10417.0824186789,3802342458.24487,551887.618669609,202107090440
272,27892,1468,25,14363,Williamston,"",1022.07059806447,10220.7059806447,4740161664.64209,528153.604658045,202107090440
273,27893,4983,118,40647,Wilson,"",1225.92073215735,12259.2073215735,3134674028.43115,441390.734015219,202107090440
274,27896,2468,33,21212,Wilson,"",1163.4923628135,11634.923628135,1013992738.34033,260787.736893695,202107090440
275,27897,126,1,2467,Woodland,"",510.741791649777,5107.41791649777,1262848506.99878,250563.523857377,202107090440
276,27909,3339,85,40958,Elizabeth City,"",815.22535280043,8152.2535280043,6356628470.42627,720925.199090358,202107090440
277,27910,1219,49,11609,Ahoskie,"",1050.04737703506,10500.4737703506,3854004911.8667,558805.248838311,202107090440
278,27915,31,0,758,Avon,"",408.970976253298,4089.70976253298,132797325.68457,159985.858445685,202107090440
279,27916,51,0,554,Aydlett,"",920.57761732852,9205.7761732852,175446906.710938,88834.9392660151,202107090440
280,27917,116,6,1084,Barco,"",1070.11070110701,10701.1070110701,583346697.773926,150643.300800981,202107090440
281,27922,76,4,1107,Cofield,"",686.540198735321,6865.40198735321,1372106941.59424,230585.938382193,202107090440
282,27924,295,4,3509,Colerain,"",840.695354801938,8406.95354801938,2545571117.46045,325068.518729581,202107090440
283,27925,322,6,4164,Columbia,"",773.294908741595,7732.94908741595,9421043776.67224,822613.133571787,202107090440
284,27926,92,1,1965,Corapeake,"",468.193384223919,4681.93384223919,1084179276.0813,176947.978129327,202107090440
285,27927,27,0,613,Corolla,"",440.456769983687,4404.56769983687,685869287.21875,1266393.74615984,202107090440
286,27928,137,5,1888,Creswell,"",725.635593220339,7256.35593220339,3736346955.86023,344143.792077436,202107090440
287,27929,120,1,1949,Currituck,"",615.700359158543,6157.00359158543,352573124.774658,146317.944454099,202107090440
288,27932,1311,31,12644,Edenton,"",1036.85542549826,10368.5542549826,3509551689.6084,391797.495792958,202107090440
289,27935,109,3,1674,Eure,"",651.135005973716,6511.35005973716,1443577833.21069,213483.780281898,202107090440
290,27937,254,2,4253,Gates,"",597.225487890901,5972.25487890901,2407949124.70361,290137.740864669,202107090440
291,27938,123,7,1430,Gatesville,"",860.13986013986,8601.3986013986,1202645918.03784,229961.178585235,202107090440
292,27942,56,1,936,Harrellsville,"",598.290598290598,5982.90598290598,927451831.666504,150762.800286803,202107090440
293,27944,911,8,12230,Hertford,"",744.889615699101,7448.89615699101,5013940953.42065,828274.577378666,202107090440
294,27946,79,0,1089,Hobbsville,"",725.436179981635,7254.36179981635,1234977495.96777,250163.996071758,202107090440
295,27948,772,1,12518,Kill Devil Hills,"",616.711934813868,6167.11934813868,288939959.776123,266090.270790261,202107090440
296,27949,397,3,7235,Kitty Hawk,"",548.721492743607,5487.21492743607,426732703.740967,296487.581606319,202107090440
297,27950,62,0,2183,Knotts Island,"",284.012826385708,2840.12826385708,1009906812.90234,393684.159837613,202107090440
298,27957,100,6,1419,Merry Hill,"",704.721634954193,7047.21634954193,1345289022.66797,219570.3989813,202107090440
299,27958,740,7,12061,Moyock,"",613.547798689993,6135.47798689992,2191273226.67993,258895.732965411,202107090440
300,27959,203,1,2451,Nags Head,"",828.233374133007,8282.33374133007,464337538.219238,468359.824712585,202107090440
301,27962,709,20,7439,Plymouth,"",953.085092082269,9530.85092082269,2248894843.11377,323982.422404071,202107090440
302,27966,48,0,1473,Powells Point,"",325.865580448065,3258.65580448065,310362212.773438,140593.315765635,202107090440
303,27968,16,0,413,Rodanthe,"",387.409200968523,3874.09200968523,255307311.38855,376970.397727617,202107090440
304,27970,295,7,3214,Roper,"",917.859365276913,9178.59365276914,3979984913.95898,386215.845703473,202107090440
305,27976,248,1,3561,South Mills,"",696.433586071328,6964.33586071328,2739484648.62012,348819.066033239,202107090440
306,27979,90,0,1813,Sunbury,"",496.414782129068,4964.14782129068,2196378526.26221,272849.595585558,202107090440
307,27982,5,0,0,Waves,"",,,5381164.09509277,11228.317119066,202107090440
308,27983,954,27,10633,Windsor,"",897.206808990877,8972.06808990877,9431469996.22351,861662.756904591,202107090440
309,27986,170,3,2650,Winton,"",641.509433962264,6415.09433962264,374234308.870117,153016.850399202,202107090440
310,28001,3387,99,28360,Albemarle,"",1194.28772919605,11942.8772919605,3791255242.38873,479491.354130006,202107090440
311,28006,135,1,1136,Alexis,"",1188.38028169014,11883.8028169014,126883649.701416,88485.0702727942,202107090440
312,28012,2899,30,24276,Belmont,"",1194.18355577525,11941.8355577525,865729022.118042,170607.841876971,202107090440
313,28016,1584,26,14526,Bessemer City,"",1090.458488228,10904.58488228,1271825919.55414,236943.686135101,202107090440
314,28018,589,20,5943,Bostic,"",991.081945145549,9910.81945145549,2694770404.83051,433562.153950885,202107090440
315,28020,247,1,2464,Casar,"",1002.43506493506,10024.3506493507,1475633951.64899,260515.821792163,202107090440
316,28021,1499,37,13436,Cherryville,"",1115.65942244716,11156.5942244716,1626380587.60425,391038.422631114,202107090440
317,28023,1736,18,14843,China Grove,"",1169.5748837836,11695.748837836,1273875684.14087,277795.952246167,202107090440
318,28025,6064,79,55325,Concord,"",1096.06868504293,10960.6868504293,2992149162.05573,466210.81613651,202107090440
319,28027,7521,77,74072,Concord,"",1015.36343017604,10153.6343017604,1903468707.60345,332965.289746403,202107090440
320,28031,2908,26,31049,Cornelius,"",936.584108989017,9365.84108989017,672168572.25116,151594.592125485,202107090440
321,28032,386,1,3249,Cramerton,"",1188.05786395814,11880.5786395814,59161626.1264038,51515.5503878613,202107090440
322,28033,419,4,3362,Crouse,"",1246.28197501487,12462.8197501487,509703222.739563,189532.085619349,202107090440
323,28034,2557,34,17859,Dallas,"",1431.77109580604,14317.7109580604,1273410668.68243,215322.291269956,202107090440
324,28036,1716,15,18554,Davidson,"",924.867953002048,9248.67953002048,669928559.48645,197029.793668161,202107090440
325,28037,2721,9,23834,Denver,"",1141.64638751364,11416.4638751364,1521729514.62848,312689.389421741,202107090440
326,28039,55,4,428,East Spencer,"",1285.04672897196,12850.4672897196,13759835.5942383,34526.6128305972,202107090440
327,28040,767,10,8270,Ellenboro,"",927.448609431681,9274.48609431681,1773879551.02985,348064.117544275,202107090440
328,28043,2495,79,21472,Forest City,"",1161.978390462,11619.78390462,1816346053.52002,348394.442075552,202107090440
329,28052,4356,83,36823,Gastonia,"",1182.95630448361,11829.5630448361,1165429048.27631,189783.469072903,202107090440
330,28054,4727,82,40184,Gastonia,"",1176.33884132988,11763.3884132988,562652947.772949,139549.083675328,202107090440
331,28056,4189,49,35595,Gastonia,"",1176.85068127546,11768.5068127546,1342394953.02258,344787.60681341,202107090440
332,28071,343,4,3198,Gold Hill,"",1072.54534083802,10725.4534083802,1345839018.92865,236923.074375116,202107090440
333,28073,583,10,5606,Grover,"",1039.95718872636,10399.5718872636,702973243.533203,143952.911566798,202107090440
334,28075,1978,15,19174,Harrisburg,"",1031.60529884218,10316.0529884218,656107496.741638,238150.023406484,202107090440
335,28078,6125,54,66079,Huntersville,"",926.920806912938,9269.20806912938,1870251820.14679,316647.648839996,202107090440
336,28079,4160,29,39813,Indian Trail,"",1044.88483661116,10448.8483661116,1221176124.08392,283660.370334182,202107090440
337,28080,852,6,8157,Iron Station,"",1044.50165502023,10445.0165502023,1095921164.38501,240845.709042299,202107090440
338,28081,3046,43,28249,Kannapolis,"",1078.26825728344,10782.6825728344,862858421.935425,200259.108957382,202107090440
339,28083,2879,43,25877,Kannapolis,"",1112.57100900414,11125.7100900414,582493569.448059,145983.725103448,202107090440
340,28086,3371,67,26988,Kings Mountain,"",1249.07366236846,12490.7366236846,2467878462.36133,329807.139806484,202107090440
341,28088,440,1,3059,Landis,"",1438.37855508336,14383.7855508336,72787169.9580688,52885.3256566675,202107090440
342,28090,742,14,8506,Lawndale,"",872.325417352457,8723.25417352457,2661358061.4715,458218.963524002,202107090440
343,28091,211,1,2353,Lilesville,"",896.727581810455,8967.27581810455,2694411423.45477,313074.926269122,202107090440
344,28092,4906,54,40052,Lincolnton,"",1224.90762009388,12249.0762009388,3216596915.74634,535483.341451103,202107090440
345,28097,844,3,6124,Locust,"",1378.18419333769,13781.8419333769,836579136.406799,181830.474266294,202107090440
346,28098,432,2,4010,Lowell,"",1077.30673316708,10773.0673316708,99103128.4535522,49283.194148661,202107090440
347,28103,1269,24,11346,Marshville,"",1118.45584346906,11184.5584346906,4253866560.83563,449440.107851782,202107090440
348,28104,2946,12,32469,Matthews,"",907.326988820105,9073.26988820105,824578845.587585,325979.692599077,202107090440
349,28105,3978,71,45346,Matthews,"",877.254884664579,8772.54884664579,668165195.784729,278013.840820393,202107090440
350,28107,1002,9,8210,Midland,"",1220.4628501827,12204.628501827,1388640520.38739,250943.513182056,202107090440
351,28110,6515,74,55536,Monroe,"",1173.11293575339,11731.1293575339,3676478383.48267,422255.233862207,202107090440
352,28112,3264,49,28060,Monroe,"",1163.2216678546,11632.216678546,3713382117.46545,318461.97727687,202107090440
353,28114,799,7,9034,Mooresboro,"",884.436572946646,8844.36572946646,1900066101.23077,346437.871140422,202107090440
354,28115,4019,38,41536,Mooresville,"",967.59437596302,9675.9437596302,2057262512.61176,327151.756863337,202107090440
355,28117,4664,21,47608,Mooresville,"",979.667282809612,9796.67282809612,1555969690.69189,234425.757349855,202107090440
356,28119,296,8,3034,Morven,"",975.609756097561,9756.09756097561,1970357677.74512,298425.648226889,202107090440
357,28120,2665,40,24318,Mount Holly,"",1095.89604408257,10958.9604408257,1001654680.08618,272689.093586748,202107090440
358,28124,695,9,7015,Mount Pleasant,"",990.734141126158,9907.34141126158,1620148303.23315,301866.136666845,202107090440
359,28125,288,1,2657,Mount Ulla,"",1083.92924350772,10839.2924350772,1169162879.13867,198953.955252748,202107090440
360,28127,1117,11,7631,New London,"",1463.76621674748,14637.6621674748,2159940152.89789,468250.659328753,202107090440
361,28128,810,9,8098,Norwood,"",1000.24697456162,10002.4697456162,2054286113.35083,282114.674844027,202107090440
362,28129,668,9,6031,Oakboro,"",1107.61067816283,11076.1067816283,1226619926.53345,219035.034364981,202107090440
363,28133,287,4,2713,Peachland,"",1057.8695171397,10578.695171397,2384968915.9574,421295.337069002,202107090440
364,28134,1343,20,11817,Pineville,"",1136.49826521114,11364.9826521114,248618254.324951,88085.4538299007,202107090440
365,28135,527,6,5968,Polkton,"",883.042895442359,8830.42895442359,2916374106.84241,475980.429437206,202107090440
366,28137,345,4,3843,Richfield,"",897.736143637783,8977.36143637783,1223676252.05975,291589.496037827,202107090440
367,28138,1224,20,11659,Rockwell,"",1049.8327472339,10498.327472339,1278406256.12445,357387.534646104,202107090440
368,28139,2177,82,20134,Rutherfordton,"",1081.25558756333,10812.5558756333,5078697342.95056,674832.691106946,202107090440
369,28144,3045,67,25846,Salisbury,"",1178.13201269055,11781.3201269055,867982991.287292,279505.654446658,202107090440
370,28146,3386,55,30382,Salisbury,"",1114.47567638733,11144.7567638733,3012969418.7887,452196.720325258,202107090440
371,28147,3575,84,26204,Salisbury,"",1364.2955274004,13642.955274004,2146390330.37,312495.471896358,202107090440
372,28150,3381,89,29296,Shelby,"",1154.0824685964,11540.824685964,3159764942.52783,579453.815714684,202107090440
373,28152,2854,43,26078,Shelby,"",1094.40908045095,10944.0908045095,2247420971.2251,304211.560780765,202107090440
374,28159,418,16,3126,Spencer,"",1337.17210492642,13371.7210492642,51886096.1330566,42602.5220628392,202107090440
375,28160,530,11,4015,Spindale,"",1320.0498132005,13200.498132005,170326604.450989,70799.3749654705,202107090440
376,28163,570,3,5814,Stanfield,"",980.392156862745,9803.92156862745,970276414.142883,191731.821086023,202107090440
377,28164,1688,40,15447,Stanley,"",1092.76882242507,10927.6882242507,1144736813.58362,324856.854746788,202107090440
378,28166,1058,20,9868,Troutman,"",1072.15241183624,10721.5241183624,911716953.816406,217041.310552798,202107090440
379,28167,230,4,2418,Union Mills,"",951.199338296113,9511.99338296112,1934997992.23633,347927.953502144,202107090440
380,28168,1259,15,10437,Vale,"",1206.28533103382,12062.8533103382,2469130589.68384,340004.345415379,202107090440
381,28170,1265,35,12494,Wadesboro,"",1012.48599327677,10124.8599327677,5053183842.2157,655726.472285971,202107090440
382,28173,5722,30,63837,Waxhaw,"",896.345379638767,8963.45379638767,3045162637.21796,318858.064536165,202107090440
383,28174,1229,6,9287,Wingate,"",1323.3552277377,13233.552277377,985461754.807983,246986.820118662,202107090440
384,28202,2067,1,16755,Charlotte,"",1233.66159355416,12336.6159355416,50452583.9099121,34485.9053855683,202107090440
385,28203,2383,6,19070,Charlotte,"",1249.60671211327,12496.0671211327,91001089.479126,54761.2733662689,202107090440
386,28204,1147,6,8738,Charlotte,"",1312.65735866331,13126.5735866331,48899100.5548096,40761.7265321132,202107090440
387,28205,5120,65,51821,Charlotte,"",988.016441211092,9880.16441211092,335820474.82135,104910.810677792,202107090440
388,28206,1743,9,15244,Charlotte,"",1143.40068223563,11434.0068223563,182577260.697876,71458.050216539,202107090440
389,28207,863,5,9761,Charlotte,"",884.130724311034,8841.30724311034,68333859.7921753,36157.3958026361,202107090440
390,28208,4732,47,39944,Charlotte,"",1184.6585219307,11846.585219307,595973347.5495,157267.598078636,202107090440
391,28209,2388,13,26012,Charlotte,"",918.037828694449,9180.37828694449,157335764.525879,72359.4847682198,202107090440
392,28210,4462,36,44704,Charlotte,"",998.120973514674,9981.20973514674,342547124.476257,112745.958411282,202107090440
393,28211,2659,68,31253,Charlotte,"",850.798323360957,8507.98323360957,292827786.05603,102838.759144167,202107090440
394,28212,4903,34,42744,Charlotte,"",1147.06157589369,11470.6157589369,237710291.866211,96077.3791004252,202107090440
395,28213,5489,48,45338,Charlotte,"",1210.68419427412,12106.8419427412,412614569.613403,162252.089416931,202107090440
396,28214,5297,35,41208,Charlotte,"",1285.43001358959,12854.3001358959,965554836.030151,224926.880987091,202107090440
397,28215,7235,62,60256,Charlotte,"",1200.71030270844,12007.1030270844,782010510.903748,222976.412140327,202107090440
398,28216,6405,58,58744,Charlotte,"",1090.32411820782,10903.2411820782,857978895.941772,184761.316525275,202107090440
399,28217,3494,21,30875,Charlotte,"",1131.65991902834,11316.5991902834,428067925.271423,132462.900799897,202107090440
400,28226,3352,34,40227,Charlotte,"",833.27118601934,8332.7118601934,430471271.22644,131097.087702525,202107090440
401,28227,6338,55,57319,Charlotte,"",1105.74155166699,11057.4155166699,1173416755.00244,297066.255269002,202107090440
402,28262,4696,40,43683,Charlotte,"",1075.01774145549,10750.1774145549,593648477.600464,159979.41236041,202107090440
403,28269,8040,53,81464,Charlotte,"",986.939016007071,9869.39016007071,840640266.840637,192155.045229048,202107090440
404,28270,2498,28,34753,Charlotte,"",718.786867320807,7187.86867320807,345778417.622314,161555.486865571,202107090440
405,28273,4830,39,40544,Charlotte,"",1191.29834254144,11912.9834254144,614626385.142517,192801.276498243,202107090440
406,28277,5579,24,72020,Charlotte,"",774.645931685643,7746.45931685643,675381884.726379,144850.675101077,202107090440
407,28278,3258,18,32539,Charlotte,"",1001.26002642982,10012.6002642982,902762098.137573,246465.469761239,202107090440
408,28301,1760,65,17717,Fayetteville,"",993.396173167015,9933.96173167015,348717238.9104,130217.445212828,202107090440
409,28303,2656,30,34600,Fayetteville,"",767.630057803468,7676.30057803468,540160738.043701,179304.154504403,202107090440
410,28304,3062,28,39651,Fayetteville,"",772.237774583239,7722.37774583239,491742944.185852,186465.416198877,202107090440
411,28305,467,6,5010,Fayetteville,"",932.135728542914,9321.35728542914,69895111.336731,49443.8950343603,202107090440
412,28306,3882,37,42565,Fayetteville,"",912.016915306003,9120.16915306003,2090603260.31519,562860.488861907,202107090440
413,28307,1107,0,15486,Fort Bragg,"",714.839209608679,7148.39209608679,174879596.356018,92732.9092032322,202107090440
414,28310,1157,0,8861,Fort Bragg,"",1305.72170183952,13057.2170183952,506286340.902344,200733.090413706,202107090440
415,28311,3008,24,36046,Fayetteville,"",834.489263718582,8344.89263718582,1336136656.04889,240844.864072535,202107090440
416,28312,1805,36,18419,Fayetteville,"",979.966339106358,9799.66339106358,4341373681.0871,556260.336471475,202107090440
417,28314,5031,36,53642,Fayetteville,"",937.884493493904,9378.84493493904,816473670.87677,185615.29020179,202107090440
418,28315,1307,19,13329,Aberdeen,"",980.568684822567,9805.68684822567,2049308469.85626,494397.056686911,202107090440
419,28318,497,4,4579,Autryville,"",1085.38982310548,10853.8982310548,2217851356.83313,372935.466158955,202107090440
420,28320,940,12,9381,Bladenboro,"",1002.02537042959,10020.2537042959,3248490168.58801,381864.201698899,202107090440
421,28323,387,1,4578,Bunnlevel,"",845.347313237221,8453.47313237222,1112191308.33496,301931.807656215,202107090440
422,28326,1791,7,22382,Cameron,"",800.196586542757,8001.96586542758,3242119864.63824,488036.1730633,202107090440
423,28327,1712,29,18273,Carthage,"",936.901439282001,9369.01439282001,5396542091.08795,586939.342565835,202107090440
424,28328,3542,57,26951,Clinton,"",1314.23694853623,13142.3694853623,6810728499.67102,657248.933701038,202107090440
425,28333,1168,24,10709,Dudley,"",1090.67139788963,10906.7139788963,1249687746.85376,213915.020571421,202107090440
426,28334,3253,52,26215,Dunn,"",1240.89261872974,12408.9261872973,4497238669.98419,544402.158241248,202107090440
427,28337,1158,21,11927,Elizabethtown,"",970.906346943909,9709.06346943909,5069041872.41577,577770.225904475,202107090440
428,28338,417,5,4804,Ellerbe,"",868.026644462948,8680.26644462947,3935542448.08881,492508.044174153,202107090440
429,28339,806,10,7226,Erwin,"",1115.41655134237,11154.1655134237,1064553458.41333,310656.999787592,202107090440
430,28340,1250,29,10738,Fairmont,"",1164.09014714099,11640.9014714099,3757196814.59872,450516.228420329,202107090440
431,28341,503,4,5080,Faison,"",990.157480314961,9901.57480314961,2787115249.34564,421094.619116887,202107090440
432,28343,169,5,1567,Gibson,"",1078.49393746011,10784.9393746011,458723474.164063,106909.663733147,202107090440
433,28344,414,6,3814,Godwin,"",1085.47456738332,10854.7456738332,1128755315.22852,269142.265002464,202107090440
434,28345,1396,28,12656,Hamlet,"",1103.03413400759,11030.3413400759,2126402412.95966,332606.523883072,202107090440
435,28347,208,0,1826,Hoffman,"",1139.10186199343,11391.0186199343,747268691.675964,194334.44204749,202107090440
436,28348,3543,29,36052,Hope Mills,"",982.747143015644,9827.47143015644,1166315651.14276,329846.853315969,202107090440
437,28349,434,14,3955,Kenansville,"",1097.34513274336,10973.4513274336,1959246504.78113,326624.538750416,202107090440
438,28350,31,0,70,Lakeview,"",4428.57142857143,44285.7142857143,7876659.25891113,11657.1581787366,202107090440
439,28351,461,1,5269,Laurel Hill,"",874.92882899981,8749.2882899981,1788599136.13666,386362.394376361,202107090440
440,28352,2834,72,25298,Laurinburg,"",1120.24665981501,11202.4665981501,3264782876.16284,438869.872406896,202107090440
441,28356,474,5,4914,Linden,"",964.590964590965,9645.90964590965,1497885580.84283,286294.988335977,202107090440
442,28357,270,4,3224,Lumber Bridge,"",837.468982630273,8374.68982630273,998095899.747498,200973.924425577,202107090440
443,28358,4852,96,38517,Lumberton,"",1259.70350754212,12597.0350754212,5499536726.32037,504386.804277589,202107090440
444,28360,1911,24,14944,Lumberton,"",1278.77408993576,12787.7408993576,1985862696.58282,363920.117329658,202107090440
445,28363,127,1,1079,Marston,"",1177.01575532901,11770.1575532901,1736455559.11224,383927.716730152,202107090440
446,28364,1729,27,15170,Maxton,"",1139.74950560316,11397.4950560316,3845135736.01221,464303.223304611,202107090440
447,28365,1745,46,17063,Mount Olive,"",1022.68065404677,10226.8065404677,5449867058.99634,617077.136427741,202107090440
448,28366,676,11,5153,Newton Grove,"",1311.85717058024,13118.5717058024,2293381130.24042,414618.719505341,202107090440
449,28369,249,5,2241,Orrum,"",1111.11111111111,11111.1111111111,1800121585.61136,401393.305842191,202107090440
450,28371,654,6,7085,Parkton,"",923.076923076923,9230.76923076923,1005950088.08063,229991.086519014,202107090440
451,28372,2005,24,15254,Pembroke,"",1314.40933525633,13144.0933525633,1147770145.91595,255857.280522167,202107090440
452,28373,219,1,2552,Pinebluff,"",858.150470219436,8581.50470219436,460329066.992676,140223.621385681,202107090440
453,28374,1397,47,18171,Pinehurst,"",768.807440427054,7688.07440427054,609888351.153748,186776.563275303,202107090440
454,28376,4114,47,43831,Raeford,"",938.605096849262,9386.05096849262,8255601209.37079,618028.253174215,202107090440
455,28377,1569,30,13036,Red Springs,"",1203.59005830009,12035.9005830009,2872865768.25568,446034.002241504,202107090440
456,28379,2685,64,25804,Rockingham,"",1040.53635095334,10405.3635095334,4156662320.34821,486165.084209016,202107090440
457,28382,741,15,8006,Roseboro,"",925.555833125156,9255.55833125156,3525739741.42773,652666.741452106,202107090440
458,28383,929,10,7713,Rowland,"",1204.46000259302,12044.6000259302,2904453853.97415,460017.981876533,202107090440
459,28384,1546,18,12414,Saint Pauls,"",1245.36813275334,12453.6813275334,2850567240.80182,480450.415018018,202107090440
460,28385,389,2,3005,Salemburg,"",1294.50915141431,12945.0915141431,1040463355.97156,321938.125650219,202107090440
461,28386,874,9,6068,Shannon,"",1440.3427818062,14403.427818062,1134602512.8537,354913.796549299,202107090440
462,28387,1408,55,17139,Southern Pines,"",821.518174922691,8215.18174922691,810260751.658813,181010.127281146,202107090440
463,28390,1742,14,23494,Spring Lake,"",741.465906188814,7414.65906188814,1630867413.08136,287302.836124697,202107090440
464,28391,465,6,5326,Stedman,"",873.075478783327,8730.75478783327,1084470955.12604,202263.555324582,202107090440
465,28392,183,1,1554,Tar Heel,"",1177.60617760618,11776.0617760618,925384379.987671,187529.786563955,202107090440
466,28393,259,6,2160,Turkey,"",1199.07407407407,11990.7407407407,1437383838.7915,233550.655699493,202107090440
467,28394,482,4,6094,Vass,"",790.941910075484,7909.41910075484,1215312777.16113,300186.221923817,202107090440
468,28395,253,1,2657,Wade,"",952.201731275875,9522.01731275875,1382105528.22943,246616.208913961,202107090440
469,28396,223,8,2679,Wagram,"",832.400149309444,8324.00149309444,1631714382.90094,330475.243709585,202107090440
470,28398,932,23,7672,Warsaw,"",1214.8070907195,12148.070907195,2739435952.33466,345606.723026117,202107090440
471,28399,195,2,1934,White Oak,"",1008.27300930714,10082.7300930714,2338498223.40869,308489.981388208,202107090440
472,28401,2070,49,24213,Wilmington,"",854.912650229216,8549.12650229216,925590291.269562,302995.405207511,202107090440
473,28403,3769,17,41945,Wilmington,"",898.557634998212,8985.57634998212,403456249.54361,135103.298695973,202107090440
474,28405,2864,27,33719,Wilmington,"",849.372757199205,8493.72757199205,694443662.189972,212896.044608315,202107090440
475,28409,2605,18,34974,Wilmington,"",744.839023274432,7448.39023274432,678530052.059952,626246.018361276,202107090440
476,28411,3152,23,38820,Wilmington,"",811.952601751674,8119.52601751674,1477023573.08954,591854.549770877,202107090440
477,28412,3228,36,42977,Wilmington,"",751.099425273984,7510.99425273984,635947452.301941,245813.217862995,202107090440
478,28420,391,12,5116,Ash,"",764.268960125098,7642.68960125098,4030119174.4476,622951.504256467,202107090440
479,28421,139,4,2040,Atkinson,"",681.372549019608,6813.72549019608,1701084244.28595,246250.995159075,202107090440
480,28422,513,9,8682,Bolivia,"",590.877677954388,5908.77677954388,2520456183.00197,406510.949073508,202107090440
481,28423,214,2,2285,Bolton,"",936.542669584245,9365.42669584245,4327886518.67657,560706.23791653,202107090440
482,28425,1322,22,12625,Burgaw,"",1047.12871287129,10471.2871287129,4872852970.19843,522799.098840263,202107090440
483,28428,565,1,7142,Carolina Beach,"",791.094931391767,7910.94931391767,153392950.326767,131890.839899376,202107090440
484,28429,739,3,8542,Castle Hayne,"",865.136970264575,8651.36970264575,1146009267.92944,244578.64538817,202107090440
485,28430,220,3,2055,Cerro Gordo,"",1070.5596107056,10705.596107056,1294763521.80133,235369.368885516,202107090440
486,28431,758,23,6741,Chadbourn,"",1124.46224595757,11244.6224595757,2019287633.59152,414968.282140326,202107090440
487,28432,235,3,1684,Clarendon,"",1395.48693586698,13954.8693586698,913029717.719559,381140.327621417,202107090440
488,28433,440,5,5297,Clarkton,"",830.658863507646,8306.58863507646,3257754219.81824,497145.128049416,202107090440
489,28434,95,3,1357,Council,"",700.073691967576,7000.73691967576,2209417286.23001,262045.947095385,202107090440
490,28435,259,5,2931,Currie,"",883.657454793586,8836.57454793586,2746865502.37314,418800.327512466,202107090440
491,28436,214,2,2312,Delco,"",925.60553633218,9256.0553633218,1250613651.60083,304067.898737589,202107090440
492,28438,173,3,1688,Evergreen,"",1024.88151658768,10248.8151658768,1324758692.31961,354385.951020837,202107090440
493,28439,143,7,1536,Fair Bluff,"",930.989583333333,9309.89583333333,667490225.496307,213264.007900786,202107090440
494,28441,348,4,3328,Garland,"",1045.67307692308,10456.7307692308,3774857745.4223,555550.533903292,202107090440
495,28442,161,4,1734,Hallsboro,"",928.489042675894,9284.89042675894,1395074837.14975,336354.405393145,202107090440
496,28443,2017,21,22483,Hampstead,"",897.122270159676,8971.22270159676,4337834719.99771,560208.032392264,202107090440
497,28444,242,1,2278,Harrells,"",1062.33538191396,10623.3538191396,3251010335.70935,548979.732892781,202107090440
498,28445,758,12,8142,Holly Ridge,"",930.975190370916,9309.75190370916,2835470197.40424,676482.174744674,202107090440
499,28447,147,0,1334,Ivanhoe,"",1101.94902548726,11019.4902548726,2755654733.91089,442226.920323366,202107090440
500,28448,68,1,1216,Kelly,"",559.210526315789,5592.1052631579,2360585218.26868,400674.523076971,202107090440
501,28449,90,1,1958,Kure Beach,"",459.652706843718,4596.52706843718,112229003.875305,80695.004584803,202107090440
502,28450,215,8,2397,Lake Waccamaw,"",896.954526491448,8969.54526491448,1482484363.39343,277199.450521116,202107090440
503,28451,2836,23,39194,Leland,"",723.580139817319,7235.80139817319,5322314275.71591,771852.448618023,202107090440
504,28452,74,2,513,Longwood,"",1442.49512670565,14424.9512670565,201031402.998276,76626.878203892,202107090440
505,28453,553,7,4137,Magnolia,"",1336.71742808799,13367.1742808799,2286467269.94287,428957.863476439,202107090440
506,28454,273,2,3549,Maple Hill,"",769.230769230769,7692.30769230769,3064407818.25446,319144.850869927,202107090440
507,28455,194,3,1718,Nakina,"",1129.22002328289,11292.2002328289,1802269564.75485,339624.478895421,202107090440
508,28456,362,5,3566,Riegelwood,"",1015.14301738643,10151.4301738643,1872158645.14374,368901.622022321,202107090440
509,28457,1003,11,12840,Rocky Point,"",781.152647975078,7811.52647975078,3397895880.78387,551931.996451502,202107090440
510,28458,687,13,7018,Rose Hill,"",978.911370760901,9789.11370760901,3025757032.09851,549753.327973728,202107090440
511,28460,1068,2,10588,Sneads Ferry,"",1008.6890819796,10086.890819796,868820245.916626,505270.66774661,202107090440
512,28461,1010,9,20575,Southport,"",490.886998784933,4908.86998784933,2976816159.44659,699193.3729383,202107090440
513,28462,822,14,14309,Supply,"",574.463624292403,5744.63624292403,3173815797.17624,578042.071238933,202107090440
514,28463,1523,35,9865,Tabor City,"",1543.84186517993,15438.4186517993,3441446535.6745,489113.866817469,202107090440
515,28464,269,5,2491,Teachey,"",1079.88759534324,10798.8759534324,651873569.02948,216752.818849917,202107090440
516,28465,415,6,8285,Oak Island,"",500.905250452625,5009.05250452625,278142792.540329,260764.452809295,202107090440
517,28466,1087,35,10375,Wallace,"",1047.71084337349,10477.1084337349,4134830722.40503,646652.750223625,202107090440
518,28467,889,17,11393,Calabash,"",780.30369525147,7803.0369525147,478052225.035095,182374.085490172,202107090440
519,28468,311,3,5394,Sunset Beach,"",576.566555431961,5765.66555431961,561581539.026329,281339.504069841,202107090440
520,28469,581,10,7481,Ocean Isle Beach,"",776.63413982088,7766.3413982088,718539224.77166,397460.188245044,202107090440
521,28470,987,38,13446,Shallotte,"",734.047300312361,7340.47300312361,1182514664.27979,362760.617388835,202107090440
522,28472,2054,53,20002,Whiteville,"",1026.89731026897,10268.9731026897,5336860792.21823,836470.753006454,202107090440
523,28478,418,3,4976,Willard,"",840.032154340836,8400.32154340836,3641064446.79327,420805.470689162,202107090440
524,28479,486,9,4874,Winnabow,"",997.127615921215,9971.27615921215,2117768058.25922,493774.783138492,202107090440
525,28480,315,0,2737,Wrightsville Beach,"",1150.89514066496,11508.9514066496,105606171.513519,198146.556810674,202107090440
526,28501,1724,42,19507,Kinston,"",883.785307838212,8837.85307838212,2991635337.302,625626.15035165,202107090440
527,28504,2380,44,21016,Kinston,"",1132.47049866768,11324.7049866768,3402165916.96191,527051.926248194,202107090440
528,28508,284,7,2984,Albertson,"",951.742627345844,9517.42627345844,979966062.858154,216402.11543394,202107090440
529,28510,85,0,1543,Arapahoe,"",550.874918988982,5508.74918988983,492605022.366577,160146.449017413,202107090440
530,28511,26,0,628,Atlantic,"",414.012738853503,4140.12738853503,664520864.566406,632922.312503468,202107090440
531,28512,240,5,3689,Atlantic Beach,"",650.58281377067,6505.8281377067,159414908.561523,282548.210087653,202107090440
532,28513,1030,3,10825,Ayden,"",951.501154734411,9515.01154734411,2611479123.85803,477095.460669019,202107090440
533,28515,329,2,3463,Bayboro,"",950.043315044759,9500.43315044759,1758589825.68518,437586.784820445,202107090440
534,28516,844,8,12482,Beaufort,"",676.173690113764,6761.73690113764,3384236686.76337,1001596.71803034,202107090440
535,28518,848,14,8803,Beulaville,"",963.307963194366,9633.07963194366,2702594658.36359,473932.945095065,202107090440
536,28521,227,9,2259,Chinquapin,"",1004.86941124391,10048.6941124391,984336924.154663,232445.955683395,202107090440
537,28523,213,3,2274,Cove City,"",936.675461741425,9366.75461741425,2247611957.06177,297516.586083844,202107090440
538,28525,317,4,3309,Deep Run,"",957.9933514657,9579.933514657,1368793733.10339,260376.07892082,202107090440
539,28526,194,5,2384,Dover,"",813.758389261745,8137.58389261745,2062614072.29626,437910.466683838,202107090440
540,28529,297,4,2539,Grantsboro,"",1169.75187081528,11697.5187081528,2523317524.60889,412017.089612736,202107090440
541,28530,755,10,7474,Grifton,"",1010.16858442601,10101.6858442601,1906098626.48975,426610.065184872,202107090440
542,28531,104,3,1414,Harkers Island,"",735.502121640735,7355.02121640735,96666650.4205933,159397.370996394,202107090440
543,28532,1559,6,25868,Havelock,"",602.675119839183,6026.75119839183,5072028576.29651,874966.498361209,202107090440
544,28538,372,3,3342,Hookerton,"",1113.10592459605,11131.0592459605,837514346.679443,167225.326393657,202107090440
545,28539,1305,14,18000,Hubert,"",725,7250,2158531628.89203,965472.416809674,202107090440
546,28540,4519,53,52400,Jacksonville,"",862.404580152672,8624.04580152672,3283488394.35052,547729.060516664,202107090440
547,28542,625,0,6146,Camp Lejeune,"",1016.92157500814,10169.2157500814,1137151211.30426,554417.951637184,202107090440
548,28543,339,2,6618,Tarawa Terrace,"",512.239347234814,5122.39347234814,101812905.851257,81799.9494086723,202107090440
549,28546,4644,42,51963,Jacksonville,"",893.712834131978,8937.12834131979,2766403023.01086,429757.095409677,202107090440
550,28547,1306,0,13868,Camp Lejeune,"",941.73637150274,9417.3637150274,321351155.112183,125030.1108688,202107090440
551,28551,1395,22,14265,La Grange,"",977.917981072555,9779.17981072555,3578620059.57935,402405.541085344,202107090440
552,28553,24,1,522,Marshallberg,"",459.770114942529,4597.70114942529,44093630.395752,64625.7950525978,202107090440
553,28555,424,1,4702,Maysville,"",901.743938749468,9017.43938749468,3623337430.05573,600372.548840717,202107090440
554,28557,1170,11,15254,Morehead City,"",767.011931296709,7670.11931296709,400526127.961975,291647.007459014,202107090440
555,28560,2665,55,28926,New Bern,"",921.316462697919,9213.16462697919,3309199654.78784,1030041.14449326,202107090440
556,28562,3604,46,38009,New Bern,"",948.196479781104,9481.96479781104,3853792240.20764,1071472.47820273,202107090440
557,28570,1748,13,22687,Newport,"",770.485299951514,7704.85299951514,4050945831.7467,612371.091717979,202107090440
558,28571,123,1,3137,Oriental,"",392.09435766656,3920.9435766656,1482289449.53186,353024.47769856,202107090440
559,28572,650,11,6379,Pink Hill,"",1018.96849035899,10189.6849035899,3042675125.74115,395176.694907307,202107090440
560,28573,253,17,2475,Pollocksville,"",1022.22222222222,10222.2222222222,3035889883.2348,360117.83631843,202107090440
561,28574,1765,17,17702,Richlands,"",997.062478815953,9970.62478815953,3868294357.7301,523654.71280993,202107090440
562,28577,13,0,595,Sealevel,"",218.487394957983,2184.87394957983,131607264.267456,82049.6590834025,202107090440
563,28578,572,8,7044,Seven Springs,"",812.038614423623,8120.38614423623,1837860745.29797,304549.150963809,202107090440
564,28580,1223,36,12031,Snow Hill,"",1016.54060344111,10165.4060344111,3261656823.56982,373362.024423985,202107090440
565,28582,157,2,1824,Stella,"",860.745614035088,8607.45614035088,566119411.242798,233745.537488707,202107090440
566,28584,927,11,12910,Swansboro,"",718.048024786987,7180.48024786987,870417864.570801,630505.524420815,202107090440
567,28585,349,8,4170,Trenton,"",836.930455635492,8369.30455635492,5857263271.9624,616313.550954669,202107090440
568,28586,1250,9,8427,Vanceboro,"",1483.32740002373,14833.2740002373,3798727344.79224,393188.365406213,202107090440
569,28590,2998,15,26551,Winterville,"",1129.14767805356,11291.4767805356,1153236268.85608,260797.112041444,202107090440
570,28594,296,4,3678,Emerald Isle,"",804.785209352909,8047.85209352909,161880563.377441,206007.39513627,202107090440
571,28601,6449,103,49848,Hickory,"",1293.73294816241,12937.3294816241,1378207425.05768,365850.750506082,202107090440
572,28602,3630,79,31218,Hickory,"",1162.79069767442,11627.9069767442,1938678919.97003,319569.803956005,202107090440
573,28604,545,3,6449,Banner Elk,"",845.092262366258,8450.92262366258,1915326545.24634,325836.980718489,202107090440
574,28605,294,4,4143,Blowing Rock,"",709.630702389573,7096.30702389573,895784503.144714,248689.345104092,202107090440
575,28606,205,1,2367,Boomer,"",866.075200675961,8660.75200675961,1247639586.18042,214129.251492026,202107090440
576,28607,3242,21,37481,Boone,"",864.971585603372,8649.71585603372,2776057252.95807,555835.87368089,202107090440
577,28609,627,11,6457,Catawba,"",971.039182282794,9710.39182282794,1341728385.28827,281255.134101197,202107090440
578,28610,1189,12,10238,Claremont,"",1161.3596405548,11613.596405548,1121879522.66571,308096.881521473,202107090440
579,28612,1520,41,14906,Connelly Springs,"",1019.7236012344,10197.236012344,2400642845.42798,441028.943696581,202107090440
580,28613,3116,53,25216,Conover,"",1235.72335025381,12357.2335025381,1220326345.78546,362168.639637895,202107090440
581,28615,115,1,1883,Creston,"",610.727562400425,6107.27562400425,1868599532.61511,272770.247470023,202107090440
582,28617,214,3,2451,Crumpler,"",873.113015095879,8731.13015095879,986888820.641235,263906.737953269,202107090440
583,28618,184,2,2480,Deep Gap,"",741.935483870968,7419.35483870968,1010729766.2395,224128.286954044,202107090440
584,28621,1283,34,10400,Elkin,"",1233.65384615385,12336.5384615385,1827310682.30029,492431.108964796,202107090440
585,28622,238,0,2638,Elk Park,"",902.198635329795,9021.98635329795,922706854.79248,228052.883765708,202107090440
586,28623,172,0,1716,Ennice,"",1002.331002331,10023.31002331,790959225.749146,176648.995975267,202107090440
587,28624,145,3,1893,Ferguson,"",765.979926043318,7659.79926043318,1893859856.27216,280305.359064925,202107090440
588,28625,4128,87,38862,Statesville,"",1062.22016365601,10622.2016365601,5528677082.18164,627405.10903711,202107090440
589,28626,164,1,3001,Fleetwood,"",546.484505164945,5464.84505164945,819063990.876587,148645.734339712,202107090440
590,28627,89,0,1534,Glade Valley,"",580.182529335072,5801.82529335072,929851696.585571,229623.659776181,202107090440
591,28630,2440,30,20369,Granite Falls,"",1197.89876773528,11978.9876773528,1749206123.14734,364175.180926025,202107090440
592,28631,67,0,536,Grassy Creek,"",1250,12500,666742006.060913,167245.211138671,202107090440
593,28634,514,7,5269,Harmony,"",975.517175934712,9755.17175934712,1708637469.52393,380041.00063272,202107090440
594,28635,355,4,4032,Hays,"",880.456349206349,8804.56349206349,1589254753.84888,282956.554467362,202107090440
595,28636,573,13,5186,Hiddenite,"",1104.89780177401,11048.9780177401,1563401720.00476,343683.132287545,202107090440
596,28637,307,5,1583,Hildebran,"",1939.35565382186,19393.5565382186,75804105.8025513,39679.7431148789,202107090440
597,28638,1452,7,12560,Hudson,"",1156.05095541401,11560.5095541401,586195125.955933,179942.259882133,202107090440
598,28640,536,19,4805,Jefferson,"",1115.50468262227,11155.0468262227,1056537388.6748,302637.68949569,202107090440
599,28642,557,6,5578,Jonesville,"",998.565794191466,9985.65794191467,922184812.2677,173376.666314256,202107090440
600,28643,239,5,3443,Lansing,"",694.162067963985,6941.62067963985,2044042930.41492,275858.107391137,202107090440
601,28644,97,0,1570,Laurel Springs,"",617.834394904459,6178.34394904459,2045165288.09131,297831.475142139,202107090440
602,28645,5216,74,47621,Lenoir,"",1095.31509208122,10953.1509208122,9179149391.98291,930216.037146458,202107090440
603,28649,94,1,1034,Mc Grady,"",909.090909090909,9090.90909090909,1036137984.80469,190682.670149615,202107090440
604,28650,1520,15,13374,Maiden,"",1136.53357260356,11365.3357260356,1278104496.07623,377336.649296681,202107090440
605,28651,666,10,6653,Millers Creek,"",1001.05215692169,10010.5215692169,2065649255.9353,349078.290644553,202107090440
606,28654,335,4,3800,Moravian Falls,"",881.578947368421,8815.78947368421,1821577421.53857,295573.209104024,202107090440
607,28655,5975,80,58249,Morganton,"",1025.76868272417,10257.6868272417,9153179930.14331,677983.745386267,202107090440
608,28657,935,14,9610,Newland,"",972.944849115505,9729.44849115505,3935578521.47217,457051.359413869,202107090440
609,28658,3535,44,25858,Newton,"",1367.08175419599,13670.8175419599,2022657893.02307,451555.722478837,202107090440
610,28659,2333,45,21013,North Wilkesboro,"",1110.26507400181,11102.6507400181,2817470108.66394,743040.466864702,202107090440
611,28660,221,2,2336,Olin,"",946.061643835616,9460.61643835616,892135691.594116,224297.744075571,202107090440
612,28665,242,3,2986,Purlear,"",810.448760884126,8104.48760884126,1778038258.60608,240271.301413849,202107090440
613,28668,22,0,39,Roaring Gap,"",5641.02564102564,56410.2564102564,150579895.761963,97868.8716295681,202107090440
614,28669,246,1,3133,Roaring River,"",785.189913820619,7851.89913820619,1299426384.18799,252536.432806368,202107090440
615,28670,269,4,3183,Ronda,"",845.114671693371,8451.14671693371,1123975912.01135,257469.478215133,202107090440
616,28673,616,5,6621,Sherrills Ford,"",930.373055429693,9303.73055429693,852092289.759583,248402.605359209,202107090440
617,28675,709,5,6805,Sparta,"",1041.88096987509,10418.8096987509,2977111225.9541,397880.21838125,202107090440
618,28676,351,3,3444,State Road,"",1019.1637630662,10191.637630662,830902972.436646,197653.666386266,202107090440
619,28677,3983,60,35614,Statesville,"",1118.38041219745,11183.8041219745,2372250827.99042,364916.143502524,202107090440
620,28678,489,3,5252,Stony Point,"",931.073876618431,9310.73876618431,1249807753.12482,237772.476162198,202107090440
621,28679,116,2,2122,Sugar Grove,"",546.654099905749,5466.54099905749,636943392.934937,227619.317646308,202107090440
622,28681,3212,64,26959,Taylorsville,"",1191.43885158945,11914.3885158945,4726487412.65814,412700.759417833,202107090440
623,28682,113,1,1099,Terrell,"",1028.20746132848,10282.0746132848,164657442.78833,108427.066369374,202107090440
624,28683,144,2,1934,Thurmond,"",744.570837642192,7445.70837642192,988749233.112671,203358.60410099,202107090440
625,28684,110,1,2175,Todd,"",505.747126436782,5057.47126436782,1383524229.94177,292392.138653963,202107090440
626,28685,157,0,1908,Traphill,"",822.851153039832,8228.51153039832,1296786088.98804,215086.939280452,202107090440
627,28689,180,0,1662,Union Grove,"",1083.03249097473,10830.3249097473,1218398001.86389,304792.24772459,202107090440
628,28690,949,15,9427,Valdese,"",1006.68293200382,10066.8293200382,668624773.04187,213466.610171622,202107090440
629,28692,292,1,4504,Vilas,"",648.312611012433,6483.12611012433,1091553223.68976,286379.955820553,202107090440
630,28693,133,1,1693,Warrensville,"",785.587714116952,7855.87714116952,621923811.260986,170328.387778476,202107090440
631,28694,679,15,8033,West Jefferson,"",845.263288933151,8452.63288933151,2188720146.69934,416426.801998168,202107090440
632,28697,1420,32,13376,Wilkesboro,"",1061.6028708134,10616.028708134,1810927272.521,565265.362104433,202107090440
633,28701,316,3,4830,Alexander,"",654.244306418219,6542.44306418219,557040025.003723,178622.867954755,202107090440
634,28702,15,0,704,Almond,"",213.068181818182,2130.68181818182,749571990.457794,168899.042279792,202107090440
635,28704,1952,22,21728,Arden,"",898.379970544919,8983.79970544919,1481682958.97644,329012.999643476,202107090440
636,28705,483,1,7168,Bakersville,"",673.828125,6738.28125,3538838336.04175,376028.663142582,202107090440
637,28711,873,31,15250,Black Mountain,"",572.459016393443,5724.59016393443,2289646423.50623,432841.10713665,202107090440
638,28712,1379,26,19644,Brevard,"",701.995520260639,7019.95520260639,3743370041.24365,607196.289251344,202107090440
639,28713,614,12,9333,Bryson City,"",657.880638594236,6578.80638594236,7085157294.99072,658029.652447302,202107090440
640,28714,1453,27,17066,Burnsville,"",851.400445329896,8514.00445329896,7287599937.88281,538818.932986382,202107090440
641,28715,1905,23,27289,Candler,"",698.083476858808,6980.83476858808,1975153881.5733,274379.594297132,202107090440
642,28716,1353,44,18650,Canton,"",725.469168900804,7254.69168900804,4450693739.33826,450946.985814241,202107090440
643,28718,31,0,607,Cedar Mountain,"",510.708401976936,5107.08401976936,604740430.192017,157079.894608512,202107090440
644,28719,1068,10,6945,Cherokee,"",1537.7969762419,15377.969762419,6313532001.74988,506970.161305604,202107090440
645,28721,760,10,10866,Clyde,"",699.429412847414,6994.29412847414,3262240884.20239,451646.750156333,202107090440
646,28722,524,10,6854,Columbus,"",764.517070323898,7645.17070323899,1330435890.70984,371441.890606651,202107090440
647,28723,959,0,11678,Cullowhee,"",821.202260661072,8212.02260661072,2829089767.59064,521400.904374382,202107090440
648,28726,359,4,3477,East Flat Rock,"",1032.49928098936,10324.9928098936,62782212.3257446,52681.8363735949,202107090440
649,28729,285,1,2978,Etowah,"",957.018132975151,9570.18132975151,115914409.369507,74718.0620947517,202107090440
650,28730,556,9,10068,Fairview,"",552.244735796583,5522.44735796583,1334723772.69336,277836.650121475,202107090440
651,28731,900,15,9271,Flat Rock,"",970.769064825801,9707.69064825801,910498937.374664,308715.430561088,202107090440
652,28732,1424,8,18899,Fletcher,"",753.479020053971,7534.79020053971,1163648233.76184,268599.174805656,202107090440
653,28734,2495,32,28423,Franklin,"",877.810224114274,8778.10224114274,8413329787.90622,680710.034553254,202107090440
654,28736,49,0,740,Glenville,"",662.162162162162,6621.62162162162,845894035.551971,243241.394198335,202107090440
655,28739,1488,24,21994,Hendersonville,"",676.548149495317,6765.48149495317,1809199500.98254,354883.696935043,202107090440
656,28740,162,0,2123,Green Mountain,"",763.071125765426,7630.71125765426,2560353451.70599,391601.88482291,202107090440
657,28741,274,5,3135,Highlands,"",874.003189792664,8740.03189792664,2488322100.83908,291652.561708351,202107090440
658,28742,217,4,2834,Horse Shoe,"",765.702187720536,7657.02187720536,759756422.807678,323788.261855291,202107090440
659,28745,58,0,598,Lake Junaluska,"",969.899665551839,9698.99665551839,24208240.7459412,20619.3143809221,202107090440
660,28746,178,4,2583,Lake Lure,"",689.121176926055,6891.21176926055,1635267198.94843,301403.103342596,202107090440
661,28747,103,2,2517,Lake Toxaway,"",409.217322208979,4092.17322208979,1644170650.80768,278687.825520297,202107090440
662,28748,819,11,12684,Leicester,"",645.695364238411,6456.95364238411,2568900770.12885,433742.542694055,202107090440
663,28751,271,6,3738,Maggie Valley,"",724.986623863028,7249.86623863028,1196971956.93442,252655.252396679,202107090440
664,28752,3561,39,31501,Marion,"",1130.44030348243,11304.4030348243,6843838240.70496,729852.019397462,202107090440
665,28753,797,18,12286,Marshall,"",648.705844050138,6487.05844050138,7221367422.4903,582321.875436496,202107090440
666,28754,699,23,8823,Mars Hill,"",792.247534852091,7922.47534852091,2532637146.55933,336365.654274913,202107090440
667,28756,314,3,4770,Mill Spring,"",658.280922431866,6582.80922431866,2319967191.40479,359387.276461913,202107090440
668,28759,626,7,7867,Mills River,"",795.72899453413,7957.2899453413,710290580.507599,219074.688607406,202107090440
669,28761,993,17,8493,Nebo,"",1169.19816319322,11691.9816319322,3254647047.74689,448908.605974669,202107090440
670,28762,670,5,7603,Old Fort,"",881.231092989609,8812.31092989609,2996741187.4848,387268.208256283,202107090440
671,28763,186,2,2864,Otto,"",649.441340782123,6494.41340782123,1145043002.66425,202810.842815888,202107090440
672,28766,143,1,1526,Penrose,"",937.090432503277,9370.90432503277,159626292.482056,88900.5625977206,202107090440
673,28768,518,3,7895,Pisgah Forest,"",656.111462951235,6561.11462951235,2244655883.74216,321689.536597621,202107090440
674,28771,643,13,8212,Robbinsville,"",783.00048709206,7830.0048709206,9086438704.3884,732920.807564289,202107090440
675,28773,273,6,3508,Saluda,"",778.221208665907,7782.21208665907,1396855034.24573,267712.497423626,202107090440
676,28775,30,2,493,Scaly Mountain,"",608.519269776876,6085.19269776876,456631744.06662,130336.94180952,202107090440
677,28777,1516,17,10391,Spruce Pine,"",1458.95486478683,14589.5486478683,1968811938.32007,332780.684408785,202107090440
678,28778,723,8,10803,Swannanoa,"",669.25853929464,6692.5853929464,692162823.950317,188030.795128165,202107090440
679,28779,1353,40,17610,Sylva,"",768.313458262351,7683.13458262351,3287520334.70795,472387.421611018,202107090440
680,28782,398,9,6512,Tryon,"",611.179361179361,6111.79361179361,1239852111.02036,390005.579825198,202107090440
681,28783,106,3,1905,Tuckasegee,"",556.430446194226,5564.30446194226,2507065764.50815,412465.098737654,202107090440
682,28785,427,3,8309,Waynesville,"",513.900589721988,5139.00589721988,4680111391.07288,434987.630089387,202107090440
683,28786,1483,33,21837,Waynesville,"",679.122590099373,6791.22590099373,2130537927.5513,319219.020654079,202107090440
684,28787,1501,26,20681,Weaverville,"",725.786954209177,7257.86954209177,2146776657.76654,337936.038355962,202107090440
685,28789,386,4,6551,Whittier,"",589.223019386353,5892.23019386353,1731085189.80936,281392.474737519,202107090440
686,28790,312,3,3775,Zirconia,"",826.490066225166,8264.90066225166,1184634316.47168,272368.233599775,202107090440
687,28791,1276,29,15811,Hendersonville,"",807.033078236671,8070.33078236671,466838231.125,123544.27336528,202107090440
688,28792,3425,70,37949,Hendersonville,"",902.527075812274,9025.27075812274,2892120004.20319,483608.715059927,202107090440
689,28801,925,21,16782,Asheville,"",551.18579430342,5511.8579430342,142991050.123962,66531.4000304091,202107090440
690,28803,2209,53,34731,Asheville,"",636.031211309781,6360.31211309781,1148499781.62708,221583.067984848,202107090440
691,28804,1366,21,23302,Asheville,"",586.215775469917,5862.15775469917,818376430.368896,216401.982596761,202107090440
692,28805,1029,21,20394,Asheville,"",504.56016475434,5045.6016475434,743578799.615234,203043.782551956,202107090440
693,28806,3150,59,43841,Asheville,"",718.505508542232,7185.05508542232,1123591112.45288,297671.815966071,202107090440
694,28901,535,8,6039,Andrews,"",885.908262957443,8859.08262957443,1881090750.42804,271571.032581688,202107090440
695,28902,96,1,1562,Brasstown,"",614.596670934699,6145.96670934699,645585335.657318,162521.113458697,202107090440
696,28904,755,18,9535,Hayesville,"",791.819611955952,7918.19611955952,5317145252.91805,403950.005454209,202107090440
697,28905,274,4,3548,Marble,"",772.266065388952,7722.66065388952,1058320723.96715,269002.244098821,202107090440
698,28906,1709,25,20296,Murphy,"",842.037839968467,8420.37839968467,9849733400.34212,586826.324547444,202107090440
699,28909,55,0,1068,Warne,"",514.98127340824,5149.8127340824,269492752.319427,107722.293423693,202107090440
700,27533,455,3,0,"","",,,18055719.4014893,15817.3715737294,202107090440
701,27340,,,34,Saxapahaw,Population <500 and Cases <5,,,694758.987792969,3852.87240074502,202107090440
702,27411,169,0,847,Greensboro,"",1995.2774498229,19952.774498229,713742.998291016,5860.23208289576,202107090440
703,27412,28,0,1886,Greensboro,"",148.462354188759,1484.62354188759,4771290.83532715,13054.7888333439,202107090440
704,27498,,,13,Greensboro,Population <500 and Cases <5,,,3369264.12316895,7774.18760349114,202107090440
705,27599,18,0,0,Chapel Hill,"",,,4275416.30163574,15555.1510255833,202107090440
706,27706,,,10,Durham,Population <500 and Cases <5,,,1281872.18347168,6816.757693542,202107090440
707,27711,,,62,Durham,Population <500 and Cases <5,,,11690491.0200195,25227.7794868175,202107090440
708,27810,352,6,4224,Belhaven,"",833.333333333333,8333.33333333333,5320714553.85889,863428.562860575,202107090440
709,27821,25,0,343,Edward,"",728.862973760933,7288.62973760933,180879118.265869,102716.617789089,202107090440
710,27824,99,0,1540,Engelhard,"",642.857142857143,6428.57142857143,5755622445.56714,766498.765242208,202107090440
711,27826,75,2,1245,Fairfield,"",602.409638554217,6024.09638554217,5502010014.61365,681909.128335756,202107090440
712,27841,8,1,84,Hassell,"",952.380952380952,9523.80952380952,5972995.94189453,12505.2057352129,202107090440
713,27872,26,1,429,Roxobel,"",606.060606060606,6060.60606060606,78668396.3901367,60062.9164687203,202107090440
714,27875,54,2,511,Scranton,"",1056.75146771037,10567.5146771037,1462926064.75208,668994.049821798,202107090440
715,27881,,,323,Speed,Population <500 and Cases <5,,,45624486.2655029,35379.3892263349,202107090440
716,27919,80,1,1211,Belvidere,"",660.611065235343,6606.11065235343,1805677755.21484,260299.205087965,202107090440
717,27920,65,0,1415,Buxton,"",459.363957597173,4593.63957597173,251417477.481567,169552.58818934,202107090440
718,27921,350,5,5366,Camden,"",652.254938501677,6522.54938501677,2216306760.15601,371309.805402765,202107090440
719,27923,39,0,990,Coinjock,"",393.939393939394,3939.39393939394,442853112.258789,222994.427279021,202107090440
720,27936,25,1,961,Frisco,"",260.145681581686,2601.45681581686,134638106.065186,108288.074251882,202107090440
721,27939,152,1,3370,Grandy,"",451.038575667656,4510.38575667656,296874050.40332,237784.484514939,202107090440
722,27941,35,0,670,Harbinger,"",522.388059701492,5223.88059701493,66348159.842041,42125.3614314887,202107090440
723,27943,16,0,491,Hatteras,"",325.865580448065,3258.65580448065,82146889.1915283,162150.406610954,202107090440
724,27947,48,1,845,Jarvisburg,"",568.047337278107,5680.47337278106,181991023.044922,117825.87149715,202107090440
725,27953,80,0,992,Manns Harbor,"",806.451612903226,8064.51612903226,4841742826.08521,775886.839802653,202107090440
726,27954,476,2,6405,Manteo,"",743.169398907104,7431.69398907104,346159524.466309,171104.045001834,202107090440
727,27956,13,0,328,Maple,"",396.341463414634,3963.41463414634,91616147.3259277,62675.9008746753,202107090440
728,27960,97,0,899,Ocracoke,"",1078.9766407119,10789.766407119,272996211.932129,221416.979930584,202107090440
729,27964,18,0,653,Point Harbor,"",275.650842266462,2756.50842266462,40700993.1791992,29044.1496807834,202107090440
730,27965,26,0,611,Poplar Branch,"",425.531914893617,4255.31914893617,362463348.010742,286670.577035681,202107090440
731,27972,,,196,Salvo,Population <500 and Cases <5,,,25839959.5158691,77591.8753697891,202107090440
732,27973,89,0,1493,Shawboro,"",596.115204286671,5961.15204286671,1350823542.63281,279776.313560853,202107090440
733,27974,75,0,1375,Shiloh,"",545.454545454545,5454.54545454545,1282875105.52026,448552.234751615,202107090440
734,27978,11,0,221,Stumpy Point,"",497.737556561086,4977.37556561086,3250437066.68713,488663.160212976,202107090440
735,27980,219,6,2075,Tyner,"",1055.42168674699,10554.2168674699,1319096560.03711,208839.628959427,202107090440
736,27981,127,1,1863,Wanchese,"",681.696188942566,6816.96188942566,183167116.380371,177755.254740471,202107090440
737,28077,41,0,557,High Shoals,"",736.086175942549,7360.86175942549,25098303.871521,27989.3633622467,202107090440
738,28101,82,2,465,Mc Adenville,"",1763.44086021505,17634.4086021505,12210373.4969482,19058.3264759027,202107090440
739,28223,22,0,2941,Charlotte,"",74.8044882692962,748.044882692962,16745950.1914673,34959.7943637767,202107090440
740,28308,13,0,737,Pope Army Airfield,"",176.390773405699,1763.90773405699,90374263.7665405,45243.1542141805,202107090440
741,28375,18,0,155,Proctorville,"",1161.29032258065,11612.9032258065,16154829.5779114,21293.1141646593,202107090440
742,28519,51,1,328,Bridgeton,"",1554.87804878049,15548.7804878049,3782179.40026855,11964.2990373982,202107090440
743,28520,14,0,352,Cedar Island,"",397.727272727273,3977.27272727273,633116579.775757,427477.052966737,202107090440
744,28524,33,1,443,Davis,"",744.920993227991,7449.20993227991,547256692.822876,860357.358716607,202107090440
745,28527,116,2,905,Ernul,"",1281.76795580111,12817.6795580111,1145978492.04919,209684.397786102,202107090440
746,28528,34,0,640,Gloucester,"",531.25,5312.5,74196560.923584,79933.9347539672,202107090440
747,28533,97,0,0,Cherry Point,"",,,253735788.170532,192645.367219711,202107090440
748,28537,11,0,186,Hobucken,"",591.397849462366,5913.97849462366,891999129.25647,352204.851723086,202107090440
749,28544,464,7,5607,Midway Park,"",827.537007312288,8275.37007312288,155759986.503357,92182.0384683424,202107090440
750,28545,193,0,4010,Mccutcheon Field,"",481.296758104738,4812.96758104738,145247654.855835,101700.276162633,202107090440
751,28552,6,0,131,Lowland,"",458.015267175573,4580.15267175573,211084218.553589,104037.967496467,202107090440
752,28556,55,1,1150,Merritt,"",478.260869565217,4782.60869565217,1139666751.30212,394317.853497314,202107090440
753,28561,33,1,0,New Bern,"",,,195198.709350586,2618.49962886206,202107090440
754,28579,34,0,798,Smyrna,"",426.065162907268,4260.65162907268,633080494.557556,233023.142000653,202107090440
755,28581,17,1,224,Stacy,"",758.928571428571,7589.28571428571,2404669972.88318,703346.462367876,202107090440
756,28583,14,1,0,Stonewall,"",,,596710.740722656,3607.20989795631,202107090440
757,28587,33,1,324,Vandemere,"",1018.51851851852,10185.1851851852,250612018.426636,182903.197478108,202107090440
758,28611,71,0,978,Collettsville,"",725.971370143149,7259.71370143149,2483135872.03735,419111.187381629,202107090440
759,28629,10,0,63,Glendale Springs,"",1587.30158730159,15873.0158730159,18113919.8492432,19773.9407564207,202107090440
760,28646,74,1,463,Linville,"",1598.27213822894,15982.7213822894,440709602.757813,156576.175660301,202107090440
761,28663,42,0,715,Piney Creek,"",587.412587412587,5874.12587412587,577849850.650269,137228.322788793,202107090440
762,28667,52,2,105,Rhodhiss,"",4952.38095238095,49523.8095238095,1309548.80932617,6065.66147149414,202107090440
763,28672,6,0,35,Scottville,"",1714.28571428571,17142.8571428571,62555584.7313232,47932.7256464108,202107090440
764,28698,155,1,1844,Zionville,"",840.56399132321,8405.6399132321,762471326.925049,227334.653867247,202107090440
765,28708,51,1,1340,Balsam Grove,"",380.597014925373,3805.97014925373,795626278.709686,241272.033803255,202107090440
766,28709,135,2,2308,Barnardsville,"",584.922010398614,5849.22010398613,1635213770.4093,231197.383485249,202107090440
767,28717,140,4,1471,Cashiers,"",951.733514615908,9517.33514615908,1160000231.10587,300525.403558473,202107090440
768,28720,6,0,35,Chimney Rock,"",1714.28571428571,17142.8571428571,47877696.5422974,47768.4833790312,202107090440
769,28725,22,0,36,Dillsboro,"",6111.11111111111,61111.1111111111,1395548.49920654,7541.63511359509,202107090440
770,28733,10,0,200,Fontana Dam,"",500,5000,498075903.916718,200917.740964481,202107090440
771,28735,9,0,294,Gerton,"",306.122448979592,3061.22448979592,137680777.623108,92735.3834552802,202107090440
772,28743,136,1,2422,Hot Springs,"",561.519405450041,5615.19405450041,2855463957.34918,351331.648547095,202107090440
773,28749,8,0,0,Little Switzerland,"",,,1713987.45050049,8852.52475284555,202107090440
774,28757,56,0,0,Montreat,"",,,129672.114624023,2617.87913210505,202107090440
775,28772,109,1,1942,Rosman,"",561.277033985582,5612.77033985582,577124059.134399,256613.212684218,202107090440
776,28774,80,1,1569,Sapphire,"",509.878903760357,5098.78903760357,1130246511.80005,224488.61951138,202107090440
777,28781,62,0,957,Topton,"",647.8578892372,6478.578892372,2402982140.90009,297913.620657844,202107090440
778,27969,,,0,Roduco,Population <500 and Cases <5,,,724387.010986328,3958.82496624679,202107090440
779,28253,,,0,Charlotte,Population <500 and Cases <5,,,133339.295837402,3050.2273713774,202107090440
780,28608,38,0,0,Boone,"",,,274774.708862305,3583.90419251761,202107090440
