OBJECTID,ZIPCode,Cases,Deaths,TotalPop,Place,Note,RatePer10K,RatePer100K,Shape__Area,Shape__Length,DataGatherTS
1,27006,2113,18,14872,Advance,"",1420.79074771382,14207.9074771382,1744189234.37061,355282.663136038,202112110740
2,27007,362,3,2136,Ararat,"",1694.75655430712,16947.5655430712,592499585.594238,195922.003442792,202112110740
3,27009,468,6,2937,Belews Creek,"",1593.46271705822,15934.6271705822,618093097.011353,191244.647442635,202112110740
4,27011,904,10,5411,Boonville,"",1670.67085566439,16706.7085566439,1489580093.86462,316910.589814884,202112110740
5,27012,4280,66,28954,Clemmons,"",1478.20681080334,14782.0681080334,1176567385.86804,255774.303165276,202112110740
6,27013,1089,13,6495,Cleveland,"",1676.67436489607,16766.7436489607,2066336247.98627,379169.285246239,202112110740
7,27014,184,6,957,Cooleemee,"",1922.6750261233,19226.750261233,21479098.032959,22299.1178929161,202112110740
8,27016,307,4,1682,Danbury,"",1825.20808561237,18252.0808561237,1068209590.0686,211061.413302457,202112110740
9,27017,1791,23,9499,Dobson,"",1885.46162753974,18854.6162753974,2962951682.04883,566348.974052303,202112110740
10,27018,1205,11,8221,East Bend,"",1465.75842354945,14657.5842354945,2331567909.96985,255811.974556888,202112110740
11,27019,572,4,4234,Germanton,"",1350.96835144072,13509.6835144072,977414017.819214,270248.259734795,202112110740
12,27020,1139,11,6104,Hamptonville,"",1865.98951507208,18659.8951507208,2114111622.36755,316969.486887135,202112110740
13,27021,2880,59,17979,King,"",1601.86884698815,16018.6884698815,1469376476.14172,210392.900707099,202112110740
14,27022,182,3,1512,Lawsonville,"",1203.7037037037,12037.037037037,918745327.278442,200803.000966771,202112110740
15,27023,1612,8,12775,Lewisville,"",1261.83953033268,12618.3953033268,807172159.002075,183078.980128526,202112110740
16,27024,459,4,2683,Lowgap,"",1710.77152441297,17107.7152441297,1265827411.39758,278411.484773322,202112110740
17,27025,1629,36,11117,Madison,"",1465.32337860934,14653.2337860934,2714649364.33142,468723.596670607,202112110740
18,27027,540,19,4017,Mayodan,"",1344.28678117998,13442.8678117999,548179131.574585,172371.363079245,202112110740
19,27028,4627,57,28039,Mocksville,"",1650.20150504654,16502.0150504654,5475621774.30664,567238.136149726,202112110740
20,27030,6991,152,37641,Mount Airy,"",1857.28328152812,18572.8328152812,4824085732.75671,624989.724929864,202112110740
21,27040,1637,13,13150,Pfafftown,"",1244.86692015209,12448.6692015209,763349953.536133,205025.773716105,202112110740
22,27041,1324,11,8020,Pilot Mountain,"",1650.87281795511,16508.7281795511,1629462738.40637,324677.141569035,202112110740
23,27042,98,2,720,Pine Hall,"",1361.11111111111,13611.1111111111,290758639.069458,113971.243586081,202112110740
24,27043,982,12,6442,Pinnacle,"",1524.37131325675,15243.7131325675,1935795027.06067,395674.180712495,202112110740
25,27045,1592,14,9583,Rural Hall,"",1661.27517478869,16612.7517478869,666085549.25769,154538.589918543,202112110740
26,27046,276,5,1953,Sandy Ridge,"",1413.21044546851,14132.1044546851,1237681699.0647,217125.573744555,202112110740
27,27047,193,2,1279,Siloam,"",1508.99139953088,15089.9139953088,576295820.815674,144984.839113672,202112110740
28,27048,1203,16,8902,Stoneville,"",1351.38171197484,13513.8171197484,2355000804.03674,325454.766660312,202112110740
29,27050,588,7,4084,Tobaccoville,"",1439.76493633692,14397.6493633692,703876500.567505,219088.1792708,202112110740
30,27051,1216,12,8287,Walkertown,"",1467.35851333414,14673.5851333414,524680317.775635,151066.808563308,202112110740
31,27052,1545,29,10061,Walnut Cove,"",1535.63264089057,15356.3264089057,2710320219.82117,403203.611044297,202112110740
32,27053,415,5,3156,Westfield,"",1314.9556400507,13149.556400507,2152815477.55933,413464.446930883,202112110740
33,27054,494,9,2608,Woodleaf,"",1894.1717791411,18941.717791411,778193820.583862,201172.963339102,202112110740
34,27055,2669,32,14521,Yadkinville,"",1838.0276840438,18380.276840438,3115987965.39453,403366.492297811,202112110740
35,27101,2780,52,24321,Winston Salem,"",1143.04510505325,11430.4510505325,356085731.400146,162957.922513792,202112110740
36,27103,4782,51,36071,Winston Salem,"",1325.71872141055,13257.1872141055,527249856.672729,146399.561156354,202112110740
37,27104,3665,45,29383,Winston Salem,"",1247.31987884151,12473.1987884151,337669863.683838,130394.134288752,202112110740
38,27105,6170,61,40186,Winston Salem,"",1535.360573334,15353.60573334,950547784.577881,208375.813794777,202112110740
39,27106,6274,67,51378,Winston Salem,"",1221.14523726108,12211.4523726108,787324720.967285,203893.681115083,202112110740
40,27107,7807,74,52432,Winston Salem,"",1488.97619774184,14889.7619774184,1859279716.41162,319111.813640457,202112110740
41,27127,5924,37,38510,Winston Salem,"",1538.30173980784,15383.0173980784,820319160.873047,213438.375685158,202112110740
42,27157,92,0,5,Winston Salem,"",,,827769.094482422,4216.57245655308,202112110740
43,27203,3874,62,21876,Asheboro,"",1770.89047357835,17708.9047357835,589408161.410522,188062.356665824,202112110740
44,27205,5620,60,34549,Asheboro,"",1626.67515702336,16266.7515702336,6255653514.79199,588011.232518038,202112110740
45,27207,515,2,3806,Bear Creek,"",1353.12664214398,13531.2664214398,2300194678.82397,473699.237818466,202112110740
46,27208,247,4,1691,Bennett,"",1460.67415730337,14606.7415730337,1029479783.1405,215638.108979383,202112110740
47,27209,913,44,4151,Biscoe,"",2199.47000722717,21994.7000722717,1198089302.20734,259108.004034657,202112110740
48,27212,425,1,1600,Blanch,"",2656.25,26562.5,1328181375.12305,277007.399750669,202112110740
49,27214,1661,17,11747,Browns Summit,"",1413.9780369456,14139.780369456,1414533235.94788,324969.09283087,202112110740
50,27215,7007,99,44892,Burlington,"",1560.85716831507,15608.5716831507,1827823774.30115,298200.358945539,202112110740
51,27217,7395,120,39111,Burlington,"",1890.77241696709,18907.7241696709,3473433663.33496,513818.514768521,202112110740
52,27229,737,18,4014,Candor,"",1836.07374190334,18360.7374190334,2747739848.89313,367384.611313313,202112110740
53,27231,183,1,2048,Cedar Grove,"",893.5546875,8935.546875,987771348.581177,209108.769362036,202112110740
54,27233,515,7,3647,Climax,"",1412.11955031533,14121.1955031533,703252829.253662,187154.002103637,202112110740
55,27235,639,14,4575,Colfax,"",1396.72131147541,13967.2131147541,380654027.583252,148521.339190304,202112110740
56,27239,1543,25,9629,Denton,"",1602.45092948385,16024.5092948385,4319759872.9696,429373.198159065,202112110740
57,27242,316,5,2668,Eagle Springs,"",1184.40779610195,11844.0779610195,1480408484.01825,321391.030328654,202112110740
58,27243,475,4,4665,Efland,"",1018.22079314041,10182.2079314041,1142332751.10315,311755.144165645,202112110740
59,27244,3086,29,16259,Elon,"",1898.02570883818,18980.2570883818,1541989025.453,399696.340130383,202112110740
60,27248,701,8,4835,Franklinville,"",1449.84488107549,14498.4488107549,942909114.352783,215710.992817748,202112110740
61,27249,1899,21,13355,Gibsonville,"",1421.93934855859,14219.3934855859,1679803774.77087,397477.611919869,202112110740
62,27252,202,3,2264,Goldston,"",892.226148409894,8922.26148409894,1142470673.17163,220926.147155477,202112110740
63,27253,5426,73,31464,Graham,"",1724.51055174167,17245.1055174167,2351372927.78931,521476.969804175,202112110740
64,27258,1091,11,7740,Haw River,"",1409.56072351421,14095.6072351421,473631125.268677,312686.877842212,202112110740
65,27260,3416,57,25696,High Point,"",1329.3897882939,13293.897882939,348441568.963501,133229.878739789,202112110740
66,27262,3154,73,24764,High Point,"",1273.62300113067,12736.2300113067,368730084.700928,171087.864383377,202112110740
67,27263,3249,55,22320,High Point,"",1455.64516129032,14556.4516129032,1121512604.52234,249658.228757679,202112110740
68,27265,6740,82,50038,High Point,"",1346.97629801351,13469.7629801351,1172957282.41284,307481.490778656,202112110740
69,27268,340,0,1695,High Point,"",2005.89970501475,20058.9970501475,2495618.64758301,8251.66869064816,202112110740
70,27278,2574,25,27181,Hillsborough,"",946.98502630514,9469.8502630514,2885765742.02771,502574.675043234,202112110740
71,27281,416,4,3710,Jackson Springs,"",1121.29380053908,11212.9380053908,2095606802.2608,479969.724586593,202112110740
72,27282,2111,30,16597,Jamestown,"",1271.9166114358,12719.166114358,404066994.873657,168803.970950205,202112110740
73,27283,457,5,2982,Julian,"",1532.52850435949,15325.2850435949,711286368.914917,161239.518798817,202112110740
74,27284,8262,113,56201,Kernersville,"",1470.08060354798,14700.8060354798,2233069317.10205,420748.080109326,202112110740
75,27288,3556,70,23585,Eden,"",1507.73796904812,15077.3796904812,1951079100.05676,304615.616752016,202112110740
76,27291,199,1,1538,Leasburg,"",1293.88816644993,12938.8816644993,1492904663.44434,314720.3653191,202112110740
77,27292,6572,67,41465,Lexington,"",1584.95116363198,15849.5116363198,4270233445.18579,407599.915340798,202112110740
78,27295,6700,82,39191,Lexington,"",1709.57617820418,17095.7617820418,3631502180.53174,466742.919509857,202112110740
79,27298,1492,16,10440,Liberty,"",1429.11877394636,14291.1877394636,2639148530.03284,431527.987760386,202112110740
80,27299,1040,11,5254,Linwood,"",1979.44423296536,19794.4423296536,822543412.257813,203597.604040364,202112110740
81,27301,1644,24,10019,Mc Leansville,"",1640.88232358519,16408.8232358519,900133716.655151,287107.537324028,202112110740
82,27302,4301,29,32302,Mebane,"",1331.4965017646,13314.965017646,3198656461.27478,644303.594275321,202112110740
83,27305,222,1,1585,Milton,"",1400.6309148265,14006.309148265,687167820.539429,263836.485514183,202112110740
84,27306,1055,22,5945,Mount Gilead,"",1774.60050462574,17746.0050462574,5305900334.83325,426306.558627535,202112110740
85,27310,1023,5,8562,Oak Ridge,"",1194.8142957253,11948.142957253,526240082.103149,140986.043049622,202112110740
86,27311,478,6,3220,Pelham,"",1484.47204968944,14844.7204968944,1338371966.32642,293760.993606137,202112110740
87,27312,1594,28,22205,Pittsboro,"",717.856338662463,7178.56338662463,5005768374.64233,617961.777569282,202112110740
88,27313,893,27,7288,Pleasant Garden,"",1225.30186608123,12253.0186608123,760352714.59021,181619.740165306,202112110740
89,27314,119,1,1138,Prospect Hill,"",1045.69420035149,10456.9420035149,773578280.842896,162162.976448062,202112110740
90,27315,214,1,2140,Providence,"",1000,10000,697810511.310425,179457.95829655,202112110740
91,27316,1070,18,7156,Ramseur,"",1495.24874231414,14952.4874231414,1975410509.03577,278228.393914437,202112110740
92,27317,2937,38,17851,Randleman,"",1645.28597837656,16452.8597837656,1700826686.43616,339539.515262609,202112110740
93,27320,5607,70,38894,Reidsville,"",1441.61053118733,14416.1053118733,6966725984.64832,658218.836963247,202112110740
94,27325,1132,15,7676,Robbins,"",1474.72642001042,14747.2642001042,2401051783.47894,409075.895347678,202112110740
95,27326,576,3,3692,Ruffin,"",1560.13001083424,15601.3001083424,1884156536.74561,359587.547530237,202112110740
96,27330,6329,72,39529,Sanford,"",1601.10298767993,16011.0298767993,6011213414.18433,528161.840140258,202112110740
97,27332,4784,44,33549,Sanford,"",1425.97394855286,14259.7394855286,2996782209.29614,417113.1648361,202112110740
98,27341,818,6,5820,Seagrove,"",1405.49828178694,14054.9828178694,2678433259.4787,311632.157547413,202112110740
99,27343,178,0,1840,Semora,"",967.391304347826,9673.91304347826,1390260353.39624,348769.311430722,202112110740
100,27344,2825,41,19290,Siler City,"",1464.48937273199,14644.8937273199,4591228058.44531,607903.308882545,202112110740
101,27349,950,7,5850,Snow Camp,"",1623.93162393162,16239.3162393162,1831279532.651,381750.490582419,202112110740
102,27350,1063,12,7508,Sophia,"",1415.8231220032,14158.231220032,1066449848.573,204602.636460839,202112110740
103,27355,376,2,3196,Staley,"",1176.47058823529,11764.7058823529,1016358702.6969,245160.332752788,202112110740
104,27356,509,8,3513,Star,"",1448.90407059493,14489.0407059493,1815293543.21783,348288.379855761,202112110740
105,27357,1442,24,8325,Stokesdale,"",1732.13213213213,17321.3213213213,1273124268.28796,223115.118835702,202112110740
106,27358,1752,10,15960,Summerfield,"",1097.74436090226,10977.4436090226,1557557662.14905,323017.176053331,202112110740
107,27360,7825,107,48331,Thomasville,"",1619.04367797066,16190.4367797066,2458732404.91687,372395.85217249,202112110740
108,27370,2516,48,14622,Trinity,"",1720.69484338668,17206.9484338668,1663817222.16028,344702.900725307,202112110740
109,27371,1280,17,7778,Troy,"",1645.66726664952,16456.6726664952,4076136455.00793,473833.643450898,202112110740
110,27376,1315,24,9884,West End,"",1330.43302306758,13304.3302306758,1781050002.06519,320932.333330313,202112110740
111,27377,1558,12,9597,Whitsett,"",1623.4239866625,16234.239866625,736936774.92627,183024.518653502,202112110740
112,27379,847,25,6057,Yanceyville,"",1398.3820373122,13983.820373122,2663338769.75159,422550.665080929,202112110740
113,27401,2827,35,20221,Greensboro,"",1398.05153058701,13980.5153058701,171748092.127686,100334.769337553,202112110740
114,27403,2218,25,21278,Greensboro,"",1042.39120218066,10423.9120218066,159396286.028687,87465.254538865,202112110740
115,27405,7357,71,52510,Greensboro,"",1401.06646353076,14010.6646353076,886695637.391357,284328.52642169,202112110740
116,27406,8474,141,60755,Greensboro,"",1394.7823224426,13947.823224426,1894160074.00403,327705.317343954,202112110740
117,27407,6566,86,49837,Greensboro,"",1317.49503381022,13174.9503381022,840498790.451172,227731.576408349,202112110740
118,27408,1818,9,17406,Greensboro,"",1044.46742502585,10444.6742502585,221403500.549561,80148.1616765213,202112110740
119,27409,2257,21,17953,Greensboro,"",1257.17150336991,12571.7150336991,603872824.646484,239783.02449594,202112110740
120,27410,6045,62,56968,Greensboro,"",1061.12203342227,10611.2203342227,859363574.914917,272309.563854046,202112110740
121,27455,3542,75,29197,Greensboro,"",1213.13833613042,12131.3833613042,816075696.678345,198282.860420202,202112110740
122,27501,3290,30,21338,Angier,"",1541.85022026432,15418.5022026432,1683348454.90833,329143.189780915,202112110740
123,27502,4050,13,43747,Apex,"",925.777767618351,9257.77767618351,840126405.51062,242725.298081049,202112110740
124,27503,342,1,7222,Bahama,"",473.553032400997,4735.53032400997,1054708975.44934,246183.053747647,202112110740
125,27504,3161,35,16320,Benson,"",1936.88725490196,19368.8725490196,2584462015.08862,486262.181304732,202112110740
126,27505,989,18,7308,Broadway,"",1353.31143951834,13533.1143951834,1509842573.20557,320128.84050568,202112110740
127,27507,222,3,2053,Bullock,"",1081.3443740867,10813.443740867,1354883649.98218,266873.357504052,202112110740
128,27508,382,1,2340,Bunn,"",1632.47863247863,16324.7863247863,312599782.273071,114289.902416244,202112110740
129,27509,2161,39,6935,Butner,"",3116.07786589762,31160.7786589762,507253453.414795,156294.942704551,202112110740
130,27510,1117,8,14543,Carrboro,"",768.067111325036,7680.67111325036,88705554.5671387,57867.6032694508,202112110740
131,27511,3058,29,34041,Cary,"",898.328486237185,8983.28486237185,333520579.048462,98702.6527265332,202112110740
132,27513,3678,29,49003,Cary,"",750.566291859682,7505.66291859682,474399121.186279,162336.294574525,202112110740
133,27514,2559,24,32847,Chapel Hill,"",779.066581422961,7790.66581422961,579057212.663452,190879.985276748,202112110740
134,27516,3166,17,44117,Chapel Hill,"",717.63719201215,7176.3719201215,2564236091.9281,438904.079251582,202112110740
135,27517,1758,17,28831,Chapel Hill,"",609.760327425341,6097.60327425341,1520140847.99951,299162.993678502,202112110740
136,27518,1820,19,22765,Cary,"",799.472875027455,7994.72875027454,262665807.612671,130741.025823352,202112110740
137,27519,4160,11,59960,Cary,"",693.795863909273,6937.95863909273,609072010.422363,166930.324843009,202112110740
138,27520,7438,80,43958,Clayton,"",1692.06970289822,16920.6970289822,1962402119.35425,374945.851452288,202112110740
139,27521,1113,14,7149,Coats,"",1556.86109945447,15568.6109945447,721041350.168091,174373.299688565,202112110740
140,27522,1750,10,13652,Creedmoor,"",1281.86346322883,12818.6346322883,2172960809.67273,361578.814896965,202112110740
141,27523,1250,2,12782,Apex,"",977.937724925677,9779.37724925677,1210964088.06177,294058.887697932,202112110740
142,27524,2356,34,13532,Four Oaks,"",1741.05823233816,17410.5823233816,3831785222.9375,530912.577014992,202112110740
143,27525,2649,7,15534,Franklinton,"",1705.29161838548,17052.9161838548,2660281050.9928,421324.476104612,202112110740
144,27526,6898,68,54027,Fuquay Varina,"",1276.76902289596,12767.6902289596,2787678657.25134,460586.982042285,202112110740
145,27527,4677,20,30234,Clayton,"",1546.93391545942,15469.3391545942,1261348608.45837,213730.175971786,202112110740
146,27529,7991,89,53854,Garner,"",1483.82664240354,14838.2664240354,1666161335.17407,336033.618547781,202112110740
147,27530,5418,97,40212,Goldsboro,"",1347.35899731423,13473.5899731423,2920081393.96802,465673.796837526,202112110740
148,27531,39,0,666,Goldsboro,"",585.585585585586,5855.85585585586,123956304.007813,71472.4653387502,202112110740
149,27534,4469,94,31819,Goldsboro,"",1404.50674125522,14045.0674125522,1995982542.31616,394454.137280507,202112110740
150,27536,2781,50,16459,Henderson,"",1689.6530773437,16896.530773437,359552678.037964,148817.062353839,202112110740
151,27537,3779,47,25321,Henderson,"",1492.4371075392,14924.371075392,5545289733.50195,795404.906342347,202112110740
152,27539,2586,11,26567,Apex,"",973.388037791245,9733.88037791245,805959451.628174,335082.894750928,202112110740
153,27540,4672,14,39075,Holly Springs,"",1195.6493921945,11956.493921945,1299006108.57275,339054.617126206,202112110740
154,27541,539,3,4044,Hurdle Mills,"",1332.83877349159,13328.3877349159,1979862536.66309,328579.598479954,202112110740
155,27542,1436,22,10043,Kenly,"",1429.85163795679,14298.5163795679,2499059670.1123,366253.348192187,202112110740
156,27544,578,6,4291,Kittrell,"",1347.00536005593,13470.0536005593,1645813165.28467,322022.503716068,202112110740
157,27545,4938,44,30327,Knightdale,"",1628.25205262637,16282.5205262637,885541868.759766,219250.012614228,202112110740
158,27546,3543,90,22436,Lillington,"",1579.15849527545,15791.5849527545,3433026188.83105,510775.88711738,202112110740
159,27549,3452,40,25224,Louisburg,"",1368.53790041231,13685.3790041231,6636124442.18066,817297.028533168,202112110740
160,27551,178,3,2205,Macon,"",807.256235827664,8072.56235827664,2443966870.98499,402849.299843211,202112110740
161,27553,558,1,2030,Manson,"",2748.7684729064,27487.684729064,1245206626.07959,217969.561788749,202112110740
162,27556,37,0,298,Middleburg,"",1241.61073825503,12416.1073825503,67850312.0914307,63490.7222823736,202112110740
163,27557,1335,12,9214,Middlesex,"",1448.88213588018,14488.8213588018,2046463550.40088,338861.342265205,202112110740
164,27559,217,1,2874,Moncure,"",755.045233124565,7550.45233124565,1458825370.29968,366837.077035256,202112110740
165,27560,2858,16,33691,Morrisville,"",848.297764981746,8482.97764981746,794384947.373291,268297.11970144,202112110740
166,27562,408,1,2791,New Hill,"",1461.841633823,14618.41633823,1862081556.93738,349507.762295745,202112110740
167,27563,593,11,5312,Norlina,"",1116.34036144578,11163.4036144578,1943381370.69177,412640.540954252,202112110740
168,27565,3679,58,26057,Oxford,"",1411.90467052999,14119.0467052999,9219811779.9552,826827.222809143,202112110740
169,27569,1508,12,8984,Princeton,"",1678.53962600178,16785.3962600178,2107084820.73511,313917.550563748,202112110740
170,27571,1256,3,7385,Rolesville,"",1700.74475287745,17007.4475287745,149121249.193359,94251.9264704589,202112110740
171,27572,702,3,7316,Rougemont,"",959.540732640787,9595.40732640787,3003228111.9873,397658.617230022,202112110740
172,27573,1859,58,11561,Roxboro,"",1607.99238820171,16079.9238820171,501787874.430542,219611.309648668,202112110740
173,27574,1844,18,15232,Roxboro,"",1210.60924369748,12106.0924369748,5527133817.3114,691755.452465681,202112110740
174,27576,3138,33,20197,Selma,"",1553.69609347923,15536.9609347923,2407427117.65723,339571.106645256,202112110740
175,27577,4618,62,25214,Smithfield,"",1831.52217022289,18315.2217022289,2877290650.99841,416726.966278934,202112110740
176,27581,485,2,3956,Stem,"",1225.98584428716,12259.8584428716,1038615853.81189,246789.101888964,202112110740
177,27583,984,9,7012,Timberlake,"",1403.30861380491,14033.0861380491,1327957318.65857,326956.719649922,202112110740
178,27587,10939,62,74087,Wake Forest,"",1476.50734946752,14765.0734946752,3132804734.81897,700749.84181148,202112110740
179,27589,1031,14,8312,Warrenton,"",1240.37536092397,12403.7536092397,4790731000.68542,626837.217934377,202112110740
180,27591,4049,34,23448,Wendell,"",1726.79972705561,17267.9972705561,1913446220.02844,380727.392057269,202112110740
181,27592,2440,11,17368,Willow Spring,"",1404.88254260709,14048.8254260709,1090932847.86865,312475.180771682,202112110740
182,27596,2985,8,18655,Youngsville,"",1600.10720986331,16001.0720986331,1519151285.28821,344366.073155402,202112110740
183,27597,4791,31,25494,Zebulon,"",1879.26570957872,18792.6570957872,3191967656.80884,568385.679042478,202112110740
184,27601,1397,8,12139,Raleigh,"",1150.83614795288,11508.3614795288,49970514.2080078,41226.7428180514,202112110740
185,27603,7590,51,55479,Raleigh,"",1368.08522143514,13680.8522143514,1420350588.63403,346107.072534997,202112110740
186,27604,6567,55,47645,Raleigh,"",1378.31881624515,13783.1881624515,550434833.049927,194088.121184431,202112110740
187,27605,833,19,5253,Raleigh,"",1585.76051779935,15857.6051779935,26954475.7900391,26465.2700663817,202112110740
188,27606,5139,16,47938,Raleigh,"",1072.00967916893,10720.0967916893,750229681.939209,267151.497057326,202112110740
189,27607,2944,13,30296,Raleigh,"",971.745444943227,9717.45444943227,519162282.902344,200611.380547666,202112110740
190,27608,1410,3,11603,Raleigh,"",1215.2029647505,12152.029647505,91889809.9622803,55583.7467967219,202112110740
191,27609,4674,31,38631,Raleigh,"",1209.90914032772,12099.0914032772,310136046.756592,95880.1630267631,202112110740
192,27610,13014,102,74203,Raleigh,"",1753.83744592537,17538.3744592537,1211166911.84558,327751.489063643,202112110740
193,27612,4483,42,39208,Raleigh,"",1143.38910426444,11433.8910426444,428868509.332275,164483.082879678,202112110740
194,27613,4776,15,46521,Raleigh,"",1026.63313342362,10266.3313342362,675406849.409912,184431.643996557,202112110740
195,27614,4239,24,37689,Raleigh,"",1124.73135397596,11247.3135397596,829063194.918701,218912.319813944,202112110740
196,27615,5105,52,46038,Raleigh,"",1108.86658847039,11088.6658847039,525952454.993774,134192.839940925,202112110740
197,27616,8614,41,55260,Raleigh,"",1558.81288454578,15588.1288454578,646426991.218628,201092.505637391,202112110740
198,27617,2276,3,19511,Raleigh,"",1166.52144943878,11665.2144943878,230483847.672241,125016.743498848,202112110740
199,27701,3071,19,26489,Durham,"",1159.34916380384,11593.4916380384,147212202.097778,89264.6755119976,202112110740
200,27703,7915,39,61351,Durham,"",1290.11752049681,12901.1752049681,1376809528.09961,349864.156739062,202112110740
201,27704,5797,43,39369,Durham,"",1472.47834590668,14724.7834590668,1307759376.10449,279407.953507315,202112110740
202,27705,5091,87,48078,Durham,"",1058.90428054412,10589.0428054412,1155101566.94189,288440.086812307,202112110740
203,27707,5192,18,47036,Durham,"",1103.83536014967,11038.3536014967,551326002.510864,228660.826032165,202112110740
204,27708,460,0,4635,Durham,"",992.448759439051,9924.48759439051,24140532.868042,39624.2440738689,202112110740
205,27709,252,0,4,Durham,"",,,166810196.870483,93465.8554704914,202112110740
206,27710,9,0,0,Durham,"",,,3645590.83996582,9509.2112718363,202112110740
207,27712,2140,33,22055,Durham,"",970.301518929948,9703.01518929948,952678558.948486,239427.124284806,202112110740
208,27713,4934,31,53996,Durham,"",913.771390473368,9137.71390473368,1004016276.63342,186930.768828538,202112110740
209,27801,3128,30,21556,Rocky Mount,"",1451.10410094637,14511.0410094637,1947625744.14368,298032.749540483,202112110740
210,27803,3021,38,22337,Rocky Mount,"",1352.46452075032,13524.6452075032,1209689022.16736,314786.382274833,202112110740
211,27804,4552,97,29160,Rocky Mount,"",1561.04252400549,15610.4252400549,1207912397.80139,237805.719395059,202112110740
212,27805,372,5,3769,Aulander,"",986.9992040329,9869.992040329,3260348789.01416,427031.578041759,202112110740
213,27806,253,4,2441,Aurora,"",1036.46046702171,10364.6046702171,3806890944.80762,575449.481817414,202112110740
214,27807,1307,15,6940,Bailey,"",1883.28530259366,18832.8530259366,1393278091.89233,266050.599193056,202112110740
215,27808,317,7,2481,Bath,"",1277.71060056429,12777.1060056429,1375581489.5946,320371.987641635,202112110740
216,27809,679,11,5254,Battleboro,"",1292.34868671488,12923.4868671488,2127311815.53979,418206.140952668,202112110740
217,27812,393,2,2951,Bethel,"",1331.75194849204,13317.5194849204,1796512894.90283,307599.92172387,202112110740
218,27813,119,0,687,Black Creek,"",1732.16885007278,17321.6885007278,17954681.8726807,21851.3845296183,202112110740
219,27814,212,3,1801,Blounts Creek,"",1177.12382009994,11771.2382009994,2084052221.88855,349050.345630614,202112110740
220,27816,340,4,2634,Castalia,"",1290.81245254366,12908.1245254366,1727056405.90051,269780.663460197,202112110740
221,27817,1185,12,7777,Chocowinity,"",1523.72380095152,15237.2380095152,3011254799.10022,441922.251479678,202112110740
222,27818,158,1,1269,Como,"",1245.07486209614,12450.7486209614,1775223218.97412,291672.91933713,202112110740
223,27820,312,7,3292,Conway,"",947.75212636695,9477.5212636695,1787180209.86865,300570.413456991,202112110740
224,27822,1433,21,9119,Elm City,"",1571.44423730672,15714.4423730672,2421416079.34338,500329.938801195,202112110740
225,27823,1127,12,7812,Enfield,"",1442.6523297491,14426.523297491,5279947738.18738,591795.38238411,202112110740
226,27827,36,0,99,Falkland,"",3636.36363636364,36363.6363636364,6818760.54968262,12365.1347191574,202112110740
227,27828,1439,11,9031,Farmville,"",1593.40050935666,15934.0050935666,1954373169.79175,304535.643741104,202112110740
228,27829,282,1,1872,Fountain,"",1506.41025641026,15064.1025641026,1242859232.87109,276952.810668189,202112110740
229,27830,556,10,4858,Fremont,"",1144.50391107452,11445.0391107452,1661392631.86707,301522.072838785,202112110740
230,27831,470,10,3588,Garysburg,"",1309.92196209588,13099.2196209588,1733783751.73071,369102.732751728,202112110740
231,27832,445,8,2912,Gaston,"",1528.15934065934,15281.5934065934,1029571544.94922,217897.088475999,202112110740
232,27834,9852,58,57505,Greenville,"",1713.2423267542,17132.423267542,5082356628.8689,890421.476518531,202112110740
233,27837,1057,4,6506,Grimesland,"",1624.6541653858,16246.541653858,1710764546.60681,462288.004070908,202112110740
234,27839,423,5,3702,Halifax,"",1142.62560777958,11426.2560777958,3728459644.54443,454921.143892168,202112110740
235,27840,83,4,535,Hamilton,"",1551.40186915888,15514.0186915888,127567387.286499,59155.8177418193,202112110740
236,27842,104,0,1436,Henrico,"",724.233983286908,7242.33983286908,414285932.678223,116849.514846702,202112110740
237,27843,174,3,946,Hobgood,"",1839.32346723044,18393.2346723044,1458584246.23853,232329.162988765,202112110740
238,27844,452,7,3039,Hollister,"",1487.33135899967,14873.3135899967,1251113401.94934,274076.283965929,202112110740
239,27845,282,11,2841,Jackson,"",992.608236536431,9926.08236536431,2842001076.66528,416912.567186113,202112110740
240,27846,511,7,3069,Jamesville,"",1665.03747148908,16650.3747148908,3050744149.28796,442133.927899832,202112110740
241,27847,77,0,1071,Kelford,"",718.954248366013,7189.54248366013,1048559305.60547,265580.578438826,202112110740
242,27849,158,3,1483,Lewiston Woodville,"",1065.40795684423,10654.0795684423,2062202839.65674,367759.436044124,202112110740
243,27850,685,7,7413,Littleton,"",924.052340482935,9240.52340482935,5554617534.52942,570792.398502674,202112110740
244,27851,816,12,5595,Lucama,"",1458.44504021448,14584.4504021448,1253082833.57764,200836.347936783,202112110740
245,27852,428,4,3454,Macclesfield,"",1239.14302258251,12391.4302258251,1418996205.83582,268041.951522527,202112110740
246,27853,56,1,436,Margarettsville,"",1284.40366972477,12844.0366972477,1061331085.73535,233986.055045062,202112110740
247,27855,711,6,6105,Murfreesboro,"",1164.61916461916,11646.1916461916,1379257056.24951,246550.621363096,202112110740
248,27856,3189,40,17301,Nashville,"",1843.24605514132,18432.4605514132,3696764195.94336,508647.139191862,202112110740
249,27857,212,10,1601,Oak City,"",1324.17239225484,13241.7239225484,2180191629.70935,354763.313675516,202112110740
250,27858,9409,27,58170,Greenville,"",1617.5004297748,16175.004297748,1683129152.90881,395293.630437,202112110740
251,27860,305,4,2062,Pantego,"",1479.14645974782,14791.4645974782,4384086912.80859,475177.331131482,202112110740
252,27862,79,0,945,Pendleton,"",835.978835978836,8359.78835978836,1337735767.81812,305131.144563485,202112110740
253,27863,1838,29,12670,Pikeville,"",1450.67087608524,14506.7087608524,1822358483.62146,414140.550515842,202112110740
254,27864,798,9,4823,Pinetops,"",1654.57184325109,16545.7184325109,1058515929.69434,223861.53375515,202112110740
255,27865,347,9,2003,Pinetown,"",1732.40139790315,17324.0139790315,3183419700.15735,407140.115990912,202112110740
256,27866,110,2,672,Pleasant Hill,"",1636.90476190476,16369.0476190476,548856343.547363,183824.668332886,202112110740
257,27869,376,17,2167,Rich Square,"",1735.11767420397,17351.1767420397,2314340977.34839,283794.508144883,202112110740
258,27870,4403,80,26633,Roanoke Rapids,"",1653.21218037773,16532.1218037773,1958976214.39966,237465.130853914,202112110740
259,27871,636,11,4466,Robersonville,"",1424.09314823108,14240.9314823108,2640265625.23401,370404.169208956,202112110740
260,27874,610,12,4766,Scotland Neck,"",1279.89928661351,12798.9928661351,3988089594.78687,425091.541566969,202112110740
261,27876,166,4,1290,Seaboard,"",1286.82170542636,12868.2170542636,1161065802.28784,286123.221519332,202112110740
262,27880,547,2,3280,Sims,"",1667.68292682927,16676.8292682927,661768421.449585,178936.521495753,202112110740
263,27882,1308,15,7927,Spring Hope,"",1650.05676800807,16500.5676800807,2721376125.90833,404465.358087667,202112110740
264,27883,534,11,4361,Stantonsburg,"",1224.48979591837,12244.8979591837,2149873597.18677,378850.12800901,202112110740
265,27884,246,1,1545,Stokes,"",1592.23300970874,15922.3300970874,1118165618.53992,178810.199825373,202112110740
266,27885,324,5,859,Swanquarter,"",3771.82770663562,37718.2770663562,3236637890.30994,778832.459471454,202112110740
267,27886,3289,77,21595,Tarboro,"",1523.03774021764,15230.3774021764,5534275751.92761,530150.851444627,202112110740
268,27888,407,2,2803,Walstonburg,"",1452.015697467,14520.15697467,1661899290.0293,260588.447365408,202112110740
269,27889,4947,90,27543,Washington,"",1796.10064263152,17961.0064263152,4746901259.41052,624948.845007957,202112110740
270,27890,338,19,2398,Weldon,"",1409.50792326939,14095.0792326939,250295126.203369,88214.5142201126,202112110740
271,27891,698,11,5011,Whitakers,"",1392.93554180802,13929.3554180802,3802342458.24487,551887.618669608,202112110740
272,27892,2410,42,14363,Williamston,"",1677.92243960175,16779.2243960175,4740161664.64209,528153.604658044,202112110740
273,27893,6706,147,40647,Wilson,"",1649.81425443452,16498.1425443452,3134674028.43115,441390.734015219,202112110740
274,27896,3444,47,21212,Wilson,"",1623.6092777673,16236.092777673,1013992738.34033,260787.736893696,202112110740
275,27897,200,1,2467,Woodland,"",810.701256586948,8107.01256586948,1262848506.99878,250563.523857377,202112110740
276,27909,5518,109,40958,Elizabeth City,"",1347.23375164803,13472.3375164803,6356628470.42627,720925.199090357,202112110740
277,27910,1644,54,11609,Ahoskie,"",1416.14264794556,14161.4264794556,3854004911.8667,558805.248838311,202112110740
278,27915,84,0,758,Avon,"",1108.17941952507,11081.7941952507,132797325.68457,159985.858445685,202112110740
279,27916,106,0,554,Aydlett,"",1913.35740072202,19133.5740072202,175446906.710938,88834.9392660151,202112110740
280,27917,156,7,1084,Barco,"",1439.11439114391,14391.1439114391,583346697.773926,150643.300800981,202112110740
281,27922,115,4,1107,Cofield,"",1038.84372177055,10388.4372177055,1372106941.59424,230585.938382193,202112110740
282,27924,423,5,3509,Colerain,"",1205.47164434312,12054.7164434312,2545571117.46045,325068.518729582,202112110740
283,27925,582,7,4164,Columbia,"",1397.69452449568,13976.9452449568,9421043776.67224,822613.133571787,202112110740
284,27926,150,1,1965,Corapeake,"",763.358778625954,7633.58778625954,1084179276.0813,176947.978129327,202112110740
285,27927,69,0,613,Corolla,"",1125.61174551387,11256.1174551387,685869287.21875,1266393.74615983,202112110740
286,27928,241,5,1888,Creswell,"",1276.48305084746,12764.8305084746,3736346955.86023,344143.792077435,202112110740
287,27929,174,2,1949,Currituck,"",892.765520779887,8927.65520779887,352573124.774658,146317.944454099,202112110740
288,27932,2082,40,12644,Edenton,"",1646.63081303385,16466.3081303385,3509551689.6084,391797.495792958,202112110740
289,27935,177,3,1674,Eure,"",1057.3476702509,10573.476702509,1443577833.21069,213483.780281898,202112110740
290,27937,384,6,4253,Gates,"",902.892076181519,9028.92076181519,2407949124.70361,290137.740864669,202112110740
291,27938,186,9,1430,Gatesville,"",1300.6993006993,13006.993006993,1202645918.03784,229961.178585235,202112110740
292,27942,82,1,936,Harrellsville,"",876.068376068376,8760.68376068376,927451831.666504,150762.800286803,202112110740
293,27944,1557,12,12230,Hertford,"",1273.09893704007,12730.9893704007,5013940953.42065,828274.577378666,202112110740
294,27946,123,0,1089,Hobbsville,"",1129.47658402204,11294.7658402204,1234977495.96777,250163.996071758,202112110740
295,27948,1476,3,12518,Kill Devil Hills,"",1179.1020929861,11791.020929861,288939959.776123,266090.270790261,202112110740
296,27949,798,4,7235,Kitty Hawk,"",1102.97166551486,11029.7166551486,426732703.740967,296487.58160632,202112110740
297,27950,136,0,2183,Knotts Island,"",622.995877233165,6229.95877233165,1009906812.90234,393684.159837613,202112110740
298,27957,174,8,1419,Merry Hill,"",1226.2156448203,12262.156448203,1345289022.66797,219570.3989813,202112110740
299,27958,1451,10,12061,Moyock,"",1203.05115662051,12030.5115662051,2191273226.67993,258895.732965411,202112110740
300,27959,353,1,2451,Nags Head,"",1440.22847817217,14402.2847817217,464337538.219238,468359.824712584,202112110740
301,27962,991,24,7439,Plymouth,"",1332.16830219115,13321.6830219115,2248894843.11377,323982.42240407,202112110740
302,27966,124,0,1473,Powells Point,"",841.819416157502,8418.19416157502,310362212.773438,140593.315765635,202112110740
303,27968,37,0,413,Rodanthe,"",895.88377723971,8958.8377723971,255307311.38855,376970.397727618,202112110740
304,27970,432,8,3214,Roper,"",1344.11947728687,13441.1947728687,3979984913.95898,386215.845703473,202112110740
305,27976,426,2,3561,South Mills,"",1196.29317607414,11962.9317607414,2739484648.62012,348819.066033239,202112110740
306,27979,142,0,1813,Sunbury,"",783.23221180364,7832.3221180364,2196378526.26221,272849.595585558,202112110740
307,27982,9,0,0,Waves,"",,,5381164.09509277,11228.317119066,202112110740
308,27983,1350,32,10633,Windsor,"",1269.63227687388,12696.3227687388,9431469996.22351,861662.756904588,202112110740
309,27986,201,4,2650,Winton,"",758.490566037736,7584.90566037736,374234308.870117,153016.850399202,202112110740
310,28001,5363,136,28360,Albemarle,"",1891.0437235543,18910.437235543,3791255242.38873,479491.354130006,202112110740
311,28006,234,3,1136,Alexis,"",2059.85915492958,20598.5915492958,126883649.701416,88485.0702727942,202112110740
312,28012,4412,41,24276,Belmont,"",1817.43285549514,18174.3285549514,865729022.118042,170607.84187697,202112110740
313,28016,2585,35,14526,Bessemer City,"",1779.56767176098,17795.6767176098,1271825919.55414,236943.686135101,202112110740
314,28018,983,33,5943,Bostic,"",1654.04677772169,16540.4677772169,2694770404.83051,433562.153950885,202112110740
315,28020,437,5,2464,Casar,"",1773.53896103896,17735.3896103896,1475633951.64899,260515.821792163,202112110740
316,28021,2605,53,13436,Cherryville,"",1938.8210777017,19388.210777017,1626380587.60425,391038.422631114,202112110740
317,28023,2865,40,14843,China Grove,"",1930.20278919356,19302.0278919356,1273875684.14087,277795.952246167,202112110740
318,28025,9428,103,55325,Concord,"",1704.11206507004,17041.1206507004,2992149162.05573,466210.816136512,202112110740
319,28027,11443,105,74072,Concord,"",1544.84825575116,15448.4825575116,1903468707.60345,332965.289746402,202112110740
320,28031,4215,32,31049,Cornelius,"",1357.53164353119,13575.3164353119,672168572.25116,151594.592125485,202112110740
321,28032,578,3,3249,Cramerton,"",1779.00892582333,17790.0892582333,59161626.1264038,51515.5503878613,202112110740
322,28033,665,7,3362,Crouse,"",1977.98929208804,19779.8929208804,509703222.739563,189532.085619349,202112110740
323,28034,3891,49,17859,Dallas,"",2178.73341172518,21787.3341172518,1273410668.68243,215322.291269956,202112110740
324,28036,2465,19,18554,Davidson,"",1328.55448959793,13285.5448959793,669928559.48645,197029.79366816,202112110740
325,28037,4309,14,23834,Denver,"",1807.92145674247,18079.2145674247,1521729514.62848,312689.389421742,202112110740
326,28039,69,4,428,East Spencer,"",1612.14953271028,16121.4953271028,13759835.5942383,34526.6128305972,202112110740
327,28040,1319,27,8270,Ellenboro,"",1594.92140266022,15949.2140266022,1773879551.02985,348064.117544276,202112110740
328,28043,3883,119,21472,Forest City,"",1808.40163934426,18084.0163934426,1816346053.52002,348394.442075552,202112110740
329,28052,6927,125,36823,Gastonia,"",1881.16123075252,18811.6123075252,1165429048.27631,189783.469072904,202112110740
330,28054,7367,118,40184,Gastonia,"",1833.31674298228,18333.1674298228,562652947.772949,139549.083675328,202112110740
331,28056,6340,76,35595,Gastonia,"",1781.14903778621,17811.4903778621,1342394953.02258,344787.60681341,202112110740
332,28071,592,6,3198,Gold Hill,"",1851.15697310819,18511.5697310819,1345839018.92865,236923.074375116,202112110740
333,28073,1029,15,5606,Grover,"",1835.53335711737,18355.3335711737,702973243.533203,143952.911566798,202112110740
334,28075,3021,21,19174,Harrisburg,"",1575.57108584542,15755.7108584542,656107496.741638,238150.023406484,202112110740
335,28078,9326,74,66079,Huntersville,"",1411.34097065634,14113.4097065634,1870251820.14679,316647.648839996,202112110740
336,28079,6278,46,39813,Indian Trail,"",1576.8718760204,15768.718760204,1221176124.08392,283660.370334182,202112110740
337,28080,1486,7,8157,Iron Station,"",1821.74819173716,18217.4819173716,1095921164.38501,240845.709042299,202112110740
338,28081,4839,59,28249,Kannapolis,"",1712.98099047754,17129.8099047754,862858421.935425,200259.108957382,202112110740
339,28083,4562,63,25877,Kannapolis,"",1762.95552034625,17629.5552034625,582493569.448059,145983.725103448,202112110740
340,28086,5493,81,26988,Kings Mountain,"",2035.34904401956,20353.4904401956,2467878462.36133,329807.139806484,202112110740
341,28088,658,5,3059,Landis,"",2151.02974828375,21510.2974828375,72787169.9580688,52885.3256566675,202112110740
342,28090,1337,25,8506,Lawndale,"",1571.8316482483,15718.316482483,2661358061.4715,458218.963524001,202112110740
343,28091,329,5,2353,Lilesville,"",1398.21504462388,13982.1504462388,2694411423.45477,313074.926269122,202112110740
344,28092,7772,72,40052,Lincolnton,"",1940.47737940677,19404.7737940677,3216596915.74634,535483.341451104,202112110740
345,28097,1343,10,6124,Locust,"",2193.01110385369,21930.1110385369,836579136.406799,181830.474266294,202112110740
346,28098,699,4,4010,Lowell,"",1743.1421446384,17431.421446384,99103128.4535522,49283.194148661,202112110740
347,28103,1962,38,11346,Marshville,"",1729.24378635643,17292.4378635643,4253866560.83563,449440.107851782,202112110740
348,28104,4781,22,32469,Matthews,"",1472.48144383874,14724.8144383874,824578845.587585,325979.692599077,202112110740
349,28105,5881,87,45346,Matthews,"",1296.91703788647,12969.1703788647,668165195.784729,278013.840820393,202112110740
350,28107,1587,14,8210,Midland,"",1933.00852618758,19330.0852618758,1388640520.38739,250943.513182056,202112110740
351,28110,9882,118,55536,Monroe,"",1779.38634399309,17793.8634399309,3676478383.48267,422255.233862207,202112110740
352,28112,5169,79,28060,Monroe,"",1842.12401995723,18421.2401995723,3713382117.46545,318461.97727687,202112110740
353,28114,1339,16,9034,Mooresboro,"",1482.17843701572,14821.7843701572,1900066101.23077,346437.871140422,202112110740
354,28115,6678,63,41536,Mooresville,"",1607.76194144838,16077.6194144838,2057262512.61176,327151.756863337,202112110740
355,28117,7321,26,47608,Mooresville,"",1537.76676188876,15377.6676188876,1555969690.69189,234425.757349855,202112110740
356,28119,457,10,3034,Morven,"",1506.2623599209,15062.623599209,1970357677.74512,298425.64822689,202112110740
357,28120,4107,54,24318,Mount Holly,"",1688.87244016778,16888.7244016778,1001654680.08618,272689.093586748,202112110740
358,28124,1231,13,7015,Mount Pleasant,"",1754.81111903065,17548.1111903065,1620148303.23315,301866.136666845,202112110740
359,28125,435,4,2657,Mount Ulla,"",1637.18479488145,16371.8479488145,1169162879.13867,198953.955252748,202112110740
360,28127,1595,15,7631,New London,"",2090.15856375311,20901.5856375311,2159940152.89789,468250.659328753,202112110740
361,28128,1304,19,8098,Norwood,"",1610.2741417634,16102.741417634,2054286113.35083,282114.674844028,202112110740
362,28129,1078,12,6031,Oakboro,"",1787.43160338252,17874.3160338252,1226619926.53345,219035.034364981,202112110740
363,28133,426,7,2713,Peachland,"",1570.21747143384,15702.1747143384,2384968915.9574,421295.337069002,202112110740
364,28134,1856,30,11817,Pineville,"",1570.61860032157,15706.1860032157,248618254.324951,88085.4538299006,202112110740
365,28135,838,10,5968,Polkton,"",1404.15549597855,14041.5549597855,2916374106.84241,475980.429437205,202112110740
366,28137,546,5,3843,Richfield,"",1420.7650273224,14207.650273224,1223676252.05975,291589.496037827,202112110740
367,28138,1994,43,11659,Rockwell,"",1710.26674671927,17102.6674671927,1278406256.12445,357387.534646104,202112110740
368,28139,3464,124,20134,Rutherfordton,"",1720.47283202543,17204.7283202543,5078697342.95056,674832.691106947,202112110740
369,28144,4845,89,25846,Salisbury,"",1874.56472955196,18745.6472955196,867982991.287292,279505.654446658,202112110740
370,28146,5543,80,30382,Salisbury,"",1824.43552103219,18244.3552103219,3012969418.7887,452196.720325258,202112110740
371,28147,5441,115,26204,Salisbury,"",2076.40054953442,20764.0054953442,2146390330.37,312495.471896358,202112110740
372,28150,5358,111,29296,Shelby,"",1828.91862370289,18289.1862370289,3159764942.52783,579453.815714685,202112110740
373,28152,4543,67,26078,Shelby,"",1742.0814479638,17420.814479638,2247420971.2251,304211.560780764,202112110740
374,28159,670,24,3126,Spencer,"",2143.31413947537,21433.1413947537,51886096.1330566,42602.5220628392,202112110740
375,28160,819,15,4015,Spindale,"",2039.85056039851,20398.5056039851,170326604.450989,70799.3749654705,202112110740
376,28163,992,7,5814,Stanfield,"",1706.2263501892,17062.263501892,970276414.142883,191731.821086023,202112110740
377,28164,2710,57,15447,Stanley,"",1754.38596491228,17543.8596491228,1144736813.58362,324856.854746788,202112110740
378,28166,1741,25,9868,Troutman,"",1764.28860964735,17642.8860964735,911716953.816406,217041.310552797,202112110740
379,28167,366,6,2418,Union Mills,"",1513.6476426799,15136.476426799,1934997992.23633,347927.953502144,202112110740
380,28168,2004,25,10437,Vale,"",1920.09198045415,19200.9198045415,2469130589.68384,340004.345415379,202112110740
381,28170,1979,49,12494,Wadesboro,"",1583.96030094445,15839.6030094445,5053183842.2157,655726.472285972,202112110740
382,28173,9357,45,63837,Waxhaw,"",1465.76436862635,14657.6436862635,3045162637.21796,318858.064536165,202112110740
383,28174,1725,20,9287,Wingate,"",1857.4351243674,18574.351243674,985461754.807983,246986.820118662,202112110740
384,28202,3095,3,16755,Charlotte,"",1847.20978812295,18472.0978812295,50452583.9099121,34485.9053855683,202112110740
385,28203,3199,6,19070,Charlotte,"",1677.50393287887,16775.0393287887,91001089.479126,54761.2733662689,202112110740
386,28204,1488,8,8738,Charlotte,"",1702.90684367132,17029.0684367132,48899100.5548096,40761.7265321132,202112110740
387,28205,7189,79,51821,Charlotte,"",1387.27542888018,13872.7542888018,335820474.82135,104910.810677792,202112110740
388,28206,2500,15,15244,Charlotte,"",1639.98950406717,16399.8950406717,182577260.697876,71458.0502165389,202112110740
389,28207,1150,6,9761,Charlotte,"",1178.15797561725,11781.5797561725,68333859.7921753,36157.3958026362,202112110740
390,28208,6943,65,39944,Charlotte,"",1738.18345683958,17381.8345683958,595973347.5495,157267.598078636,202112110740
391,28209,3333,16,26012,Charlotte,"",1281.33169306474,12813.3169306474,157335764.525879,72359.4847682198,202112110740
392,28210,6160,49,44704,Charlotte,"",1377.95275590551,13779.5275590551,342547124.476257,112745.958411282,202112110740
393,28211,3770,77,31253,Charlotte,"",1206.28419671712,12062.8419671712,292827786.05603,102838.759144167,202112110740
394,28212,6711,49,42744,Charlotte,"",1570.04491858506,15700.4491858506,237710291.866211,96077.3791004252,202112110740
395,28213,8010,63,45338,Charlotte,"",1766.72989545194,17667.2989545194,412614569.613403,162252.089416931,202112110740
396,28214,7613,54,41208,Charlotte,"",1847.45680450398,18474.5680450398,965554836.030151,224926.880987092,202112110740
397,28215,10537,84,60256,Charlotte,"",1748.70552310143,17487.0552310143,782010510.903748,222976.412140326,202112110740
398,28216,9480,77,58744,Charlotte,"",1613.78183303827,16137.8183303827,857978895.941772,184761.316525276,202112110740
399,28217,4669,25,30875,Charlotte,"",1512.22672064777,15122.2672064777,428067925.271423,132462.900799897,202112110740
400,28226,4773,40,40227,Charlotte,"",1186.51651875606,11865.1651875606,430471271.22644,131097.087702525,202112110740
401,28227,9215,78,57319,Charlotte,"",1607.66935920027,16076.6935920027,1173416755.00244,297066.255269002,202112110740
402,28262,6845,51,43683,Charlotte,"",1566.97113293501,15669.7113293501,593648477.600464,159979.41236041,202112110740
403,28269,11822,74,81464,Charlotte,"",1451.19316507905,14511.9316507905,840640266.840637,192155.045229048,202112110740
404,28270,3750,35,34753,Charlotte,"",1079.04353580986,10790.4353580986,345778417.622314,161555.486865571,202112110740
405,28273,6675,48,40544,Charlotte,"",1646.35951065509,16463.5951065509,614626385.142517,192801.276498243,202112110740
406,28277,8061,36,72020,Charlotte,"",1119.27242432658,11192.7242432658,675381884.726379,144850.675101077,202112110740
407,28278,4808,24,32539,Charlotte,"",1477.61148160669,14776.1148160669,902762098.137573,246465.469761239,202112110740
408,28301,2787,82,17717,Fayetteville,"",1573.06541739572,15730.6541739572,348717238.9104,130217.445212828,202112110740
409,28303,4162,44,34600,Fayetteville,"",1202.8901734104,12028.901734104,540160738.043701,179304.154504403,202112110740
410,28304,5000,40,39651,Fayetteville,"",1261.002244584,12610.02244584,491742944.185852,186465.416198877,202112110740
411,28305,721,8,5010,Fayetteville,"",1439.12175648703,14391.2175648703,69895111.336731,49443.8950343603,202112110740
412,28306,6353,63,42565,Fayetteville,"",1492.54081992247,14925.4081992247,2090603260.31519,562860.488861908,202112110740
413,28307,1583,0,15486,Fort Bragg,"",1022.21361229498,10222.1361229498,174879596.356018,92732.9092032322,202112110740
414,28310,1419,0,8861,Fort Bragg,"",1601.39939058797,16013.9939058797,506286340.902344,200733.090413706,202112110740
415,28311,4994,46,36046,Fayetteville,"",1385.45192254342,13854.5192254342,1336136656.04889,240844.864072535,202112110740
416,28312,2871,50,18419,Fayetteville,"",1558.71654270047,15587.1654270047,4341373681.0871,556260.336471476,202112110740
417,28314,7838,57,53642,Fayetteville,"",1461.16848737929,14611.6848737929,816473670.87677,185615.29020179,202112110740
418,28315,2065,25,13329,Aberdeen,"",1549.2535073899,15492.535073899,2049308469.85626,494397.056686911,202112110740
419,28318,780,7,4579,Autryville,"",1703.42869622188,17034.2869622188,2217851356.83313,372935.466158955,202112110740
420,28320,1643,34,9381,Bladenboro,"",1751.41242937853,17514.1242937853,3248490168.58801,381864.201698899,202112110740
421,28323,675,2,4578,Bunnlevel,"",1474.44298820446,14744.4298820446,1112191308.33496,301931.807656216,202112110740
422,28326,3190,20,22382,Cameron,"",1425.2524349924,14252.524349924,3242119864.63824,488036.173063299,202112110740
423,28327,2802,42,18273,Carthage,"",1533.40994910524,15334.0994910524,5396542091.08795,586939.342565837,202112110740
424,28328,4841,70,26951,Clinton,"",1796.22277466513,17962.2277466513,6810728499.67102,657248.933701039,202112110740
425,28333,1799,32,10709,Dudley,"",1679.89541507144,16798.9541507144,1249687746.85376,213915.020571421,202112110740
426,28334,5064,71,26215,Dunn,"",1931.71848178524,19317.1848178524,4497238669.98419,544402.158241248,202112110740
427,28337,1804,32,11927,Elizabethtown,"",1512.53458539448,15125.3458539448,5069041872.41577,577770.225904477,202112110740
428,28338,660,9,4804,Ellerbe,"",1373.85512073272,13738.5512073272,3935542448.08881,492508.044174153,202112110740
429,28339,1225,18,7226,Erwin,"",1695.26709106006,16952.6709106006,1064553458.41333,310656.999787593,202112110740
430,28340,1830,45,10738,Fairmont,"",1704.22797541442,17042.2797541442,3757196814.59872,450516.228420329,202112110740
431,28341,752,8,5080,Faison,"",1480.31496062992,14803.1496062992,2787115249.34564,421094.619116887,202112110740
432,28343,266,8,1567,Gibson,"",1697.51116783663,16975.1116783663,458723474.164063,106909.663733147,202112110740
433,28344,660,7,3814,Godwin,"",1730.46670162559,17304.6670162559,1128755315.22852,269142.265002464,202112110740
434,28345,2113,43,12656,Hamlet,"",1669.56384323641,16695.6384323641,2126402412.95966,332606.523883072,202112110740
435,28347,266,1,1826,Hoffman,"",1456.73603504929,14567.3603504929,747268691.675964,194334.44204749,202112110740
436,28348,5655,56,36052,Hope Mills,"",1568.56762454233,15685.6762454233,1166315651.14276,329846.853315969,202112110740
437,28349,804,19,3955,Kenansville,"",2032.86978508217,20328.6978508217,1959246504.78113,326624.538750416,202112110740
438,28350,41,0,70,Lakeview,"",5857.14285714286,58571.4285714286,7876659.25891113,11657.1581787366,202112110740
439,28351,780,8,5269,Laurel Hill,"",1480.35680394762,14803.5680394762,1788599136.13666,386362.39437636,202112110740
440,28352,4221,83,25298,Laurinburg,"",1668.51134477034,16685.1134477034,3264782876.16284,438869.872406895,202112110740
441,28356,838,8,4914,Linden,"",1705.33170533171,17053.3170533171,1497885580.84283,286294.988335977,202112110740
442,28357,425,5,3224,Lumber Bridge,"",1318.2382133995,13182.382133995,998095899.747498,200973.924425577,202112110740
443,28358,7270,139,38517,Lumberton,"",1887.47825635434,18874.7825635434,5499536726.32037,504386.80427759,202112110740
444,28360,2878,43,14944,Lumberton,"",1925.85653104925,19258.5653104925,1985862696.58282,363920.117329658,202112110740
445,28363,181,2,1079,Marston,"",1677.47914735867,16774.7914735867,1736455559.11224,383927.716730151,202112110740
446,28364,2750,46,15170,Maxton,"",1812.78839815425,18127.8839815425,3845135736.01221,464303.223304612,202112110740
447,28365,2506,59,17063,Mount Olive,"",1468.67491062533,14686.7491062533,5449867058.99634,617077.13642774,202112110740
448,28366,1008,16,5153,Newton Grove,"",1956.14205317291,19561.4205317291,2293381130.24042,414618.719505342,202112110740
449,28369,410,8,2241,Orrum,"",1829.54038375725,18295.4038375725,1800121585.61136,401393.305842192,202112110740
450,28371,1123,20,7085,Parkton,"",1585.03881439661,15850.3881439661,1005950088.08063,229991.086519014,202112110740
451,28372,3195,46,15254,Pembroke,"",2094.53258161794,20945.3258161794,1147770145.91595,255857.280522167,202112110740
452,28373,383,5,2552,Pinebluff,"",1500.78369905956,15007.8369905956,460329066.992676,140223.621385681,202112110740
453,28374,2044,56,18171,Pinehurst,"",1124.86929723185,11248.6929723185,609888351.153748,186776.563275303,202112110740
454,28376,6248,74,43831,Raeford,"",1425.47512034861,14254.7512034861,8255601209.37079,618028.253174215,202112110740
455,28377,2402,41,13036,Red Springs,"",1842.5897514575,18425.897514575,2872865768.25568,446034.002241505,202112110740
456,28379,4201,93,25804,Rockingham,"",1628.04216400558,16280.4216400558,4156662320.34821,486165.084209016,202112110740
457,28382,1196,19,8006,Roseboro,"",1493.87959030727,14938.7959030727,3525739741.42773,652666.741452104,202112110740
458,28383,1494,25,7713,Rowland,"",1936.98949824971,19369.8949824971,2904453853.97415,460017.981876533,202112110740
459,28384,2313,31,12414,Saint Pauls,"",1863.21894635089,18632.1894635089,2850567240.80182,480450.415018018,202112110740
460,28385,566,3,3005,Salemburg,"",1883.52745424293,18835.2745424293,1040463355.97156,321938.125650219,202112110740
461,28386,1277,13,6068,Shannon,"",2104.4825313118,21044.825313118,1134602512.8537,354913.796549299,202112110740
462,28387,2123,62,17139,Southern Pines,"",1238.69537312562,12386.9537312562,810260751.658813,181010.127281146,202112110740
463,28390,3023,27,23494,Spring Lake,"",1286.71150080872,12867.1150080872,1630867413.08136,287302.836124698,202112110740
464,28391,829,13,5326,Stedman,"",1556.51520841157,15565.1520841157,1084470955.12604,202263.555324583,202112110740
465,28392,284,5,1554,Tar Heel,"",1827.54182754183,18275.4182754183,925384379.987671,187529.786563955,202112110740
466,28393,355,6,2160,Turkey,"",1643.51851851852,16435.1851851852,1437383838.7915,233550.655699493,202112110740
467,28394,772,8,6094,Vass,"",1266.8198227765,12668.198227765,1215312777.16113,300186.221923817,202112110740
468,28395,449,3,2657,Wade,"",1689.87579977418,16898.7579977418,1382105528.22943,246616.208913961,202112110740
469,28396,380,8,2679,Wagram,"",1418.43971631206,14184.3971631206,1631714382.90094,330475.243709586,202112110740
470,28398,1401,27,7672,Warsaw,"",1826.12095933264,18261.2095933264,2739435952.33466,345606.723026117,202112110740
471,28399,319,3,1934,White Oak,"",1649.43123061013,16494.3123061013,2338498223.40869,308489.981388208,202112110740
472,28401,3253,70,24213,Wilmington,"",1343.49316482881,13434.9316482881,925590291.269562,302995.40520751,202112110740
473,28403,5697,32,41945,Wilmington,"",1358.20717606389,13582.0717606389,403456249.54361,135103.298695973,202112110740
474,28405,4385,38,33719,Wilmington,"",1300.45375011121,13004.5375011121,694443662.189972,212896.044608315,202112110740
475,28409,3957,31,34974,Wilmington,"",1131.4119059873,11314.119059873,678530052.059952,626246.01836128,202112110740
476,28411,4645,41,38820,Wilmington,"",1196.54817104585,11965.4817104585,1477023573.08954,591854.549770877,202112110740
477,28412,5045,63,42977,Wilmington,"",1173.88370523769,11738.8370523769,635947452.301941,245813.217862995,202112110740
478,28420,700,14,5116,Ash,"",1368.25645035184,13682.5645035184,4030119174.4476,622951.504256467,202112110740
479,28421,212,4,2040,Atkinson,"",1039.21568627451,10392.1568627451,1701084244.28595,246250.995159076,202112110740
480,28422,1077,13,8682,Bolivia,"",1240.49758120249,12404.9758120249,2520456183.00197,406510.949073509,202112110740
481,28423,341,5,2285,Bolton,"",1492.34135667396,14923.4135667396,4327886518.67657,560706.237916531,202112110740
482,28425,1906,29,12625,Burgaw,"",1509.70297029703,15097.0297029703,4872852970.19843,522799.098840263,202112110740
483,28428,801,5,7142,Carolina Beach,"",1121.5345841501,11215.345841501,153392950.326767,131890.839899376,202112110740
484,28429,1169,15,8542,Castle Hayne,"",1368.5319597284,13685.319597284,1146009267.92944,244578.64538817,202112110740
485,28430,354,7,2055,Cerro Gordo,"",1722.62773722628,17226.2773722628,1294763521.80133,235369.368885516,202112110740
486,28431,1287,33,6741,Chadbourn,"",1909.21228304406,19092.1228304406,2019287633.59152,414968.282140325,202112110740
487,28432,420,4,1684,Clarendon,"",2494.06175771971,24940.6175771972,913029717.719559,381140.327621418,202112110740
488,28433,735,8,5297,Clarkton,"",1387.57787426845,13875.7787426845,3257754219.81824,497145.128049415,202112110740
489,28434,138,4,1357,Council,"",1016.94915254237,10169.4915254237,2209417286.23001,262045.947095385,202112110740
490,28435,371,6,2931,Currie,"",1265.77959740703,12657.7959740703,2746865502.37314,418800.327512465,202112110740
491,28436,375,5,2312,Delco,"",1621.9723183391,16219.723183391,1250613651.60083,304067.898737589,202112110740
492,28438,319,3,1688,Evergreen,"",1889.81042654028,18898.1042654028,1324758692.31961,354385.951020838,202112110740
493,28439,265,12,1536,Fair Bluff,"",1725.26041666667,17252.6041666667,667490225.496307,213264.007900786,202112110740
494,28441,510,6,3328,Garland,"",1532.45192307692,15324.5192307692,3774857745.4223,555550.533903292,202112110740
495,28442,255,7,1734,Hallsboro,"",1470.58823529412,14705.8823529412,1395074837.14975,336354.405393144,202112110740
496,28443,3608,30,22483,Hampstead,"",1604.76804696882,16047.6804696882,4337834719.99771,560208.032392266,202112110740
497,28444,354,1,2278,Harrells,"",1553.99473222125,15539.9473222125,3251010335.70935,548979.732892781,202112110740
498,28445,1378,18,8142,Holly Ridge,"",1692.4588553181,16924.588553181,2835470197.40424,676482.174744673,202112110740
499,28447,180,0,1334,Ivanhoe,"",1349.32533733133,13493.2533733133,2755654733.91089,442226.920323366,202112110740
500,28448,122,1,1216,Kelly,"",1003.28947368421,10032.8947368421,2360585218.26868,400674.523076971,202112110740
501,28449,144,2,1958,Kure Beach,"",735.444330949949,7354.44330949949,112229003.875305,80695.0045848031,202112110740
502,28450,339,11,2397,Lake Waccamaw,"",1414.26783479349,14142.6783479349,1482484363.39343,277199.450521116,202112110740
503,28451,5293,44,39194,Leland,"",1350.46180537837,13504.6180537837,5322314275.71591,771852.448618024,202112110740
504,28452,107,2,513,Longwood,"",2085.76998050682,20857.6998050682,201031402.998276,76626.878203892,202112110740
505,28453,793,8,4137,Magnolia,"",1916.84795745709,19168.4795745709,2286467269.94287,428957.863476439,202112110740
506,28454,448,7,3549,Maple Hill,"",1262.32741617357,12623.2741617357,3064407818.25446,319144.850869928,202112110740
507,28455,364,5,1718,Nakina,"",2118.74272409779,21187.4272409779,1802269564.75485,339624.478895421,202112110740
508,28456,554,9,3566,Riegelwood,"",1553.56141334829,15535.6141334829,1872158645.14374,368901.622022321,202112110740
509,28457,1687,17,12840,Rocky Point,"",1313.86292834891,13138.6292834891,3397895880.78387,551931.996451502,202112110740
510,28458,1073,16,7018,Rose Hill,"",1528.92561983471,15289.2561983471,3025757032.09851,549753.327973728,202112110740
511,28460,1864,10,10588,Sneads Ferry,"",1760.48356630147,17604.8356630147,868820245.916626,505270.66774661,202112110740
512,28461,2019,24,20575,Southport,"",981.287970838396,9812.87970838396,2976816159.44659,699193.372938299,202112110740
513,28462,1698,22,14309,Supply,"",1186.66573485219,11866.6573485219,3173815797.17627,578042.071238935,202112110740
514,28463,2132,45,9865,Tabor City,"",2161.17587430309,21611.7587430309,3441446535.6745,489113.866817468,202112110740
515,28464,458,7,2491,Teachey,"",1838.61902850261,18386.1902850261,651873569.02948,216752.818849917,202112110740
516,28465,767,9,8285,Oak Island,"",925.769462884731,9257.69462884731,278142792.540329,260764.452809296,202112110740
517,28466,1834,48,10375,Wallace,"",1767.71084337349,17677.1084337349,4134830722.40503,646652.750223625,202112110740
518,28467,1371,22,11393,Calabash,"",1203.37049065215,12033.7049065215,478052225.035095,182374.085490172,202112110740
519,28468,557,4,5394,Sunset Beach,"",1032.62884686689,10326.2884686689,561581539.026329,281339.504069841,202112110740
520,28469,1021,21,7481,Ocean Isle Beach,"",1364.79080336853,13647.9080336853,718539224.77166,397460.188245043,202112110740
521,28470,1659,53,13446,Shallotte,"",1233.82418563141,12338.2418563141,1182514664.27979,362760.617388836,202112110740
522,28472,3393,83,20002,Whiteville,"",1696.3303669633,16963.303669633,5336860792.21823,836470.753006454,202112110740
523,28478,742,8,4976,Willard,"",1491.1575562701,14911.575562701,3641064446.79327,420805.470689163,202112110740
524,28479,877,14,4874,Winnabow,"",1799.34345506771,17993.4345506771,2117768058.25922,493774.783138491,202112110740
525,28480,394,0,2737,Wrightsville Beach,"",1439.532334673,14395.32334673,105606171.513519,198146.556810674,202112110740
526,28501,2867,54,19507,Kinston,"",1469.72881529707,14697.2881529707,2991635337.302,625626.150351651,202112110740
527,28504,3718,71,21016,Kinston,"",1769.12828321279,17691.2828321279,3402165916.96191,527051.926248192,202112110740
528,28508,418,10,2984,Albertson,"",1400.80428954424,14008.0428954424,979966062.858154,216402.11543394,202112110740
529,28510,156,0,1543,Arapahoe,"",1011.01749837978,10110.1749837978,492605022.366577,160146.449017413,202112110740
530,28511,52,0,628,Atlantic,"",828.025477707006,8280.25477707006,664520864.566406,632922.312503469,202112110740
531,28512,365,8,3689,Atlantic Beach,"",989.428029276227,9894.28029276227,159414908.561523,282548.210087653,202112110740
532,28513,1658,6,10825,Ayden,"",1531.63972286374,15316.3972286374,2611479123.85803,477095.460669019,202112110740
533,28515,469,3,3463,Bayboro,"",1354.31706612763,13543.1706612763,1758589825.68518,437586.784820445,202112110740
534,28516,1396,12,12482,Beaufort,"",1118.41051113604,11184.1051113604,3384236686.76337,1001596.71803033,202112110740
535,28518,1561,25,8803,Beulaville,"",1773.25911621038,17732.5911621038,2702594658.36359,473932.945095065,202112110740
536,28521,406,11,2259,Chinquapin,"",1797.25542275343,17972.5542275343,984336924.154663,232445.955683395,202112110740
537,28523,370,3,2274,Cove City,"",1627.08883025506,16270.8883025506,2247611957.06177,297516.586083844,202112110740
538,28525,535,3,3309,Deep Run,"",1616.80265941372,16168.0265941372,1368793733.10339,260376.07892082,202112110740
539,28526,334,7,2384,Dover,"",1401.0067114094,14010.067114094,2062614072.29626,437910.466683838,202112110740
540,28529,459,10,2539,Grantsboro,"",1807.79834580544,18077.9834580544,2523317524.60889,412017.089612735,202112110740
541,28530,1215,20,7474,Grifton,"",1625.63553652663,16256.3553652663,1906098626.48975,426610.065184873,202112110740
542,28531,153,3,1414,Harkers Island,"",1082.03677510608,10820.3677510608,96666650.4205933,159397.370996394,202112110740
543,28532,2821,10,25868,Havelock,"",1090.53657027988,10905.3657027988,5072028576.29651,874966.498361209,202112110740
544,28538,502,4,3342,Hookerton,"",1502.09455415919,15020.9455415919,837514346.679443,167225.326393657,202112110740
545,28539,2525,26,18000,Hubert,"",1402.77777777778,14027.7777777778,2158531628.89203,965472.416809674,202112110740
546,28540,7628,86,52400,Jacksonville,"",1455.72519083969,14557.2519083969,3283488394.35052,547729.060516665,202112110740
547,28542,684,0,6146,Camp Lejeune,"",1112.9189716889,11129.189716889,1137151211.30426,554417.951637185,202112110740
548,28543,586,3,6618,Tarawa Terrace,"",885.463886370505,8854.63886370505,101812905.851257,81799.9494086724,202112110740
549,28546,7705,72,51963,Jacksonville,"",1482.78582837788,14827.8582837788,2766403023.01086,429757.095409677,202112110740
550,28547,2534,0,13868,Camp Lejeune,"",1827.22815113931,18272.2815113931,321351155.112183,125030.1108688,202112110740
551,28551,2215,34,14265,La Grange,"",1552.75148966001,15527.5148966001,3578620059.57935,402405.541085344,202112110740
552,28553,40,1,522,Marshallberg,"",766.283524904214,7662.83524904214,44093630.395752,64625.7950525977,202112110740
553,28555,786,5,4702,Maysville,"",1671.62909400255,16716.2909400255,3623337430.05573,600372.548840718,202112110740
554,28557,1927,16,15254,Morehead City,"",1263.27520650321,12632.7520650321,400526127.961975,291647.007459014,202112110740
555,28560,4136,68,28926,New Bern,"",1429.8554933278,14298.554933278,3309199654.78784,1030041.14449326,202112110740
556,28562,5220,59,38009,New Bern,"",1373.35894130338,13733.5894130338,3853792240.20764,1071472.47820274,202112110740
557,28570,3015,21,22687,Newport,"",1328.95490809715,13289.5490809715,4050945831.7467,612371.091717981,202112110740
558,28571,228,3,3137,Oriental,"",726.809053235575,7268.09053235575,1482289449.53186,353024.477698561,202112110740
559,28572,1184,17,6379,Pink Hill,"",1856.09029628468,18560.9029628468,3042675125.74115,395176.694907307,202112110740
560,28573,337,19,2475,Pollocksville,"",1361.61616161616,13616.1616161616,3035889883.2348,360117.83631843,202112110740
561,28574,3134,36,17702,Richlands,"",1770.42142130833,17704.2142130833,3868294357.7301,523654.71280993,202112110740
562,28577,39,2,595,Sealevel,"",655.46218487395,6554.6218487395,131607264.267456,82049.6590834024,202112110740
563,28578,845,11,7044,Seven Springs,"",1199.60249858035,11996.0249858035,1837860745.29797,304549.150963809,202112110740
564,28580,1792,39,12031,Snow Hill,"",1489.48549580251,14894.8549580251,3261656823.56982,373362.024423986,202112110740
565,28582,281,3,1824,Stella,"",1540.5701754386,15405.701754386,566119411.242798,233745.537488706,202112110740
566,28584,1724,18,12910,Swansboro,"",1335.39891556933,13353.9891556933,870417864.570801,630505.524420814,202112110740
567,28585,588,12,4170,Trenton,"",1410.07194244604,14100.7194244604,5857263271.9624,616313.550954668,202112110740
568,28586,1817,12,8427,Vanceboro,"",2156.1647086745,21561.647086745,3798727344.79224,393188.365406212,202112110740
569,28590,4601,21,26551,Winterville,"",1732.89141651915,17328.9141651915,1153236268.85608,260797.112041444,202112110740
570,28594,450,5,3678,Emerald Isle,"",1223.49102773246,12234.9102773246,161880563.377441,206007.395136269,202112110740
571,28601,9421,139,49848,Hickory,"",1889.94543411972,18899.4543411972,1378207425.05768,365850.750506082,202112110740
572,28602,5571,109,31218,Hickory,"",1784.54737651355,17845.4737651355,1938678919.97003,319569.803956005,202112110740
573,28604,750,11,6449,Banner Elk,"",1162.97100325632,11629.7100325632,1915326545.24634,325836.980718489,202112110740
574,28605,394,4,4143,Blowing Rock,"",951.001689596911,9510.01689596911,895784503.144714,248689.345104093,202112110740
575,28606,337,6,2367,Boomer,"",1423.74313476975,14237.4313476975,1247639586.18042,214129.251492026,202112110740
576,28607,4500,24,37481,Boone,"",1200.60830820949,12006.0830820949,2776057252.95807,555835.873680891,202112110740
577,28609,1091,14,6457,Catawba,"",1689.63915130866,16896.3915130866,1341728385.28827,281255.134101197,202112110740
578,28610,1941,23,10238,Claremont,"",1895.87810119164,18958.7810119164,1121879522.66571,308096.881521473,202112110740
579,28612,2415,50,14906,Connelly Springs,"",1620.15295854019,16201.5295854019,2400642845.42798,441028.943696581,202112110740
580,28613,4519,78,25216,Conover,"",1792.11611675127,17921.1611675127,1220326345.78546,362168.639637895,202112110740
581,28615,226,2,1883,Creston,"",1200.21242697823,12002.1242697823,1868599532.61511,272770.247470023,202112110740
582,28617,328,4,2451,Crumpler,"",1338.22929416565,13382.2929416565,986888820.641235,263906.737953269,202112110740
583,28618,251,2,2480,Deep Gap,"",1012.09677419355,10120.9677419355,1010729766.2395,224128.286954044,202112110740
584,28621,1948,41,10400,Elkin,"",1873.07692307692,18730.7692307692,1827310682.30029,492431.108964797,202112110740
585,28622,337,2,2638,Elk Park,"",1277.48294162244,12774.8294162244,922706854.79248,228052.883765708,202112110740
586,28623,278,0,1716,Ennice,"",1620.04662004662,16200.4662004662,790959225.749146,176648.995975266,202112110740
587,28624,230,4,1893,Ferguson,"",1215.00264131009,12150.0264131009,1893859856.27216,280305.359064925,202112110740
588,28625,6610,118,38862,Statesville,"",1700.89032988523,17008.9032988524,5528677082.18164,627405.109037109,202112110740
589,28626,285,3,3001,Fleetwood,"",949.683438853715,9496.83438853715,819063990.876587,148645.734339712,202112110740
590,28627,163,0,1534,Glade Valley,"",1062.5814863103,10625.814863103,929851696.585571,229623.659776181,202112110740
591,28630,3494,65,20369,Granite Falls,"",1715.35176002749,17153.5176002749,1749206123.14734,364175.180926025,202112110740
592,28631,103,0,536,Grassy Creek,"",1921.64179104478,19216.4179104478,666742006.060913,167245.211138671,202112110740
593,28634,833,13,5269,Harmony,"",1580.94515088252,15809.4515088252,1708637469.52393,380041.000632719,202112110740
594,28635,675,9,4032,Hays,"",1674.10714285714,16741.0714285714,1589254753.84888,282956.554467362,202112110740
595,28636,951,19,5186,Hiddenite,"",1833.78326263016,18337.8326263016,1563401720.00476,343683.132287544,202112110740
596,28637,472,5,1583,Hildebran,"",2981.68035375869,29816.8035375869,75804105.8025513,39679.7431148788,202112110740
597,28638,2177,17,12560,Hudson,"",1733.28025477707,17332.8025477707,586195125.955933,179942.259882133,202112110740
598,28640,831,20,4805,Jefferson,"",1729.44849115505,17294.4849115505,1056537388.6748,302637.689495691,202112110740
599,28642,915,14,5578,Jonesville,"",1640.37289351022,16403.7289351022,922184812.2677,173376.666314256,202112110740
600,28643,407,6,3443,Lansing,"",1182.10862619808,11821.0862619808,2044042930.41492,275858.107391136,202112110740
601,28644,184,0,1570,Laurel Springs,"",1171.97452229299,11719.7452229299,2045165288.09131,297831.47514214,202112110740
602,28645,7942,145,47621,Lenoir,"",1667.75162218349,16677.5162218349,9179149391.98291,930216.037146455,202112110740
603,28649,156,2,1034,Mc Grady,"",1508.70406189555,15087.0406189555,1036137984.80469,190682.670149615,202112110740
604,28650,2481,28,13374,Maiden,"",1855.09196949305,18550.9196949305,1278104496.07623,377336.649296681,202112110740
605,28651,1074,17,6653,Millers Creek,"",1614.30933413498,16143.0933413498,2065649255.9353,349078.290644554,202112110740
606,28654,539,11,3800,Moravian Falls,"",1418.42105263158,14184.2105263158,1821577421.53857,295573.209104024,202112110740
607,28655,9652,135,58249,Morganton,"",1657.02415492111,16570.2415492111,9153179930.14331,677983.745386269,202112110740
608,28657,1404,24,9610,Newland,"",1460.97814776275,14609.7814776275,3935578521.47217,457051.359413869,202112110740
609,28658,5204,62,25858,Newton,"",2012.52997138216,20125.2997138216,2022657893.02307,451555.722478839,202112110740
610,28659,3661,69,21013,North Wilkesboro,"",1742.25479465093,17422.5479465093,2817470108.66394,743040.466864702,202112110740
611,28660,413,4,2336,Olin,"",1767.97945205479,17679.7945205479,892135691.594116,224297.744075571,202112110740
612,28665,423,5,2986,Purlear,"",1416.6108506363,14166.108506363,1778038258.60608,240271.301413849,202112110740
613,28668,37,0,39,Roaring Gap,"",9487.17948717949,94871.7948717949,150579895.761963,97868.8716295681,202112110740
614,28669,473,5,3133,Roaring River,"",1509.73507819981,15097.3507819981,1299426384.18799,252536.432806369,202112110740
615,28670,511,7,3183,Ronda,"",1605.40370719447,16054.0370719447,1123975912.01135,257469.478215133,202112110740
616,28673,965,8,6621,Sherrills Ford,"",1457.48376378191,14574.8376378191,852092289.759583,248402.605359209,202112110740
617,28675,1189,6,6805,Sparta,"",1747.24467303453,17472.4467303453,2977111225.9541,397880.218381249,202112110740
618,28676,552,5,3444,State Road,"",1602.78745644599,16027.8745644599,830902972.436646,197653.666386266,202112110740
619,28677,6353,80,35614,Statesville,"",1783.84904812714,17838.4904812714,2372250827.99042,364916.143502524,202112110740
620,28678,870,9,5252,Stony Point,"",1656.51180502666,16565.1180502666,1249807753.12482,237772.476162198,202112110740
621,28679,214,2,2122,Sugar Grove,"",1008.48256361923,10084.8256361923,636943392.934937,227619.317646308,202112110740
622,28681,4776,86,26959,Taylorsville,"",1771.57906450536,17715.7906450536,4726487412.65814,412700.759417832,202112110740
623,28682,165,2,1099,Terrell,"",1501.36487716106,15013.6487716106,164657442.78833,108427.066369374,202112110740
624,28683,270,3,1934,Thurmond,"",1396.07032057911,13960.7032057911,988749233.112671,203358.604100989,202112110740
625,28684,203,2,2175,Todd,"",933.333333333333,9333.33333333333,1383524229.94177,292392.138653963,202112110740
626,28685,278,1,1908,Traphill,"",1457.02306079665,14570.2306079665,1296786088.98804,215086.939280452,202112110740
627,28689,312,4,1662,Union Grove,"",1877.25631768953,18772.5631768953,1218398001.86389,304792.24772459,202112110740
628,28690,1588,22,9427,Valdese,"",1684.52317810544,16845.2317810544,668624773.04187,213466.610171622,202112110740
629,28692,409,2,4504,Vilas,"",908.081705150977,9080.81705150977,1091553223.68976,286379.955820553,202112110740
630,28693,259,2,1693,Warrensville,"",1529.82870643828,15298.2870643828,621923811.260986,170328.387778475,202112110740
631,28694,1086,19,8033,West Jefferson,"",1351.92331632018,13519.2331632018,2188720146.69934,416426.801998168,202112110740
632,28697,2239,47,13376,Wilkesboro,"",1673.89354066986,16738.9354066986,1810927272.521,565265.362104432,202112110740
633,28701,568,7,4830,Alexander,"",1175.983436853,11759.83436853,557040025.003723,178622.867954756,202112110740
634,28702,38,0,704,Almond,"",539.772727272727,5397.72727272727,749571990.457794,168899.042279792,202112110740
635,28704,3448,29,21728,Arden,"",1586.89248895434,15868.9248895434,1481682958.97644,329012.999643476,202112110740
636,28705,788,3,7168,Bakersville,"",1099.33035714286,10993.3035714286,3538838336.04175,376028.663142582,202112110740
637,28711,1427,39,15250,Black Mountain,"",935.737704918033,9357.37704918033,2289646423.50623,432841.107136649,202112110740
638,28712,2314,37,19644,Brevard,"",1177.96782732641,11779.6782732641,3743370041.24365,607196.289251342,202112110740
639,28713,1360,19,9333,Bryson City,"",1457.19489981785,14571.9489981785,7085157294.99072,658029.652447303,202112110740
640,28714,2799,34,17066,Burnsville,"",1640.10312902848,16401.0312902848,7287599937.88281,538818.932986382,202112110740
641,28715,3299,36,27289,Candler,"",1208.91201583055,12089.1201583055,1975153881.5733,274379.594297132,202112110740
642,28716,2400,59,18650,Canton,"",1286.86327077748,12868.6327077748,4450693739.33826,450946.985814241,202112110740
643,28718,62,0,607,Cedar Mountain,"",1021.41680395387,10214.1680395387,604740430.192017,157079.894608512,202112110740
644,28719,1595,13,6945,Cherokee,"",2296.61627069834,22966.1627069834,6313532001.74988,506970.161305605,202112110740
645,28721,1387,18,10866,Clyde,"",1276.45867844653,12764.5867844653,3262240884.20239,451646.750156333,202112110740
646,28722,820,15,6854,Columbus,"",1196.38167493434,11963.8167493434,1330435890.70984,371441.890606651,202112110740
647,28723,1439,4,11678,Cullowhee,"",1232.23154649769,12322.3154649769,2829089767.59064,521400.904374384,202112110740
648,28726,575,9,3477,East Flat Rock,"",1653.72447512223,16537.2447512223,62782212.3257446,52681.8363735949,202112110740
649,28729,471,3,2978,Etowah,"",1581.59838817999,15815.9838817999,115914409.369507,74718.0620947517,202112110740
650,28730,1003,10,10068,Fairview,"",996.225665474772,9962.25665474772,1334723772.69336,277836.650121475,202112110740
651,28731,1351,16,9271,Flat Rock,"",1457.23222953295,14572.3222953295,910498937.374664,308715.430561089,202112110740
652,28732,2448,13,18899,Fletcher,"",1295.30662998042,12953.0662998042,1163648233.76184,268599.174805655,202112110740
653,28734,4135,69,28423,Franklin,"",1454.80772613728,14548.0772613728,8413329787.90622,680710.034553257,202112110740
654,28736,88,0,740,Glenville,"",1189.18918918919,11891.8918918919,845894035.551971,243241.394198335,202112110740
655,28739,2341,30,21994,Hendersonville,"",1064.38119487133,10643.8119487133,1809199500.98254,354883.696935042,202112110740
656,28740,297,1,2123,Green Mountain,"",1398.96373056995,13989.6373056995,2560353451.70599,391601.88482291,202112110740
657,28741,422,7,3135,Highlands,"",1346.09250398724,13460.9250398724,2488322100.83908,291652.561708351,202112110740
658,28742,405,5,2834,Horse Shoe,"",1429.07551164432,14290.7551164432,759756422.807678,323788.261855292,202112110740
659,28745,100,0,598,Lake Junaluska,"",1672.24080267559,16722.4080267559,24208240.7459412,20619.3143809221,202112110740
660,28746,281,7,2583,Lake Lure,"",1087.8823073945,10878.823073945,1635267198.94843,301403.103342596,202112110740
661,28747,198,8,2517,Lake Toxaway,"",786.650774731824,7866.50774731824,1644170650.80768,278687.825520296,202112110740
662,28748,1563,19,12684,Leicester,"",1232.26111636708,12322.6111636708,2568900770.12885,433742.542694055,202112110740
663,28751,490,10,3738,Maggie Valley,"",1310.86142322097,13108.6142322097,1196971956.93442,252655.252396679,202112110740
664,28752,6059,91,31501,Marion,"",1923.43100219041,19234.3100219041,6843838240.70496,729852.019397461,202112110740
665,28753,1595,32,12286,Marshall,"",1298.22562265994,12982.2562265994,7221367422.4903,582321.875436498,202112110740
666,28754,1210,28,8823,Mars Hill,"",1371.41561827043,13714.1561827043,2532637146.55933,336365.654274913,202112110740
667,28756,566,4,4770,Mill Spring,"",1186.58280922432,11865.8280922432,2319967191.40479,359387.276461913,202112110740
668,28759,1054,7,7867,Mills River,"",1339.77373840092,13397.7373840092,710290580.507599,219074.688607407,202112110740
669,28761,1610,31,8493,Nebo,"",1895.67879430119,18956.7879430119,3254647047.74689,448908.605974668,202112110740
670,28762,1214,13,7603,Old Fort,"",1596.73812968565,15967.3812968565,2996741187.4848,387268.208256282,202112110740
671,28763,333,4,2864,Otto,"",1162.7094972067,11627.094972067,1145043002.66425,202810.842815888,202112110740
672,28766,216,1,1526,Penrose,"",1415.46526867628,14154.6526867628,159626292.482056,88900.5625977205,202112110740
673,28768,898,3,7895,Pisgah Forest,"",1137.42875237492,11374.2875237492,2244655883.74216,321689.536597621,202112110740
674,28771,1348,28,8212,Robbinsville,"",1641.50024354603,16415.0024354603,9086438704.3884,732920.807564291,202112110740
675,28773,470,12,3508,Saluda,"",1339.79475484607,13397.9475484607,1396855034.24573,267712.497423626,202112110740
676,28775,49,3,493,Scaly Mountain,"",993.914807302231,9939.14807302231,456631744.06662,130336.94180952,202112110740
677,28777,1981,23,10391,Spruce Pine,"",1906.45751130786,19064.5751130786,1968811938.32007,332780.684408784,202112110740
678,28778,1197,15,10803,Swannanoa,"",1108.02554845876,11080.2554845876,692162823.950317,188030.795128165,202112110740
679,28779,2396,48,17610,Sylva,"",1360.59057353776,13605.9057353776,3287520334.70795,472387.421611018,202112110740
680,28782,645,13,6512,Tryon,"",990.479115479116,9904.79115479116,1239852111.02036,390005.579825198,202112110740
681,28783,195,3,1905,Tuckasegee,"",1023.62204724409,10236.2204724409,2507065764.50815,412465.098737655,202112110740
682,28785,862,7,8309,Waynesville,"",1037.42929353713,10374.2929353713,4680111391.07288,434987.630089387,202112110740
683,28786,2701,57,21837,Waynesville,"",1236.89151440216,12368.9151440216,2130537927.5513,319219.020654078,202112110740
684,28787,2719,43,20681,Weaverville,"",1314.73333010976,13147.3333010976,2146776657.76654,337936.038355961,202112110740
685,28789,703,7,6551,Whittier,"",1073.11860784613,10731.1860784613,1731085189.80936,281392.474737519,202112110740
686,28790,498,6,3775,Zirconia,"",1319.20529801325,13192.0529801325,1184634316.47168,272368.233599775,202112110740
687,28791,1917,36,15811,Hendersonville,"",1212.44703054835,12124.4703054835,466838231.125,123544.27336528,202112110740
688,28792,5506,92,37949,Hendersonville,"",1450.89462172916,14508.9462172916,2892120004.20319,483608.715059926,202112110740
689,28801,1519,26,16782,Asheville,"",905.136455726373,9051.36455726373,142991050.123962,66531.4000304091,202112110740
690,28803,3555,65,34731,Asheville,"",1023.58123866287,10235.8123866287,1148499781.62708,221583.067984848,202112110740
691,28804,2111,25,23302,Asheville,"",905.930821388722,9059.30821388722,818376430.368896,216401.982596761,202112110740
692,28805,1718,35,20394,Asheville,"",842.404628812396,8424.04628812396,743578799.615234,203043.782551957,202112110740
693,28806,5089,68,43841,Asheville,"",1160.78556602267,11607.8556602267,1123591112.45288,297671.815966071,202112110740
694,28901,922,20,6039,Andrews,"",1526.74283821825,15267.4283821825,1881090750.42804,271571.032581688,202112110740
695,28902,179,1,1562,Brasstown,"",1145.96670934699,11459.6670934699,645585335.657318,162521.113458697,202112110740
696,28904,1391,35,9535,Hayesville,"",1458.83586785527,14588.3586785527,5317145252.91805,403950.005454209,202112110740
697,28905,573,9,3548,Marble,"",1614.99436302142,16149.9436302142,1058320723.96715,269002.244098821,202112110740
698,28906,3041,53,20296,Murphy,"",1498.32479306267,14983.2479306267,9849733400.34212,586826.324547444,202112110740
699,28909,134,4,1068,Warne,"",1254.68164794008,12546.8164794008,269492752.319427,107722.293423693,202112110740
700,27533,574,3,0,"","",,,18055719.4014893,15817.3715737294,202112110740
701,27340,9,1,34,Saxapahaw,"",2647.05882352941,26470.5882352941,694758.987792969,3852.87240074502,202112110740
702,27411,177,0,847,Greensboro,"",2089.72845336482,20897.2845336482,713742.998291016,5860.23208289576,202112110740
703,27412,59,0,1886,Greensboro,"",312.831389183457,3128.31389183457,4771290.83532715,13054.7888333439,202112110740
704,27498,,,13,Greensboro,Population <500 and Cases <5,,,3369264.12316895,7774.18760349114,202112110740
705,27599,24,0,0,Chapel Hill,"",,,4275416.30163574,15555.1510255833,202112110740
706,27706,,,10,Durham,Population <500 and Cases <5,,,1281872.18347168,6816.757693542,202112110740
707,27711,,,62,Durham,Population <500 and Cases <5,,,11690491.0200195,25227.7794868175,202112110740
708,27810,546,9,4224,Belhaven,"",1292.61363636364,12926.1363636364,5320714553.85889,863428.562860574,202112110740
709,27821,45,1,343,Edward,"",1311.95335276968,13119.5335276968,180879118.265869,102716.617789089,202112110740
710,27824,159,0,1540,Engelhard,"",1032.46753246753,10324.6753246753,5755622445.56714,766498.765242208,202112110740
711,27826,109,2,1245,Fairfield,"",875.502008032129,8755.02008032128,5502010014.61365,681909.128335756,202112110740
712,27841,10,1,84,Hassell,"",1190.47619047619,11904.7619047619,5972995.94189453,12505.2057352129,202112110740
713,27872,37,1,429,Roxobel,"",862.470862470862,8624.70862470862,78668396.3901367,60062.9164687203,202112110740
714,27875,75,3,511,Scranton,"",1467.71037181996,14677.1037181996,1462926064.75208,668994.049821798,202112110740
715,27881,10,0,323,Speed,"",309.597523219814,3095.97523219814,45624486.2655029,35379.3892263349,202112110740
716,27919,130,2,1211,Belvidere,"",1073.49298100743,10734.9298100743,1805677755.21484,260299.205087965,202112110740
717,27920,152,0,1415,Buxton,"",1074.20494699647,10742.0494699647,251417477.481567,169552.58818934,202112110740
718,27921,596,7,5366,Camden,"",1110.69698099143,11106.9698099143,2216306760.15601,371309.805402765,202112110740
719,27923,77,0,990,Coinjock,"",777.777777777778,7777.77777777778,442853112.258789,222994.427279021,202112110740
720,27936,63,1,961,Frisco,"",655.567117585848,6555.67117585848,134638106.065186,108288.074251883,202112110740
721,27939,353,6,3370,Grandy,"",1047.47774480712,10474.7774480712,296874050.40332,237784.484514938,202112110740
722,27941,80,0,670,Harbinger,"",1194.02985074627,11940.2985074627,66348159.842041,42125.3614314888,202112110740
723,27943,42,0,491,Hatteras,"",855.397148676171,8553.97148676171,82146889.1915283,162150.406610954,202112110740
724,27947,102,1,845,Jarvisburg,"",1207.10059171598,12071.0059171598,181991023.044922,117825.871497151,202112110740
725,27953,143,1,992,Manns Harbor,"",1441.53225806452,14415.3225806452,4841742826.08521,775886.839802655,202112110740
726,27954,858,3,6405,Manteo,"",1339.57845433255,13395.7845433255,346159524.466309,171104.045001834,202112110740
727,27956,26,1,328,Maple,"",792.682926829268,7926.82926829268,91616147.3259277,62675.9008746753,202112110740
728,27960,132,0,899,Ocracoke,"",1468.29810901001,14682.9810901001,272996211.932129,221416.979930584,202112110740
729,27964,50,0,653,Point Harbor,"",765.696784073507,7656.96784073507,40700993.1791992,29044.1496807834,202112110740
730,27965,62,0,611,Poplar Branch,"",1014.72995090016,10147.2995090016,362463348.010742,286670.57703568,202112110740
731,27972,8,0,196,Salvo,"",408.163265306122,4081.63265306122,25839959.5158691,77591.8753697891,202112110740
732,27973,173,0,1493,Shawboro,"",1158.74079035499,11587.4079035499,1350823542.63281,279776.313560853,202112110740
733,27974,138,0,1375,Shiloh,"",1003.63636363636,10036.3636363636,1282875105.52026,448552.234751616,202112110740
734,27978,20,0,221,Stumpy Point,"",904.977375565611,9049.77375565611,3250437066.68713,488663.160212978,202112110740
735,27980,339,6,2075,Tyner,"",1633.73493975904,16337.3493975904,1319096560.03711,208839.628959426,202112110740
736,27981,249,1,1863,Wanchese,"",1336.5539452496,13365.539452496,183167116.380371,177755.254740471,202112110740
737,28077,70,0,557,High Shoals,"",1256.73249551167,12567.3249551167,25098303.871521,27989.3633622467,202112110740
738,28101,115,2,465,Mc Adenville,"",2473.11827956989,24731.1827956989,12210373.4969482,19058.3264759027,202112110740
739,28223,25,0,2941,Charlotte,"",85.0051003060184,850.051003060184,16745950.1914673,34959.7943637767,202112110740
740,28308,20,0,737,Pope Army Airfield,"",271.370420624152,2713.70420624152,90374263.7665405,45243.1542141805,202112110740
741,28375,30,0,155,Proctorville,"",1935.48387096774,19354.8387096774,16154829.5779114,21293.1141646593,202112110740
742,28519,84,2,328,Bridgeton,"",2560.9756097561,25609.756097561,3782179.40026855,11964.2990373982,202112110740
743,28520,31,1,352,Cedar Island,"",880.681818181818,8806.81818181818,633116579.775757,427477.052966736,202112110740
744,28524,45,1,443,Davis,"",1015.80135440181,10158.0135440181,547256692.822876,860357.358716607,202112110740
745,28527,213,2,905,Ernul,"",2353.59116022099,23535.9116022099,1145978492.04919,209684.397786102,202112110740
746,28528,65,0,640,Gloucester,"",1015.625,10156.25,74196560.923584,79933.9347539672,202112110740
747,28533,174,0,0,Cherry Point,"",,,253735788.170532,192645.367219711,202112110740
748,28537,19,0,186,Hobucken,"",1021.50537634409,10215.0537634409,891999129.25647,352204.851723087,202112110740
749,28544,765,9,5607,Midway Park,"",1364.36597110754,13643.6597110754,155759986.503357,92182.0384683424,202112110740
750,28545,212,0,4010,Mccutcheon Field,"",528.678304239402,5286.78304239402,145247654.855835,101700.276162633,202112110740
751,28552,14,0,131,Lowland,"",1068.70229007634,10687.0229007634,211084218.553589,104037.967496467,202112110740
752,28556,98,4,1150,Merritt,"",852.173913043478,8521.73913043478,1139666751.30212,394317.853497313,202112110740
753,28561,54,1,0,New Bern,"",,,195198.709350586,2618.49962886206,202112110740
754,28579,61,0,798,Smyrna,"",764.411027568922,7644.11027568922,633080494.557556,233023.142000653,202112110740
755,28581,22,1,224,Stacy,"",982.142857142857,9821.42857142857,2404669972.88318,703346.462367878,202112110740
756,28583,22,1,0,Stonewall,"",,,596710.740722656,3607.20989795631,202112110740
757,28587,47,1,324,Vandemere,"",1450.61728395062,14506.1728395062,250612018.426636,182903.197478108,202112110740
758,28611,114,2,978,Collettsville,"",1165.64417177914,11656.4417177914,2483135872.03735,419111.187381629,202112110740
759,28629,23,0,63,Glendale Springs,"",3650.79365079365,36507.9365079365,18113919.8492432,19773.9407564207,202112110740
760,28646,109,1,463,Linville,"",2354.21166306695,23542.1166306695,440709602.757813,156576.175660301,202112110740
761,28663,107,0,715,Piney Creek,"",1496.5034965035,14965.034965035,577849850.650269,137228.322788793,202112110740
762,28667,76,2,105,Rhodhiss,"",7238.09523809524,72380.9523809524,1309548.80932617,6065.66147149414,202112110740
763,28672,8,0,35,Scottville,"",2285.71428571429,22857.1428571429,62555584.7313232,47932.7256464108,202112110740
764,28698,234,2,1844,Zionville,"",1268.98047722343,12689.8047722343,762471326.925049,227334.653867248,202112110740
765,28708,72,1,1340,Balsam Grove,"",537.313432835821,5373.13432835821,795626278.709686,241272.033803256,202112110740
766,28709,238,2,2308,Barnardsville,"",1031.19584055459,10311.9584055459,1635213770.4093,231197.383485249,202112110740
767,28717,252,5,1471,Cashiers,"",1713.12032630863,17131.2032630863,1160000231.10587,300525.403558474,202112110740
768,28720,10,0,35,Chimney Rock,"",2857.14285714286,28571.4285714286,47877696.5422974,47768.4833790312,202112110740
769,28725,57,1,36,Dillsboro,"",,,1395548.49920654,7541.63511359509,202112110740
770,28733,12,0,200,Fontana Dam,"",600,6000,498075903.916718,200917.740964481,202112110740
771,28735,15,0,294,Gerton,"",510.204081632653,5102.04081632653,137680777.623108,92735.3834552802,202112110740
772,28743,261,7,2422,Hot Springs,"",1077.62180016515,10776.2180016515,2855463957.34918,351331.648547095,202112110740
773,28749,11,0,0,Little Switzerland,"",,,1713987.45050049,8852.52475284555,202112110740
774,28757,74,0,0,Montreat,"",,,129672.114624023,2617.87913210505,202112110740
775,28772,245,2,1942,Rosman,"",1261.5859938208,12615.859938208,577124059.134399,256613.212684218,202112110740
776,28774,141,3,1569,Sapphire,"",898.661567877629,8986.61567877629,1130246511.80005,224488.61951138,202112110740
777,28781,102,0,957,Topton,"",1065.83072100313,10658.3072100313,2402982140.90009,297913.620657843,202112110740
778,27969,6,0,0,Roduco,"",,,724387.010986328,3958.82496624679,202112110740
779,28253,,,0,Charlotte,Population <500 and Cases <5,,,133339.295837402,3050.2273713774,202112110740
780,28608,60,0,0,Boone,"",,,274774.708862305,3583.90419251761,202112110740
