OBJECTID,ZIPCode,Cases,Deaths,TotalPop,Place,Note,RatePer10K,RatePer100K,Shape__Area,Shape__Length,DataGatherTS
1,27006,885,3,14872,Advance,"",595.077998924153,5950.77998924153,1744189234.37061,355282.663136038,202101281922
2,27007,168,0,2136,Ararat,"",786.516853932584,7865.16853932584,592499585.594238,195922.003442792,202101281922
3,27009,217,1,2937,Belews Creek,"",738.849165815458,7388.49165815458,618093097.011353,191244.647442635,202101281922
4,27011,445,5,5411,Boonville,"",822.398817224173,8223.98817224173,1489580093.86462,316910.589814884,202101281922
5,27012,2208,34,28954,Clemmons,"",762.588934171444,7625.88934171444,1176567385.86804,255774.303165276,202101281922
6,27013,435,5,6495,Cleveland,"",669.745958429561,6697.45958429561,2066336247.98627,379169.285246239,202101281922
7,27014,53,0,957,Cooleemee,"",553.814002089864,5538.14002089864,21479098.032959,22299.1178929161,202101281922
8,27016,111,2,1682,Danbury,"",659.928656361474,6599.28656361474,1068209590.0686,211061.413302457,202101281922
9,27017,851,6,9499,Dobson,"",895.88377723971,8958.8377723971,2962951682.04883,566348.974052304,202101281922
10,27018,562,4,8221,East Bend,"",683.615131979078,6836.15131979078,2331567909.96985,255811.974556888,202101281922
11,27019,241,1,4234,Germanton,"",569.201700519603,5692.01700519603,977414017.819214,270248.259734795,202101281922
12,27020,550,5,6104,Hamptonville,"",901.048492791612,9010.48492791612,2114111622.36755,316969.486887135,202101281922
13,27021,1237,33,17979,King,"",688.024917959842,6880.24917959842,1469376476.14172,210392.900707099,202101281922
14,27022,73,1,1512,Lawsonville,"",482.804232804233,4828.04232804233,918745327.278442,200803.000966771,202101281922
15,27023,774,3,12775,Lewisville,"",605.87084148728,6058.7084148728,807172159.002075,183078.980128527,202101281922
16,27024,225,3,2683,Lowgap,"",838.613492359299,8386.13492359299,1265827411.39758,278411.484773322,202101281922
17,27025,856,4,11117,Madison,"",769.991904290726,7699.91904290726,2714649364.33142,468723.596670606,202101281922
18,27027,304,4,4017,Mayodan,"",756.783669405029,7567.83669405029,548179131.574585,172371.363079245,202101281922
19,27028,1979,15,28039,Mocksville,"",705.802632048219,7058.02632048219,5475621774.30664,567238.136149725,202101281922
20,27030,3185,67,37641,Mount Airy,"",846.151802555724,8461.51802555724,4824085732.75671,624989.724929863,202101281922
21,27040,783,4,13150,Pfafftown,"",595.437262357415,5954.37262357414,763349953.536133,205025.773716105,202101281922
22,27041,543,6,8020,Pilot Mountain,"",677.057356608479,6770.57356608479,1629462738.40637,324677.141569035,202101281922
23,27042,60,1,720,Pine Hall,"",833.333333333333,8333.33333333333,290758639.069458,113971.243586081,202101281922
24,27043,411,5,6442,Pinnacle,"",638.000620925178,6380.00620925178,1935795027.06067,395674.180712496,202101281922
25,27045,754,6,9583,Rural Hall,"",786.809975999165,7868.09975999165,666085549.25769,154538.589918543,202101281922
26,27046,119,1,1953,Sandy Ridge,"",609.318996415771,6093.18996415771,1237681699.0647,217125.573744555,202101281922
27,27047,90,0,1279,Siloam,"",703.674745895231,7036.74745895231,576295820.815674,144984.839113672,202101281922
28,27048,558,3,8902,Stoneville,"",626.825432487082,6268.25432487082,2355000804.03674,325454.766660313,202101281922
29,27050,235,2,4084,Tobaccoville,"",575.416258570029,5754.16258570029,703876500.567505,219088.1792708,202101281922
30,27051,546,5,8287,Walkertown,"",658.863279835888,6588.63279835887,524680317.775635,151066.808563308,202101281922
31,27052,710,14,10061,Walnut Cove,"",705.695258920584,7056.95258920584,2710320219.82117,403203.611044297,202101281922
32,27053,132,1,3156,Westfield,"",418.250950570342,4182.50950570342,2152815477.55933,413464.446930882,202101281922
33,27054,214,2,2608,Woodleaf,"",820.552147239264,8205.52147239264,778193820.583862,201172.963339102,202101281922
34,27055,1351,17,14521,Yadkinville,"",930.376695819847,9303.76695819847,3115987965.39453,403366.49229781,202101281922
35,27101,1372,31,24321,Winston Salem,"",564.121541055055,5641.21541055055,356085731.400146,162957.922513793,202101281922
36,27103,2355,24,36071,Winston Salem,"",652.879044107455,6528.79044107455,527249856.672729,146399.561156354,202101281922
37,27104,1962,26,29383,Winston Salem,"",667.733042915972,6677.33042915972,337669863.683838,130394.134288752,202101281922
38,27105,3093,27,40186,Winston Salem,"",769.67102971184,7696.7102971184,950547784.577881,208375.813794777,202101281922
39,27106,3241,29,51378,Winston Salem,"",630.814745610962,6308.14745610962,787324720.967285,203893.681115083,202101281922
40,27107,3852,30,52432,Winston Salem,"",734.665852914251,7346.65852914251,1859279716.41162,319111.813640457,202101281922
41,27127,3027,22,38510,Winston Salem,"",786.029602700597,7860.29602700597,820319160.873047,213438.375685158,202101281922
42,27157,30,0,5,Winston Salem,"",60000,6e+05,827769.094482422,4216.57245655308,202101281922
43,27203,2119,41,21876,Asheboro,"",968.641433534467,9686.41433534467,589408161.410522,188062.356665824,202101281922
44,27205,2790,36,34549,Asheboro,"",807.548698949318,8075.48698949318,6255653514.79199,588011.232518038,202101281922
45,27207,218,2,3806,Bear Creek,"",572.779821334735,5727.79821334735,2300194678.82397,473699.237818467,202101281922
46,27208,117,0,1691,Bennett,"",691.898285038439,6918.98285038439,1029479783.1405,215638.108979383,202101281922
47,27209,625,30,4151,Biscoe,"",1505.661286437,15056.61286437,1198089302.20734,259108.004034657,202101281922
48,27212,315,1,1600,Blanch,"",1968.75,19687.5,1328181375.12305,277007.39975067,202101281922
49,27214,754,4,11747,Browns Summit,"",641.866008342555,6418.66008342556,1414533235.94788,324969.092830869,202101281922
50,27215,3371,38,44892,Burlington,"",750.913303038403,7509.13303038403,1827823774.30115,298200.358945539,202101281922
51,27217,4098,72,39111,Burlington,"",1047.7870675769,10477.870675769,3473433663.33496,513818.51476852,202101281922
52,27229,445,11,4014,Candor,"",1108.61983059292,11086.1983059292,2747739848.89313,367384.611313313,202101281922
53,27231,91,0,2048,Cedar Grove,"",444.3359375,4443.359375,987771348.581177,209108.769362036,202101281922
54,27233,208,2,3647,Climax,"",570.331779544831,5703.31779544831,703252829.253662,187154.002103638,202101281922
55,27235,316,3,4575,Colfax,"",690.710382513661,6907.10382513661,380654027.583252,148521.339190303,202101281922
56,27239,640,6,9629,Denton,"",664.658843078201,6646.58843078201,4319759872.9696,429373.198159064,202101281922
57,27242,132,1,2668,Eagle Springs,"",494.752623688156,4947.52623688156,1480408484.01825,321391.030328654,202101281922
58,27243,211,3,4665,Efland,"",452.304394426581,4523.04394426581,1142332751.10315,311755.144165646,202101281922
59,27244,1293,13,16259,Elon,"",795.251860508026,7952.51860508026,1541989025.453,399696.340130384,202101281922
60,27248,278,4,4835,Franklinville,"",574.974146845915,5749.74146845915,942909114.352783,215710.992817749,202101281922
61,27249,829,5,13355,Gibsonville,"",620.741295394983,6207.41295394983,1679803774.77087,397477.611919868,202101281922
62,27252,74,2,2264,Goldston,"",326.855123674912,3268.55123674912,1142470673.17163,220926.147155476,202101281922
63,27253,2642,32,31464,Graham,"",839.689804220697,8396.89804220697,2351372927.78931,521476.969804177,202101281922
64,27258,519,7,7740,Haw River,"",670.542635658915,6705.42635658915,473631125.268677,312686.877842211,202101281922
65,27260,1638,31,25696,High Point,"",637.453300124533,6374.53300124533,348441568.963501,133229.878739789,202101281922
66,27262,1541,27,24764,High Point,"",622.274269100307,6222.74269100307,368730084.700928,171087.864383377,202101281922
67,27263,1618,30,22320,High Point,"",724.910394265233,7249.10394265233,1121512604.52234,249658.228757679,202101281922
68,27265,3094,37,50038,High Point,"",618.330069147448,6183.30069147448,1172957282.41284,307481.490778656,202101281922
69,27268,230,0,1695,High Point,"",1356.93215339233,13569.3215339233,2495618.64758301,8251.66869064816,202101281922
70,27278,1286,13,27181,Hillsborough,"",473.124609101946,4731.24609101946,2885765742.02771,502574.675043234,202101281922
71,27281,213,0,3710,Jackson Springs,"",574.123989218329,5741.23989218329,2095606802.2608,479969.724586594,202101281922
72,27282,1031,11,16597,Jamestown,"",621.196601795505,6211.96601795505,404066994.873657,168803.970950205,202101281922
73,27283,178,1,2982,Julian,"",596.914822266935,5969.14822266935,711286368.914917,161239.518798817,202101281922
74,27284,3859,49,56201,Kernersville,"",686.642586430846,6866.42586430847,2233069317.10205,420748.080109325,202101281922
75,27288,1535,12,23585,Eden,"",650.837396650413,6508.37396650413,1951079100.05676,304615.616752016,202101281922
76,27291,100,0,1538,Leasburg,"",650.195058517555,6501.95058517555,1492904663.44434,314720.365319101,202101281922
77,27292,2905,22,41465,Lexington,"",700.590859761244,7005.90859761244,4270233445.18579,407599.915340798,202101281922
78,27295,2970,35,39191,Lexington,"",757.827052129315,7578.27052129315,3631502180.53174,466742.919509858,202101281922
79,27298,594,6,10440,Liberty,"",568.965517241379,5689.65517241379,2639148530.03284,431527.987760386,202101281922
80,27299,442,1,5254,Linwood,"",841.263799010278,8412.63799010278,822543412.257813,203597.604040365,202101281922
81,27301,743,12,10019,Mc Leansville,"",741.590977143427,7415.90977143427,900133716.655151,287107.537324028,202101281922
82,27302,1883,5,32302,Mebane,"",582.936041112005,5829.36041112005,3198656461.27478,644303.59427532,202101281922
83,27305,121,1,1585,Milton,"",763.406940063092,7634.06940063092,687167820.539429,263836.485514183,202101281922
84,27306,524,12,5945,Mount Gilead,"",881.412952060555,8814.12952060555,5305900334.83325,426306.558627535,202101281922
85,27310,463,2,8562,Oak Ridge,"",540.76150432142,5407.6150432142,526240082.103149,140986.043049622,202101281922
86,27311,211,0,3220,Pelham,"",655.27950310559,6552.7950310559,1338371966.32642,293760.993606137,202101281922
87,27312,734,23,22205,Pittsboro,"",330.556181040306,3305.56181040306,5005768374.64233,617961.777569282,202101281922
88,27313,387,18,7288,Pleasant Garden,"",531.009879253568,5310.09879253567,760352714.59021,181619.740165306,202101281922
89,27314,47,1,1138,Prospect Hill,"",413.005272407733,4130.05272407733,773578280.842896,162162.976448062,202101281922
90,27315,95,0,2140,Providence,"",443.92523364486,4439.2523364486,697810511.310425,179457.95829655,202101281922
91,27316,559,13,7156,Ramseur,"",781.162660704304,7811.62660704304,1975410509.03577,278228.393914438,202101281922
92,27317,1328,14,17851,Randleman,"",743.9359139544,7439.359139544,1700826686.43616,339539.515262609,202101281922
93,27320,2445,16,38894,Reidsville,"",628.631665552527,6286.31665552527,6966725984.64832,658218.836963247,202101281922
94,27325,600,5,7676,Robbins,"",781.657113079729,7816.57113079729,2401051783.47894,409075.895347679,202101281922
95,27326,226,2,3692,Ruffin,"",612.134344528711,6121.34344528711,1884156536.74561,359587.547530237,202101281922
96,27330,3069,33,39529,Sanford,"",776.392015988262,7763.92015988262,6011213414.18433,528161.840140257,202101281922
97,27332,2180,21,33549,Sanford,"",649.795821037885,6497.95821037885,2996782209.29614,417113.164836099,202101281922
98,27341,348,0,5820,Seagrove,"",597.938144329897,5979.38144329897,2678433259.4787,311632.157547413,202101281922
99,27343,82,0,1840,Semora,"",445.652173913044,4456.52173913044,1390260353.39624,348769.311430722,202101281922
100,27344,1608,26,19290,Siler City,"",833.592534992224,8335.92534992224,4591228058.44531,607903.308882544,202101281922
101,27349,354,5,5850,Snow Camp,"",605.128205128205,6051.28205128205,1831279532.651,381750.490582419,202101281922
102,27350,420,5,7508,Sophia,"",559.403303143314,5594.03303143314,1066449848.573,204602.636460839,202101281922
103,27355,171,0,3196,Staley,"",535.043804755945,5350.43804755945,1016358702.6969,245160.332752788,202101281922
104,27356,276,5,3513,Star,"",785.653287788215,7856.53287788215,1815293543.21783,348288.37985576,202101281922
105,27357,662,6,8325,Stokesdale,"",795.195195195195,7951.95195195195,1273124268.28796,223115.118835702,202101281922
106,27358,779,2,15960,Summerfield,"",488.095238095238,4880.95238095238,1557557662.14905,323017.176053331,202101281922
107,27360,3710,43,48331,Thomasville,"",767.623264571393,7676.23264571393,2458732404.91687,372395.85217249,202101281922
108,27370,1140,26,14622,Trinity,"",779.647107098892,7796.47107098892,1663817222.16028,344702.900725307,202101281922
109,27371,688,8,7778,Troy,"",884.546155824119,8845.46155824119,4076136455.00793,473833.643450898,202101281922
110,27376,622,10,9884,West End,"",629.299878591663,6292.99878591663,1781050002.06519,320932.333330313,202101281922
111,27377,638,2,9597,Whitsett,"",664.791080546004,6647.91080546004,736936774.92627,183024.518653502,202101281922
112,27379,442,8,6057,Yanceyville,"",729.734191844147,7297.34191844147,2663338769.75159,422550.665080929,202101281922
113,27401,1298,12,20221,Greensboro,"",641.90692844073,6419.0692844073,171748092.127686,100334.769337553,202101281922
114,27403,1009,12,21278,Greensboro,"",474.19870288561,4741.9870288561,159396286.028687,87465.2545388649,202101281922
115,27405,3359,29,52510,Greensboro,"",639.687678537421,6396.87678537421,886695637.391357,284328.526421691,202101281922
116,27406,3830,72,60755,Greensboro,"",630.400790058431,6304.00790058431,1894160074.00403,327705.317343953,202101281922
117,27407,3165,33,49837,Greensboro,"",635.070329273431,6350.70329273431,840498790.451172,227731.576408348,202101281922
118,27408,925,3,17406,Greensboro,"",531.42594507641,5314.2594507641,221403500.549561,80148.1616765212,202101281922
119,27409,1035,9,17953,Greensboro,"",576.505319445218,5765.05319445218,603872824.646484,239783.02449594,202101281922
120,27410,2917,21,56968,Greensboro,"",512.041848055048,5120.41848055048,859363574.914917,272309.563854046,202101281922
121,27455,1774,29,29197,Greensboro,"",607.596670890845,6075.96670890845,816075696.678345,198282.860420201,202101281922
122,27501,1284,10,21338,Angier,"",601.74336863811,6017.4336863811,1683348454.90833,329143.189780915,202101281922
123,27502,1671,5,43747,Apex,"",381.969049306238,3819.69049306238,840126405.51062,242725.298081049,202101281922
124,27503,131,0,7222,Bahama,"",181.390196621435,1813.90196621435,1054708975.44934,246183.053747647,202101281922
125,27504,1329,15,16320,Benson,"",814.338235294118,8143.38235294118,2584462015.08862,486262.181304732,202101281922
126,27505,448,6,7308,Broadway,"",613.026819923372,6130.26819923372,1509842573.20557,320128.840505679,202101281922
127,27507,114,2,2053,Bullock,"",555.284948855334,5552.84948855334,1354883649.98218,266873.357504053,202101281922
128,27508,136,0,2340,Bunn,"",581.196581196581,5811.96581196581,312599782.273071,114289.902416244,202101281922
129,27509,1401,34,6935,Butner,"",2020.18745493872,20201.8745493872,507253453.414795,156294.942704551,202101281922
130,27510,642,6,14543,Carrboro,"",441.449494602214,4414.49494602214,88705554.5671387,57867.6032694508,202101281922
131,27511,1496,9,34041,Cary,"",439.470050821069,4394.70050821069,333520579.048462,98702.6527265331,202101281922
132,27513,1692,6,49003,Cary,"",345.284982552089,3452.84982552089,474399121.186279,162336.294574525,202101281922
133,27514,1236,21,32847,Chapel Hill,"",376.290072152708,3762.90072152708,579057212.663452,190879.985276748,202101281922
134,27516,1607,14,44117,Chapel Hill,"",364.258675793912,3642.58675793912,2564236091.9281,438904.079251583,202101281922
135,27517,971,10,28831,Chapel Hill,"",336.790260483507,3367.90260483507,1520140847.99951,299162.993678501,202101281922
136,27518,800,2,22765,Cary,"",351.416648363716,3514.16648363716,262665807.612671,130741.025823352,202101281922
137,27519,1857,6,59960,Cary,"",309.706470980654,3097.06470980654,609072010.422363,166930.324843009,202101281922
138,27520,3253,45,43958,Clayton,"",740.024568906684,7400.24568906684,1962402119.35425,374945.851452289,202101281922
139,27521,523,7,7149,Coats,"",731.5708490698,7315.708490698,721041350.168091,174373.299688566,202101281922
140,27522,848,3,13652,Creedmoor,"",621.154409610314,6211.54409610314,2172960809.67273,361578.814896966,202101281922
141,27523,487,0,12782,Apex,"",381.004537631044,3810.04537631044,1210964088.06177,294058.887697931,202101281922
142,27524,1087,10,13532,Four Oaks,"",803.281111439551,8032.81111439551,3831785222.9375,530912.577014992,202101281922
143,27525,1059,2,15534,Franklinton,"",681.730397837003,6817.30397837003,2660281050.9928,421324.476104612,202101281922
144,27526,2648,28,54027,Fuquay Varina,"",490.125307716512,4901.25307716512,2787678657.25134,460586.982042285,202101281922
145,27527,1822,5,30234,Clayton,"",602.632797512734,6026.32797512734,1261348608.45837,213730.175971786,202101281922
146,27529,3532,42,53854,Garner,"",655.847290823337,6558.47290823337,1666161335.17407,336033.618547781,202101281922
147,27530,2516,56,40212,Goldsboro,"",625.683875460062,6256.83875460062,2920081393.96802,465673.796837526,202101281922
148,27531,9,0,666,Goldsboro,"",135.135135135135,1351.35135135135,123956304.007813,71472.4653387502,202101281922
149,27534,2224,55,31819,Goldsboro,"",698.953455482573,6989.53455482573,1995982542.31616,394454.137280507,202101281922
150,27536,1397,41,16459,Henderson,"",848.775745792576,8487.75745792576,359552678.037964,148817.062353839,202101281922
151,27537,1868,31,25321,Henderson,"",737.727577899767,7377.27577899767,5545289733.50195,795404.906342346,202101281922
152,27539,1047,6,26567,Apex,"",394.097941054692,3940.97941054692,805959451.628174,335082.894750929,202101281922
153,27540,1796,3,39075,Holly Springs,"",459.628918746001,4596.28918746001,1299006108.57275,339054.617126205,202101281922
154,27541,220,1,4044,Hurdle Mills,"",544.015825914936,5440.15825914936,1979862536.66309,328579.598479954,202101281922
155,27542,670,11,10043,Kenly,"",667.131335258389,6671.31335258389,2499059670.1123,366253.348192187,202101281922
156,27544,274,1,4291,Kittrell,"",638.545793521324,6385.45793521324,1645813165.28467,322022.503716068,202101281922
157,27545,2366,28,30327,Knightdale,"",780.162891153098,7801.62891153098,885541868.759766,219250.012614228,202101281922
158,27546,1588,49,22436,Lillington,"",707.791050098057,7077.91050098057,3433026188.83105,510775.88711738,202101281922
159,27549,1700,30,25224,Louisburg,"",673.961306692039,6739.61306692039,6636124442.18066,817297.028533166,202101281922
160,27551,86,2,2205,Macon,"",390.022675736961,3900.22675736961,2443966870.98499,402849.299843212,202101281922
161,27553,428,0,2030,Manson,"",2108.37438423645,21083.7438423645,1245206626.07959,217969.561788749,202101281922
162,27556,16,0,298,Middleburg,"",536.912751677852,5369.12751677852,67850312.0914307,63490.7222823736,202101281922
163,27557,573,3,9214,Middlesex,"",621.879748209247,6218.79748209247,2046463550.40088,338861.342265204,202101281922
164,27559,107,0,2874,Moncure,"",372.303409881698,3723.03409881698,1458825370.29968,366837.077035256,202101281922
165,27560,1263,8,33691,Morrisville,"",374.877563741058,3748.77563741058,794384947.373291,268297.11970144,202101281922
166,27562,147,0,2791,New Hill,"",526.692941597994,5266.92941597994,1862081556.93738,349507.762295745,202101281922
167,27563,295,5,5312,Norlina,"",555.346385542169,5553.46385542169,1943381370.69177,412640.540954252,202101281922
168,27565,1948,38,26057,Oxford,"",747.591817937598,7475.91817937598,9219811779.9552,826827.222809144,202101281922
169,27569,755,4,8984,Princeton,"",840.382902938557,8403.82902938558,2107084820.73511,313917.550563748,202101281922
170,27571,508,0,7385,Rolesville,"",687.880839539607,6878.80839539607,149121249.193359,94251.9264704589,202101281922
171,27572,316,3,7316,Rougemont,"",431.930016402406,4319.30016402406,3003228111.9873,397658.617230022,202101281922
172,27573,811,37,11561,Roxboro,"",701.496410345126,7014.96410345126,501787874.430542,219611.309648669,202101281922
173,27574,806,7,15232,Roxboro,"",529.149159663866,5291.49159663866,5527133817.3114,691755.452465683,202101281922
174,27576,1538,16,20197,Selma,"",761.499232559291,7614.99232559291,2407427117.65723,339571.106645256,202101281922
175,27577,2431,29,25214,Smithfield,"",964.146902514476,9641.46902514476,2877290650.99841,416726.966278933,202101281922
176,27581,215,0,3956,Stem,"",543.478260869565,5434.78260869565,1038615853.81189,246789.101888964,202101281922
177,27583,452,4,7012,Timberlake,"",644.609241300628,6446.09241300628,1327957318.65857,326956.719649922,202101281922
178,27587,4793,41,74087,Wake Forest,"",646.942108602049,6469.42108602049,3132804734.81897,700749.84181148,202101281922
179,27589,527,4,8312,Warrenton,"",634.023099133782,6340.23099133782,4790731000.68542,626837.217934379,202101281922
180,27591,1813,11,23448,Wendell,"",773.200272944388,7732.00272944388,1913446220.02844,380727.392057269,202101281922
181,27592,948,3,17368,Willow Spring,"",545.831414094887,5458.31414094887,1090932847.86865,312475.180771683,202101281922
182,27596,1161,3,18655,Youngsville,"",622.353256499598,6223.53256499598,1519151285.28821,344366.073155402,202101281922
183,27597,2028,10,25494,Zebulon,"",795.481289715227,7954.81289715227,3191967656.80884,568385.679042481,202101281922
184,27601,695,5,12139,Raleigh,"",572.534805173408,5725.34805173408,49970514.2080078,41226.7428180515,202101281922
185,27603,3455,11,55479,Raleigh,"",622.758160745507,6227.58160745507,1420350588.63403,346107.072534996,202101281922
186,27604,3345,37,47645,Raleigh,"",702.067373281562,7020.67373281562,550434833.049927,194088.121184431,202101281922
187,27605,455,4,5253,Raleigh,"",866.171711403008,8661.71711403008,26954475.7900391,26465.2700663817,202101281922
188,27606,2459,8,47938,Raleigh,"",512.954232550378,5129.54232550378,750229681.939209,267151.497057326,202101281922
189,27607,1549,9,30296,Raleigh,"",511.288618959599,5112.88618959599,519162282.902344,200611.380547666,202101281922
190,27608,681,1,11603,Raleigh,"",586.917176592261,5869.17176592261,91889809.9622803,55583.7467967219,202101281922
191,27609,2379,19,38631,Raleigh,"",615.826667702104,6158.26667702105,310136046.756592,95880.163026763,202101281922
192,27610,6394,56,74203,Raleigh,"",861.690228157891,8616.90228157891,1211166911.84558,327751.489063642,202101281922
193,27612,2124,22,39208,Raleigh,"",541.726178330953,5417.26178330953,428868509.332275,164483.082879678,202101281922
194,27613,2146,11,46521,Raleigh,"",461.297048644698,4612.97048644698,675406849.409912,184431.643996557,202101281922
195,27614,1909,16,37689,Raleigh,"",506.513836928547,5065.13836928547,829063194.918701,218912.319813944,202101281922
196,27615,2402,38,46038,Raleigh,"",521.742908032495,5217.42908032495,525952454.993774,134192.839940925,202101281922
197,27616,4208,10,55260,Raleigh,"",761.491132826638,7614.91132826638,646426991.218628,201092.505637391,202101281922
198,27617,1018,2,19511,Raleigh,"",521.756957613654,5217.56957613654,230483847.672241,125016.743498849,202101281922
199,27701,1596,11,26489,Durham,"",602.514251198611,6025.14251198611,147212202.097778,89264.6755119976,202101281922
200,27703,4166,19,61351,Durham,"",679.043536372675,6790.43536372675,1376809528.09961,349864.156739061,202101281922
201,27704,3244,34,39369,Durham,"",823.998577561025,8239.98577561025,1307759376.10449,279407.953507315,202101281922
202,27705,2687,54,48078,Durham,"",558.883481010025,5588.83481010025,1155101566.94189,288440.086812307,202101281922
203,27707,2668,13,47036,Durham,"",567.225104175525,5672.25104175525,551326002.510864,228660.826032165,202101281922
204,27708,30,0,4635,Durham,"",64.7249190938511,647.249190938511,24140532.868042,39624.2440738689,202101281922
205,27709,104,0,4,Durham,"",260000,2600000,166810196.870483,93465.8554704913,202101281922
206,27710,,,0,Durham,Population <500 and Cases <5,,,3645590.83996582,9509.21127183631,202101281922
207,27712,1096,27,22055,Durham,"",496.939469508048,4969.39469508048,952678558.948486,239427.124284805,202101281922
208,27713,2517,20,53996,Durham,"",466.145640417809,4661.45640417809,1004016276.63342,186930.768828538,202101281922
209,27801,1330,17,21556,Rocky Mount,"",616.997587678605,6169.97587678605,1947625744.14368,298032.749540484,202101281922
210,27803,1431,18,22337,Rocky Mount,"",640.641088776469,6406.4108877647,1209689022.16736,314786.382274833,202101281922
211,27804,2365,69,29160,Rocky Mount,"",811.042524005487,8110.42524005487,1207912397.80139,237805.719395058,202101281922
212,27805,202,2,3769,Aulander,"",535.951180684532,5359.51180684532,3260348789.01416,427031.578041759,202101281922
213,27806,109,2,2441,Aurora,"",446.538303973781,4465.38303973781,3806890944.80762,575449.481817415,202101281922
214,27807,670,7,6940,Bailey,"",965.417867435159,9654.17867435159,1393278091.89233,266050.599193056,202101281922
215,27808,157,2,2481,Bath,"",632.809351068118,6328.09351068118,1375581489.5946,320371.987641635,202101281922
216,27809,370,4,5254,Battleboro,"",704.225352112676,7042.25352112676,2127311815.53979,418206.140952668,202101281922
217,27812,207,1,2951,Bethel,"",701.457133175195,7014.57133175195,1796512894.90283,307599.921723871,202101281922
218,27813,46,0,687,Black Creek,"",669.57787481805,6695.77874818049,17954681.8726807,21851.3845296183,202101281922
219,27814,91,2,1801,Blounts Creek,"",505.274847307052,5052.74847307052,2084052221.88855,349050.345630614,202101281922
220,27816,185,2,2634,Castalia,"",702.353834472285,7023.53834472285,1727056405.90051,269780.663460198,202101281922
221,27817,530,4,7777,Chocowinity,"",681.496721100681,6814.96721100681,3011254799.10022,441922.251479678,202101281922
222,27818,92,1,1269,Como,"",724.980299448384,7249.80299448384,1775223218.97412,291672.91933713,202101281922
223,27820,146,2,3292,Conway,"",443.499392466586,4434.99392466586,1787180209.86865,300570.413456991,202101281922
224,27822,717,9,9119,Elm City,"",786.270424388639,7862.70424388639,2421416079.34338,500329.938801193,202101281922
225,27823,558,8,7812,Enfield,"",714.285714285714,7142.85714285714,5279947738.18738,591795.38238411,202101281922
226,27827,19,0,99,Falkland,"",1919.19191919192,19191.9191919192,6818760.54968262,12365.1347191574,202101281922
227,27828,632,6,9031,Farmville,"",699.811759495073,6998.11759495073,1954373169.79175,304535.643741104,202101281922
228,27829,140,1,1872,Fountain,"",747.863247863248,7478.63247863248,1242859232.87109,276952.810668188,202101281922
229,27830,268,6,4858,Fremont,"",551.667352820091,5516.67352820091,1661392631.86707,301522.072838785,202101281922
230,27831,244,2,3588,Garysburg,"",680.044593088071,6800.44593088071,1733783751.73071,369102.732751728,202101281922
231,27832,265,5,2912,Gaston,"",910.027472527472,9100.27472527472,1029571544.94922,217897.088475999,202101281922
232,27834,4770,27,57505,Greenville,"",829.493087557604,8294.93087557604,5082356628.8689,890421.476518531,202101281922
233,27837,488,2,6506,Grimesland,"",750.076852136489,7500.76852136489,1710764546.60681,462288.004070908,202101281922
234,27839,171,2,3702,Halifax,"",461.912479740681,4619.12479740681,3728459644.54443,454921.143892168,202101281922
235,27840,50,2,535,Hamilton,"",934.579439252336,9345.79439252336,127567387.286499,59155.8177418193,202101281922
236,27842,53,0,1436,Henrico,"",369.08077994429,3690.8077994429,414285932.678223,116849.514846702,202101281922
237,27843,101,1,946,Hobgood,"",1067.6532769556,10676.532769556,1458584246.23853,232329.162988765,202101281922
238,27844,220,2,3039,Hollister,"",723.922342875946,7239.22342875946,1251113401.94934,274076.283965929,202101281922
239,27845,170,2,2841,Jackson,"",598.380851812742,5983.80851812742,2842001076.66528,416912.567186113,202101281922
240,27846,237,2,3069,Jamesville,"",772.238514173998,7722.38514173998,3050744149.28796,442133.927899832,202101281922
241,27847,48,0,1071,Kelford,"",448.179271708683,4481.79271708684,1048559305.60547,265580.578438826,202101281922
242,27849,89,2,1483,Lewiston Woodville,"",600.134861766689,6001.34861766689,2062202839.65674,367759.436044123,202101281922
243,27850,316,4,7413,Littleton,"",426.278159989208,4262.78159989208,5554617534.52942,570792.398502674,202101281922
244,27851,409,3,5595,Lucama,"",731.009830205541,7310.09830205541,1253082833.57764,200836.347936783,202101281922
245,27852,172,2,3454,Macclesfield,"",497.973364215402,4979.73364215402,1418996205.83582,268041.951522527,202101281922
246,27853,29,0,436,Margarettsville,"",665.137614678899,6651.37614678899,1061331085.73535,233986.055045062,202101281922
247,27855,369,4,6105,Murfreesboro,"",604.422604422604,6044.22604422604,1379257056.24951,246550.621363096,202101281922
248,27856,1542,20,17301,Nashville,"",891.277960811514,8912.77960811514,3696764195.94336,508647.139191863,202101281922
249,27857,102,3,1601,Oak City,"",637.101811367895,6371.01811367895,2180191629.70935,354763.313675516,202101281922
250,27858,4693,14,58170,Greenville,"",806.773250816572,8067.73250816572,1683129152.90881,395293.630437,202101281922
251,27860,148,1,2062,Pantego,"",717.749757516974,7177.49757516974,4384086912.80859,475177.331131482,202101281922
252,27862,35,1,945,Pendleton,"",370.37037037037,3703.7037037037,1337735767.81812,305131.144563485,202101281922
253,27863,793,15,12670,Pikeville,"",625.887924230466,6258.87924230466,1822358483.62146,414140.550515842,202101281922
254,27864,413,4,4823,Pinetops,"",856.313497822932,8563.13497822932,1058515929.69434,223861.53375515,202101281922
255,27865,152,1,2003,Pinetown,"",758.861707438842,7588.61707438842,3183419700.15735,407140.115990912,202101281922
256,27866,65,1,672,Pleasant Hill,"",967.261904761905,9672.61904761905,548856343.547363,183824.668332886,202101281922
257,27869,237,12,2167,Rich Square,"",1093.67789570835,10936.7789570835,2314340977.34839,283794.508144883,202101281922
258,27870,2291,42,26633,Roanoke Rapids,"",860.211016408215,8602.11016408215,1958976214.39966,237465.130853914,202101281922
259,27871,321,5,4466,Robersonville,"",718.763994626064,7187.63994626064,2640265625.23401,370404.169208956,202101281922
260,27874,298,9,4766,Scotland Neck,"",625.262274443978,6252.62274443978,3988089594.78687,425091.541566969,202101281922
261,27876,91,1,1290,Seaboard,"",705.426356589147,7054.26356589147,1161065802.28784,286123.221519332,202101281922
262,27880,325,0,3280,Sims,"",990.853658536585,9908.53658536586,661768421.449585,178936.521495753,202101281922
263,27882,671,8,7927,Spring Hope,"",846.47407594298,8464.7407594298,2721376125.90833,404465.358087667,202101281922
264,27883,254,3,4361,Stantonsburg,"",582.435221279523,5824.35221279523,2149873597.18677,378850.12800901,202101281922
265,27884,134,1,1545,Stokes,"",867.313915857605,8673.13915857605,1118165618.53992,178810.199825372,202101281922
266,27885,277,3,859,Swanquarter,"",3224.67986030268,32246.7986030268,3236637890.30994,778832.459471456,202101281922
267,27886,1692,63,21595,Tarboro,"",783.514702477425,7835.14702477425,5534275751.92761,530150.851444626,202101281922
268,27888,212,0,2803,Walstonburg,"",756.332500891902,7563.32500891902,1661899290.0293,260588.447365408,202101281922
269,27889,2458,55,27543,Washington,"",892.422757143376,8924.22757143376,4746901259.41052,624948.845007958,202101281922
270,27890,203,13,2398,Weldon,"",846.538782318599,8465.38782318599,250295126.203369,88214.5142201125,202101281922
271,27891,327,7,5011,Whitakers,"",652.564358411495,6525.64358411495,3802342458.24487,551887.618669609,202101281922
272,27892,1191,16,14363,Williamston,"",829.213952516884,8292.13952516884,4740161664.64209,528153.604658045,202101281922
273,27893,3581,79,40647,Wilson,"",880.999827785568,8809.99827785568,3134674028.43115,441390.734015219,202101281922
274,27896,1792,28,21212,Wilson,"",844.804827456157,8448.04827456157,1013992738.34033,260787.736893695,202101281922
275,27897,98,1,2467,Woodland,"",397.243615727604,3972.43615727604,1262848506.99878,250563.523857377,202101281922
276,27909,2509,71,40958,Elizabeth City,"",612.57873919625,6125.7873919625,6356628470.42627,720925.199090358,202101281922
277,27910,1070,43,11609,Ahoskie,"",921.698682057025,9216.98682057025,3854004911.8667,558805.248838311,202101281922
278,27915,25,0,758,Avon,"",329.815303430079,3298.15303430079,132797325.68457,159985.858445685,202101281922
279,27916,34,0,554,Aydlett,"",613.718411552347,6137.18411552347,175446906.710938,88834.9392660151,202101281922
280,27917,91,6,1084,Barco,"",839.483394833948,8394.83394833948,583346697.773926,150643.300800981,202101281922
281,27922,61,4,1107,Cofield,"",551.03884372177,5510.38843721771,1372106941.59424,230585.938382193,202101281922
282,27924,221,3,3509,Colerain,"",629.809062410943,6298.09062410943,2545571117.46045,325068.518729581,202101281922
283,27925,256,6,4164,Columbia,"",614.793467819404,6147.93467819404,9421043776.67224,822613.133571787,202101281922
284,27926,63,1,1965,Corapeake,"",320.610687022901,3206.10687022901,1084179276.0813,176947.978129327,202101281922
285,27927,22,0,613,Corolla,"",358.890701468189,3588.90701468189,685869287.21875,1266393.74615984,202101281922
286,27928,113,3,1888,Creswell,"",598.516949152542,5985.16949152542,3736346955.86023,344143.792077436,202101281922
287,27929,75,0,1949,Currituck,"",384.812724474089,3848.12724474089,352573124.774658,146317.944454099,202101281922
288,27932,1041,19,12644,Edenton,"",823.315406516925,8233.15406516925,3509551689.6084,391797.495792958,202101281922
289,27935,76,3,1674,Eure,"",454.00238948626,4540.0238948626,1443577833.21069,213483.780281898,202101281922
290,27937,173,1,4253,Gates,"",406.771690571361,4067.71690571361,2407949124.70361,290137.740864669,202101281922
291,27938,101,7,1430,Gatesville,"",706.293706293706,7062.93706293706,1202645918.03784,229961.178585235,202101281922
292,27942,47,0,936,Harrellsville,"",502.136752136752,5021.36752136752,927451831.666504,150762.800286803,202101281922
293,27944,658,3,12230,Hertford,"",538.021259198692,5380.21259198692,5013940953.42065,828274.577378666,202101281922
294,27946,60,0,1089,Hobbsville,"",550.964187327824,5509.64187327824,1234977495.96777,250163.996071758,202101281922
295,27948,536,0,12518,Kill Devil Hills,"",428.183415881131,4281.83415881131,288939959.776123,266090.270790261,202101281922
296,27949,292,2,7235,Kitty Hawk,"",403.593642017968,4035.93642017968,426732703.740967,296487.581606319,202101281922
297,27950,33,0,2183,Knotts Island,"",151.168117269812,1511.68117269812,1009906812.90234,393684.159837613,202101281922
298,27957,93,3,1419,Merry Hill,"",655.3911205074,6553.911205074,1345289022.66797,219570.3989813,202101281922
299,27958,463,5,12061,Moyock,"",383.881933504685,3838.81933504685,2191273226.67993,258895.732965411,202101281922
300,27959,140,1,2451,Nags Head,"",571.195430436557,5711.95430436556,464337538.219238,468359.824712585,202101281922
301,27962,461,13,7439,Plymouth,"",619.706949858852,6197.06949858852,2248894843.11377,323982.422404071,202101281922
302,27966,39,0,1473,Powells Point,"",264.765784114053,2647.65784114053,310362212.773438,140593.315765635,202101281922
303,27968,12,0,413,Rodanthe,"",290.556900726392,2905.56900726392,255307311.38855,376970.397727617,202101281922
304,27970,172,6,3214,Roper,"",535.158680771624,5351.58680771624,3979984913.95898,386215.845703473,202101281922
305,27976,158,1,3561,South Mills,"",443.695591126088,4436.95591126088,2739484648.62012,348819.066033239,202101281922
306,27979,54,0,1813,Sunbury,"",297.848869277441,2978.48869277441,2196378526.26221,272849.595585558,202101281922
307,27982,,,0,Waves,Population <500 and Cases <5,,,5381164.09509277,11228.317119066,202101281922
308,27983,817,23,10633,Windsor,"",768.362644597009,7683.62644597009,9431469996.22351,861662.756904591,202101281922
309,27986,147,2,2650,Winton,"",554.716981132075,5547.16981132075,374234308.870117,153016.850399202,202101281922
310,28001,2517,70,28360,Albemarle,"",887.517630465444,8875.17630465444,3791255242.38873,479491.354130006,202101281922
311,28006,98,0,1136,Alexis,"",862.676056338028,8626.76056338028,126883649.701416,88485.0702727942,202101281922
312,28012,2143,16,24276,Belmont,"",882.764870654144,8827.64870654144,865729022.118042,170607.841876971,202101281922
313,28016,1193,17,14526,Bessemer City,"",821.285969984855,8212.85969984855,1271825919.55414,236943.686135101,202101281922
314,28018,474,17,5943,Bostic,"",797.576981322564,7975.76981322564,2694770404.83051,433562.153950885,202101281922
315,28020,202,1,2464,Casar,"",819.805194805195,8198.05194805195,1475633951.64899,260515.821792163,202101281922
316,28021,1200,26,13436,Cherryville,"",893.122953259899,8931.22953259899,1626380587.60425,391038.422631114,202101281922
317,28023,1294,14,14843,China Grove,"",871.791416829482,8717.91416829482,1273875684.14087,277795.952246167,202101281922
318,28025,4236,57,55325,Concord,"",765.657478535924,7656.57478535924,2992149162.05573,466210.81613651,202101281922
319,28027,5172,55,74072,Concord,"",698.23955070742,6982.3955070742,1903468707.60345,332965.289746403,202101281922
320,28031,2164,21,31049,Cornelius,"",696.962865148636,6969.62865148636,672168572.25116,151594.592125485,202101281922
321,28032,291,1,3249,Cramerton,"",895.660203139428,8956.60203139428,59161626.1264038,51515.5503878613,202101281922
322,28033,321,3,3362,Crouse,"",954.788816180845,9547.88816180845,509703222.739563,189532.085619349,202101281922
323,28034,1987,26,17859,Dallas,"",1112.60428915393,11126.0428915393,1273410668.68243,215322.291269956,202101281922
324,28036,1165,12,18554,Davidson,"",627.896949444864,6278.96949444864,669928559.48645,197029.793668161,202101281922
325,28037,2007,6,23834,Denver,"",842.074347570697,8420.74347570697,1521729514.62848,312689.389421741,202101281922
326,28039,42,3,428,East Spencer,"",981.308411214953,9813.08411214953,13759835.5942383,34526.6128305972,202101281922
327,28040,601,7,8270,Ellenboro,"",726.723095525998,7267.23095525998,1773879551.02985,348064.117544275,202101281922
328,28043,2052,53,21472,Forest City,"",955.663189269747,9556.63189269747,1816346053.52002,348394.442075552,202101281922
329,28052,3360,68,36823,Gastonia,"",912.473182521793,9124.73182521793,1165429048.27631,189783.469072903,202101281922
330,28054,3689,60,40184,Gastonia,"",918.027075452917,9180.27075452917,562652947.772949,139549.083675328,202101281922
331,28056,3184,32,35595,Gastonia,"",894.507655569602,8945.07655569603,1342394953.02258,344787.60681341,202101281922
332,28071,253,4,3198,Gold Hill,"",791.119449656035,7911.19449656035,1345839018.92865,236923.074375116,202101281922
333,28073,442,7,5606,Grover,"",788.440956118445,7884.40956118445,702973243.533203,143952.911566798,202101281922
334,28075,1302,12,19174,Harrisburg,"",679.044539480547,6790.44539480547,656107496.741638,238150.023406484,202101281922
335,28078,4424,38,66079,Huntersville,"",669.501657107402,6695.01657107402,1870251820.14679,316647.648839996,202101281922
336,28079,2911,23,39813,Indian Trail,"",731.16821138824,7311.6821138824,1221176124.08392,283660.370334182,202101281922
337,28080,648,3,8157,Iron Station,"",794.409709452004,7944.09709452004,1095921164.38501,240845.709042299,202101281922
338,28081,2231,26,28249,Kannapolis,"",789.762469467946,7897.62469467946,862858421.935425,200259.108957382,202101281922
339,28083,2024,32,25877,Kannapolis,"",782.161765274182,7821.61765274182,582493569.448059,145983.725103448,202101281922
340,28086,2632,50,26988,Kings Mountain,"",975.248258485253,9752.48258485253,2467878462.36133,329807.139806484,202101281922
341,28088,302,1,3059,Landis,"",987.250735534488,9872.50735534488,72787169.9580688,52885.3256566675,202101281922
342,28090,607,10,8506,Lawndale,"",713.613919586174,7136.13919586174,2661358061.4715,458218.963524002,202101281922
343,28091,139,1,2353,Lilesville,"",590.73523161921,5907.35231619209,2694411423.45477,313074.926269122,202101281922
344,28092,3589,27,40052,Lincolnton,"",896.085089383801,8960.85089383801,3216596915.74634,535483.341451103,202101281922
345,28097,576,1,6124,Locust,"",940.561724363161,9405.61724363161,836579136.406799,181830.474266294,202101281922
346,28098,317,2,4010,Lowell,"",790.523690773067,7905.23690773067,99103128.4535522,49283.194148661,202101281922
347,28103,904,7,11346,Marshville,"",796.756566190728,7967.56566190728,4253866560.83563,449440.107851782,202101281922
348,28104,2101,9,32469,Matthews,"",647.078752040408,6470.78752040408,824578845.587585,325979.692599077,202101281922
349,28105,2904,58,45346,Matthews,"",640.409297402196,6404.09297402196,668165195.784729,278013.840820393,202101281922
350,28107,668,6,8210,Midland,"",813.641900121803,8136.41900121803,1388640520.38739,250943.513182056,202101281922
351,28110,4669,47,55536,Monroe,"",840.715932008067,8407.15932008067,3676478383.48267,422255.233862207,202101281922
352,28112,2410,30,28060,Monroe,"",858.873841767641,8588.73841767641,3713382117.46545,318461.97727687,202101281922
353,28114,620,4,9034,Mooresboro,"",686.296214301528,6862.96214301528,1900066101.23077,346437.871140422,202101281922
354,28115,2825,18,41536,Mooresville,"",680.132896764253,6801.32896764253,2057262512.61176,327151.756863337,202101281922
355,28117,3214,11,47608,Mooresville,"",675.096622416401,6750.96622416401,1555969690.69189,234425.757349855,202101281922
356,28119,221,5,3034,Morven,"",728.411338167436,7284.11338167436,1970357677.74512,298425.648226889,202101281922
357,28120,2004,26,24318,Mount Holly,"",824.080927707871,8240.80927707871,1001654680.08618,272689.093586748,202101281922
358,28124,463,5,7015,Mount Pleasant,"",660.014255167498,6600.14255167498,1620148303.23315,301866.136666845,202101281922
359,28125,210,1,2657,Mount Ulla,"",790.365073391043,7903.65073391042,1169162879.13867,198953.955252748,202101281922
360,28127,916,7,7631,New London,"",1200.36692438737,12003.6692438737,2159940152.89789,468250.659328753,202101281922
361,28128,616,6,8098,Norwood,"",760.681649790072,7606.81649790072,2054286113.35083,282114.674844027,202101281922
362,28129,452,4,6031,Oakboro,"",749.461117559277,7494.61117559277,1226619926.53345,219035.034364981,202101281922
363,28133,219,3,2713,Peachland,"",807.224474751198,8072.24474751198,2384968915.9574,421295.337069002,202101281922
364,28134,1013,19,11817,Pineville,"",857.239570110857,8572.39570110857,248618254.324951,88085.4538299007,202101281922
365,28135,439,5,5968,Polkton,"",735.58981233244,7355.8981233244,2916374106.84241,475980.429437206,202101281922
366,28137,263,1,3843,Richfield,"",684.361176164455,6843.61176164455,1223676252.05975,291589.496037827,202101281922
367,28138,890,17,11659,Rockwell,"",763.358778625954,7633.58778625954,1278406256.12445,357387.534646104,202101281922
368,28139,1784,67,20134,Rutherfordton,"",886.063375384921,8860.63375384921,5078697342.95056,674832.691106946,202101281922
369,28144,2118,47,25846,Salisbury,"",819.469163506926,8194.69163506926,867982991.287292,279505.654446658,202101281922
370,28146,2410,42,30382,Salisbury,"",793.232835231387,7932.32835231387,3012969418.7887,452196.720325258,202101281922
371,28147,2737,71,26204,Salisbury,"",1044.49702335521,10444.9702335521,2146390330.37,312495.471896358,202101281922
372,28150,2696,74,29296,Shelby,"",920.262151829601,9202.62151829601,3159764942.52783,579453.815714684,202101281922
373,28152,2249,32,26078,Shelby,"",862.412761714855,8624.12761714855,2247420971.2251,304211.560780765,202101281922
374,28159,337,12,3126,Spencer,"",1078.05502239283,10780.5502239283,51886096.1330566,42602.5220628392,202101281922
375,28160,466,9,4015,Spindale,"",1160.64757160648,11606.4757160648,170326604.450989,70799.3749654705,202101281922
376,28163,403,2,5814,Stanfield,"",693.154454764362,6931.54454764362,970276414.142883,191731.821086023,202101281922
377,28164,1330,38,15447,Stanley,"",861.008610086101,8610.08610086101,1144736813.58362,324856.854746788,202101281922
378,28166,726,13,9868,Troutman,"",735.711390352655,7357.11390352655,911716953.816406,217041.310552798,202101281922
379,28167,185,2,2418,Union Mills,"",765.09511993383,7650.9511993383,1934997992.23633,347927.953502144,202101281922
380,28168,917,8,10437,Vale,"",878.604963112005,8786.04963112005,2469130589.68384,340004.345415379,202101281922
381,28170,924,28,12494,Wadesboro,"",739.554986393469,7395.54986393469,5053183842.2157,655726.472285971,202101281922
382,28173,4014,21,63837,Waxhaw,"",628.788946849006,6287.88946849006,3045162637.21796,318858.064536165,202101281922
383,28174,944,4,9287,Wingate,"",1016.47464197265,10164.7464197265,985461754.807983,246986.820118662,202101281922
384,28202,1577,1,16755,Charlotte,"",941.211578633244,9412.11578633244,50452583.9099121,34485.9053855683,202101281922
385,28203,1720,5,19070,Charlotte,"",901.940220241217,9019.40220241217,91001089.479126,54761.2733662689,202101281922
386,28204,840,4,8738,Charlotte,"",961.318379491875,9613.18379491875,48899100.5548096,40761.7265321132,202101281922
387,28205,3904,50,51821,Charlotte,"",753.362536423458,7533.62536423458,335820474.82135,104910.810677792,202101281922
388,28206,1169,7,15244,Charlotte,"",766.85909210181,7668.59092101811,182577260.697876,71458.050216539,202101281922
389,28207,660,5,9761,Charlotte,"",676.160229484684,6761.60229484684,68333859.7921753,36157.3958026361,202101281922
390,28208,3450,32,39944,Charlotte,"",863.709192870018,8637.09192870018,595973347.5495,157267.598078636,202101281922
391,28209,1792,9,26012,Charlotte,"",688.912809472551,6889.12809472551,157335764.525879,72359.4847682198,202101281922
392,28210,3416,31,44704,Charlotte,"",764.137437365784,7641.37437365784,342547124.476257,112745.958411282,202101281922
393,28211,2087,56,31253,Charlotte,"",667.775893514223,6677.75893514223,292827786.05603,102838.759144167,202101281922
394,28212,3809,30,42744,Charlotte,"",891.119221411192,8911.19221411192,237710291.866211,96077.3791004252,202101281922
395,28213,4029,35,45338,Charlotte,"",888.658520446425,8886.58520446425,412614569.613403,162252.089416931,202101281922
396,28214,3861,26,41208,Charlotte,"",936.953989516599,9369.53989516599,965554836.030151,224926.880987091,202101281922
397,28215,5358,44,60256,Charlotte,"",889.206054168879,8892.06054168879,782010510.903748,222976.412140327,202101281922
398,28216,4693,44,58744,Charlotte,"",798.890099414408,7988.90099414408,857978895.941772,184761.316525275,202101281922
399,28217,2788,12,30875,Charlotte,"",902.995951417004,9029.95951417004,428067925.271423,132462.900799897,202101281922
400,28226,2489,28,40227,Charlotte,"",618.738658115196,6187.38658115196,430471271.22644,131097.087702525,202101281922
401,28227,4673,41,57319,Charlotte,"",815.26195502364,8152.6195502364,1173416755.00244,297066.255269002,202101281922
402,28262,3132,31,43683,Charlotte,"",716.983723645354,7169.83723645354,593648477.600464,159979.41236041,202101281922
403,28269,5567,39,81464,Charlotte,"",683.369341058627,6833.69341058627,840640266.840637,192155.045229048,202101281922
404,28270,1746,21,34753,Charlotte,"",502.40267027307,5024.0267027307,345778417.622314,161555.486865571,202101281922
405,28273,3608,30,40544,Charlotte,"",889.897395422257,8898.97395422257,614626385.142517,192801.276498243,202101281922
406,28277,3963,16,72020,Charlotte,"",550.263815606776,5502.63815606776,675381884.726379,144850.675101077,202101281922
407,28278,2337,8,32539,Charlotte,"",718.215064998924,7182.15064998924,902762098.137573,246465.469761239,202101281922
408,28301,1245,45,17717,Fayetteville,"",702.714906586894,7027.14906586894,348717238.9104,130217.445212828,202101281922
409,28303,1667,19,34600,Fayetteville,"",481.791907514451,4817.91907514451,540160738.043701,179304.154504403,202101281922
410,28304,2022,21,39651,Fayetteville,"",509.949307709768,5099.49307709768,491742944.185852,186465.416198877,202101281922
411,28305,305,3,5010,Fayetteville,"",608.782435129741,6087.82435129741,69895111.336731,49443.8950343603,202101281922
412,28306,2429,20,42565,Fayetteville,"",570.656642781628,5706.56642781628,2090603260.31519,562860.488861907,202101281922
413,28307,717,0,15486,Fort Bragg,"",462.998837659822,4629.98837659822,174879596.356018,92732.9092032322,202101281922
414,28310,825,0,8861,Fort Bragg,"",931.046157318587,9310.46157318587,506286340.902344,200733.090413706,202101281922
415,28311,1925,13,36046,Fayetteville,"",534.039837984797,5340.39837984797,1336136656.04889,240844.864072535,202101281922
416,28312,1163,15,18419,Fayetteville,"",631.413214615343,6314.13214615343,4341373681.0871,556260.336471475,202101281922
417,28314,3158,18,53642,Fayetteville,"",588.717795757056,5887.17795757056,816473670.87677,185615.29020179,202101281922
418,28315,929,12,13329,Aberdeen,"",696.976517368145,6969.76517368145,2049308469.85626,494397.056686911,202101281922
419,28318,331,2,4579,Autryville,"",722.865254422363,7228.65254422363,2217851356.83313,372935.466158955,202101281922
420,28320,624,4,9381,Bladenboro,"",665.174288455388,6651.74288455389,3248490168.58801,381864.201698899,202101281922
421,28323,266,0,4578,Bunnlevel,"",581.039755351682,5810.39755351682,1112191308.33496,301931.807656215,202101281922
422,28326,1182,5,22382,Cameron,"",528.102939862389,5281.02939862389,3242119864.63824,488036.1730633,202101281922
423,28327,1268,23,18273,Carthage,"",693.919991243912,6939.19991243912,5396542091.08795,586939.342565835,202101281922
424,28328,2824,42,26951,Clinton,"",1047.82753886683,10478.2753886683,6810728499.67102,657248.933701038,202101281922
425,28333,958,16,10709,Dudley,"",894.574656830703,8945.74656830703,1249687746.85376,213915.020571421,202101281922
426,28334,2360,29,26215,Dunn,"",900.247949647149,9002.47949647149,4497238669.98419,544402.158241248,202101281922
427,28337,848,16,11927,Elizabethtown,"",710.991867192085,7109.91867192085,5069041872.41577,577770.225904475,202101281922
428,28338,309,5,4804,Ellerbe,"",643.213988343048,6432.13988343048,3935542448.08881,492508.044174153,202101281922
429,28339,548,8,7226,Erwin,"",758.372543592582,7583.72543592582,1064553458.41333,310656.999787592,202101281922
430,28340,977,21,10738,Fairmont,"",909.852859005401,9098.52859005401,3757196814.59872,450516.228420329,202101281922
431,28341,438,2,5080,Faison,"",862.204724409449,8622.04724409449,2787115249.34564,421094.619116887,202101281922
432,28343,135,2,1567,Gibson,"",861.518825781749,8615.18825781748,458723474.164063,106909.663733147,202101281922
433,28344,300,5,3814,Godwin,"",786.575773466177,7865.75773466177,1128755315.22852,269142.265002464,202101281922
434,28345,1032,19,12656,Hamlet,"",815.423514538559,8154.23514538559,2126402412.95966,332606.523883072,202101281922
435,28347,189,0,1826,Hoffman,"",1035.04928806134,10350.4928806134,747268691.675964,194334.44204749,202101281922
436,28348,2238,19,36052,Hope Mills,"",620.769998890492,6207.69998890492,1166315651.14276,329846.853315969,202101281922
437,28349,335,13,3955,Kenansville,"",847.029077117573,8470.29077117573,1959246504.78113,326624.538750416,202101281922
438,28350,25,0,70,Lakeview,"",3571.42857142857,35714.2857142857,7876659.25891113,11657.1581787366,202101281922
439,28351,348,1,5269,Laurel Hill,"",660.466881761245,6604.66881761245,1788599136.13666,386362.394376361,202101281922
440,28352,2326,54,25298,Laurinburg,"",919.440271958258,9194.40271958257,3264782876.16284,438869.872406896,202101281922
441,28356,280,5,4914,Linden,"",569.80056980057,5698.0056980057,1497885580.84283,286294.988335977,202101281922
442,28357,195,2,3224,Lumber Bridge,"",604.838709677419,6048.38709677419,998095899.747498,200973.924425577,202101281922
443,28358,3658,62,38517,Lumberton,"",949.71051743386,9497.1051743386,5499536726.32037,504386.804277589,202101281922
444,28360,1484,18,14944,Lumberton,"",993.040685224839,9930.40685224839,1985862696.58282,363920.117329658,202101281922
445,28363,103,1,1079,Marston,"",954.587581093605,9545.87581093605,1736455559.11224,383927.716730152,202101281922
446,28364,1369,12,15170,Maxton,"",902.439024390244,9024.39024390244,3845135736.01221,464303.223304611,202101281922
447,28365,1415,32,17063,Mount Olive,"",829.279728066577,8292.79728066577,5449867058.99634,617077.136427741,202101281922
448,28366,494,6,5153,Newton Grove,"",958.664855424025,9586.64855424025,2293381130.24042,414618.719505341,202101281922
449,28369,172,4,2241,Orrum,"",767.514502454262,7675.14502454261,1800121585.61136,401393.305842191,202101281922
450,28371,423,5,7085,Parkton,"",597.035991531404,5970.35991531404,1005950088.08063,229991.086519014,202101281922
451,28372,1610,12,15254,Pembroke,"",1055.46086272453,10554.6086272453,1147770145.91595,255857.280522167,202101281922
452,28373,169,1,2552,Pinebluff,"",662.225705329154,6622.25705329154,460329066.992676,140223.621385681,202101281922
453,28374,1069,20,18171,Pinehurst,"",588.300038522921,5883.00038522921,609888351.153748,186776.563275303,202101281922
454,28376,2956,34,43831,Raeford,"",674.408523647647,6744.08523647647,8255601209.37079,618028.253174215,202101281922
455,28377,1255,23,13036,Red Springs,"",962.718625345198,9627.18625345198,2872865768.25568,446034.002241504,202101281922
456,28379,1926,46,25804,Rockingham,"",746.395907611223,7463.95907611223,4156662320.34821,486165.084209016,202101281922
457,28382,488,8,8006,Roseboro,"",609.542842867849,6095.42842867849,3525739741.42773,652666.741452106,202101281922
458,28383,727,7,7713,Rowland,"",942.564501490989,9425.64501490989,2904453853.97415,460017.981876533,202101281922
459,28384,1131,12,12414,Saint Pauls,"",911.068148864186,9110.68148864186,2850567240.80182,480450.415018018,202101281922
460,28385,272,3,3005,Salemburg,"",905.158069883528,9051.58069883527,1040463355.97156,321938.125650219,202101281922
461,28386,690,8,6068,Shannon,"",1137.11272247858,11371.1272247858,1134602512.8537,354913.796549299,202101281922
462,28387,1123,30,17139,Southern Pines,"",655.230760254391,6552.30760254391,810260751.658813,181010.127281146,202101281922
463,28390,1066,7,23494,Spring Lake,"",453.732867966289,4537.32867966289,1630867413.08136,287302.836124697,202101281922
464,28391,284,4,5326,Stedman,"",533.23319564401,5332.33195644011,1084470955.12604,202263.555324582,202101281922
465,28392,127,1,1554,Tar Heel,"",817.245817245817,8172.45817245817,925384379.987671,187529.786563955,202101281922
466,28393,200,3,2160,Turkey,"",925.925925925926,9259.25925925926,1437383838.7915,233550.655699493,202101281922
467,28394,348,4,6094,Vass,"",571.053495241221,5710.53495241221,1215312777.16113,300186.221923817,202101281922
468,28395,168,0,2657,Wade,"",632.292058712834,6322.92058712834,1382105528.22943,246616.208913961,202101281922
469,28396,166,5,2679,Wagram,"",619.634191862635,6196.34191862635,1631714382.90094,330475.243709585,202101281922
470,28398,772,20,7672,Warsaw,"",1006.25651720542,10062.5651720542,2739435952.33466,345606.723026117,202101281922
471,28399,138,1,1934,White Oak,"",713.547052740434,7135.47052740434,2338498223.40869,308489.981388208,202101281922
472,28401,1411,36,24213,Wilmington,"",582.7448065089,5827.448065089,925590291.269562,302995.405207511,202101281922
473,28403,2641,13,41945,Wilmington,"",629.634044582191,6296.34044582191,403456249.54361,135103.298695973,202101281922
474,28405,1917,22,33719,Wilmington,"",568.522198167205,5685.22198167205,694443662.189972,212896.044608315,202101281922
475,28409,1769,8,34974,Wilmington,"",505.804311774461,5058.04311774461,678530052.059952,626246.018361276,202101281922
476,28411,2113,17,38820,Wilmington,"",544.307058217414,5443.07058217414,1477023573.08954,591854.549770877,202101281922
477,28412,2213,20,42977,Wilmington,"",514.926588640436,5149.26588640436,635947452.301941,245813.217862995,202101281922
478,28420,291,5,5116,Ash,"",568.803752931978,5688.03752931978,4030119174.4476,622951.504256467,202101281922
479,28421,92,3,2040,Atkinson,"",450.980392156863,4509.80392156863,1701084244.28595,246250.995159075,202101281922
480,28422,324,7,8682,Bolivia,"",373.18590186593,3731.85901865929,2520456183.00197,406510.949073508,202101281922
481,28423,156,2,2285,Bolton,"",682.713347921225,6827.13347921225,4327886518.67657,560706.23791653,202101281922
482,28425,1019,12,12625,Burgaw,"",807.128712871287,8071.28712871287,4872852970.19843,522799.098840263,202101281922
483,28428,347,1,7142,Carolina Beach,"",485.85830299636,4858.5830299636,153392950.326767,131890.839899376,202101281922
484,28429,473,2,8542,Castle Hayne,"",553.734488410208,5537.34488410208,1146009267.92944,244578.64538817,202101281922
485,28430,154,2,2055,Cerro Gordo,"",749.391727493917,7493.91727493917,1294763521.80133,235369.368885516,202101281922
486,28431,564,15,6741,Chadbourn,"",836.671117044949,8366.71117044949,2019287633.59152,414968.282140326,202101281922
487,28432,187,3,1684,Clarendon,"",1110.4513064133,11104.513064133,913029717.719559,381140.327621417,202101281922
488,28433,344,2,5297,Clarkton,"",649.424202378705,6494.24202378705,3257754219.81824,497145.128049416,202101281922
489,28434,70,2,1357,Council,"",515.84377302874,5158.4377302874,2209417286.23001,262045.947095385,202101281922
490,28435,193,3,2931,Currie,"",658.478335039236,6584.78335039236,2746865502.37314,418800.327512466,202101281922
491,28436,153,1,2312,Delco,"",661.764705882353,6617.64705882353,1250613651.60083,304067.898737589,202101281922
492,28438,127,3,1688,Evergreen,"",752.369668246445,7523.69668246446,1324758692.31961,354385.951020837,202101281922
493,28439,97,5,1536,Fair Bluff,"",631.510416666667,6315.10416666667,667490225.496307,213264.007900786,202101281922
494,28441,270,4,3328,Garland,"",811.298076923077,8112.98076923077,3774857745.4223,555550.533903292,202101281922
495,28442,112,3,1734,Hallsboro,"",645.905420991926,6459.05420991926,1395074837.14975,336354.405393145,202101281922
496,28443,1377,12,22483,Hampstead,"",612.462749633056,6124.62749633056,4337834719.99771,560208.032392264,202101281922
497,28444,199,0,2278,Harrells,"",873.573309920983,8735.73309920983,3251010335.70935,548979.732892781,202101281922
498,28445,548,9,8142,Holly Ridge,"",673.053303856546,6730.53303856546,2835470197.40424,676482.174744674,202101281922
499,28447,132,0,1334,Ivanhoe,"",989.505247376312,9895.05247376312,2755654733.91089,442226.920323366,202101281922
500,28448,50,1,1216,Kelly,"",411.184210526316,4111.84210526316,2360585218.26868,400674.523076971,202101281922
501,28449,59,0,1958,Kure Beach,"",301.327885597549,3013.27885597548,112229003.875305,80695.004584803,202101281922
502,28450,172,8,2397,Lake Waccamaw,"",717.563621193158,7175.63621193158,1482484363.39343,277199.450521116,202101281922
503,28451,1856,9,39194,Leland,"",473.541868653365,4735.41868653365,5322314275.71591,771852.448618023,202101281922
504,28452,48,2,513,Longwood,"",935.672514619883,9356.72514619883,201031402.998276,76626.878203892,202101281922
505,28453,452,6,4137,Magnolia,"",1092.57916364515,10925.7916364515,2286467269.94287,428957.863476439,202101281922
506,28454,218,2,3549,Maple Hill,"",614.25753733446,6142.5753733446,3064407818.25446,319144.850869927,202101281922
507,28455,142,2,1718,Nakina,"",826.542491268917,8265.42491268917,1802269564.75485,339624.478895421,202101281922
508,28456,297,3,3566,Riegelwood,"",832.865956253505,8328.65956253505,1872158645.14374,368901.622022321,202101281922
509,28457,660,7,12840,Rocky Point,"",514.018691588785,5140.18691588785,3397895880.78387,551931.996451502,202101281922
510,28458,560,10,7018,Rose Hill,"",797.948133371331,7979.48133371331,3025757032.09851,549753.327973728,202101281922
511,28460,775,1,10588,Sneads Ferry,"",731.960710238005,7319.60710238005,868820245.916626,505270.66774661,202101281922
512,28461,653,5,20575,Southport,"",317.375455650061,3173.75455650061,2976816159.44659,699193.3729383,202101281922
513,28462,570,11,14309,Supply,"",398.350688377944,3983.50688377944,3173815797.17624,578042.071238933,202101281922
514,28463,1320,27,9865,Tabor City,"",1338.06386213887,13380.6386213887,3441446535.6745,489113.866817469,202101281922
515,28464,224,3,2491,Teachey,"",899.237254114813,8992.37254114813,651873569.02948,216752.818849917,202101281922
516,28465,269,3,8285,Oak Island,"",324.683162341581,3246.83162341581,278142792.540329,260764.452809295,202101281922
517,28466,861,24,10375,Wallace,"",829.879518072289,8298.79518072289,4134830722.40503,646652.750223625,202101281922
518,28467,648,9,11393,Calabash,"",568.770297551128,5687.70297551128,478052225.035095,182374.085490172,202101281922
519,28468,217,3,5394,Sunset Beach,"",402.298850574713,4022.98850574713,561581539.026329,281339.504069841,202101281922
520,28469,404,6,7481,Ocean Isle Beach,"",540.034754711937,5400.34754711937,718539224.77166,397460.188245044,202101281922
521,28470,690,25,13446,Shallotte,"",513.163766175814,5131.63766175814,1182514664.27979,362760.617388835,202101281922
522,28472,1504,37,20002,Whiteville,"",751.924807519248,7519.24807519248,5336860792.21823,836470.753006454,202101281922
523,28478,298,4,4976,Willard,"",598.87459807074,5988.7459807074,3641064446.79327,420805.470689162,202101281922
524,28479,332,5,4874,Winnabow,"",681.165367254821,6811.65367254822,2117768058.25922,493774.783138492,202101281922
525,28480,209,0,2737,Wrightsville Beach,"",763.609791742784,7636.09791742784,105606171.513519,198146.556810674,202101281922
526,28501,1131,25,19507,Kinston,"",579.791869585277,5797.91869585277,2991635337.302,625626.15035165,202101281922
527,28504,1718,38,21016,Kinston,"",817.472401979444,8174.72401979444,3402165916.96191,527051.926248194,202101281922
528,28508,236,5,2984,Albertson,"",790.884718498659,7908.84718498659,979966062.858154,216402.11543394,202101281922
529,28510,71,0,1543,Arapahoe,"",460.142579390797,4601.42579390797,492605022.366577,160146.449017413,202101281922
530,28511,22,0,628,Atlantic,"",350.31847133758,3503.1847133758,664520864.566406,632922.312503468,202101281922
531,28512,160,3,3689,Atlantic Beach,"",433.721875847113,4337.21875847113,159414908.561523,282548.210087653,202101281922
532,28513,764,2,10825,Ayden,"",705.773672055427,7057.73672055427,2611479123.85803,477095.460669019,202101281922
533,28515,211,2,3463,Bayboro,"",609.298296274906,6092.98296274906,1758589825.68518,437586.784820445,202101281922
534,28516,560,3,12482,Beaufort,"",448.64605031245,4486.4605031245,3384236686.76337,1001596.71803034,202101281922
535,28518,653,10,8803,Beulaville,"",741.792570714529,7417.92570714529,2702594658.36359,473932.945095065,202101281922
536,28521,168,8,2259,Chinquapin,"",743.691899070385,7436.91899070385,984336924.154663,232445.955683395,202101281922
537,28523,154,3,2274,Cove City,"",677.220756376429,6772.20756376429,2247611957.06177,297516.586083844,202101281922
538,28525,227,4,3309,Deep Run,"",686.007857358719,6860.07857358719,1368793733.10339,260376.07892082,202101281922
539,28526,135,2,2384,Dover,"",566.275167785235,5662.75167785235,2062614072.29626,437910.466683838,202101281922
540,28529,209,1,2539,Grantsboro,"",823.15872390705,8231.5872390705,2523317524.60889,412017.089612736,202101281922
541,28530,540,7,7474,Grifton,"",722.504682900723,7225.04682900723,1906098626.48975,426610.065184872,202101281922
542,28531,72,0,1414,Harkers Island,"",509.193776520509,5091.93776520509,96666650.4205933,159397.370996394,202101281922
543,28532,1049,7,25868,Havelock,"",405.520334003402,4055.20334003402,5072028576.29651,874966.498361209,202101281922
544,28538,298,2,3342,Hookerton,"",891.681627767804,8916.81627767804,837514346.679443,167225.326393657,202101281922
545,28539,820,8,18000,Hubert,"",455.555555555556,4555.55555555556,2158531628.89203,965472.416809674,202101281922
546,28540,3266,39,52400,Jacksonville,"",623.282442748092,6232.82442748092,3283488394.35052,547729.060516664,202101281922
547,28542,409,0,6146,Camp Lejeune,"",665.473478685324,6654.73478685324,1137151211.30426,554417.951637184,202101281922
548,28543,208,2,6618,Tarawa Terrace,"",314.294348745845,3142.94348745845,101812905.851257,81799.9494086723,202101281922
549,28546,3307,25,51963,Jacksonville,"",636.414371764525,6364.14371764525,2766403023.01086,429757.095409677,202101281922
550,28547,814,0,13868,Camp Lejeune,"",586.962792039227,5869.62792039227,321351155.112183,125030.1108688,202101281922
551,28551,1029,15,14265,La Grange,"",721.345951629863,7213.45951629863,3578620059.57935,402405.541085344,202101281922
552,28553,13,0,522,Marshallberg,"",249.04214559387,2490.4214559387,44093630.395752,64625.7950525978,202101281922
553,28555,270,0,4702,Maysville,"",574.223734581029,5742.23734581029,3623337430.05573,600372.548840717,202101281922
554,28557,816,6,15254,Morehead City,"",534.941654647961,5349.41654647961,400526127.961975,291647.007459014,202101281922
555,28560,2029,48,28926,New Bern,"",701.44506672198,7014.4506672198,3309199654.78784,1030041.14449326,202101281922
556,28562,2696,33,38009,New Bern,"",709.305690757452,7093.05690757452,3853792240.20764,1071472.47820273,202101281922
557,28570,1224,2,22687,Newport,"",539.516022391678,5395.16022391678,4050945831.7467,612371.091717979,202101281922
558,28571,79,1,3137,Oriental,"",251.832961428116,2518.32961428116,1482289449.53186,353024.47769856,202101281922
559,28572,506,6,6379,Pink Hill,"",793.227778648691,7932.27778648691,3042675125.74115,395176.694907307,202101281922
560,28573,183,13,2475,Pollocksville,"",739.393939393939,7393.93939393939,3035889883.2348,360117.83631843,202101281922
561,28574,1298,13,17702,Richlands,"",733.250480171732,7332.50480171732,3868294357.7301,523654.71280993,202101281922
562,28577,9,0,595,Sealevel,"",151.260504201681,1512.60504201681,131607264.267456,82049.6590834025,202101281922
563,28578,510,6,7044,Seven Springs,"",724.020442930153,7240.20442930153,1837860745.29797,304549.150963809,202101281922
564,28580,930,27,12031,Snow Hill,"",773.00307538858,7730.0307538858,3261656823.56982,373362.024423985,202101281922
565,28582,91,2,1824,Stella,"",498.90350877193,4989.0350877193,566119411.242798,233745.537488707,202101281922
566,28584,641,4,12910,Swansboro,"",496.514329976762,4965.14329976762,870417864.570801,630505.524420815,202101281922
567,28585,209,3,4170,Trenton,"",501.199040767386,5011.99040767386,5857263271.9624,616313.550954669,202101281922
568,28586,941,6,8427,Vanceboro,"",1116.64886673787,11166.4886673787,3798727344.79224,393188.365406213,202101281922
569,28590,2118,13,26551,Winterville,"",797.710067417423,7977.10067417423,1153236268.85608,260797.112041444,202101281922
570,28594,236,3,3678,Emerald Isle,"",641.653072321914,6416.53072321914,161880563.377441,206007.39513627,202101281922
571,28601,5070,77,49848,Hickory,"",1017.09195955705,10170.9195955705,1378207425.05768,365850.750506082,202101281922
572,28602,2771,59,31218,Hickory,"",887.628932026395,8876.28932026395,1938678919.97003,319569.803956005,202101281922
573,28604,350,3,6449,Banner Elk,"",542.719801519615,5427.19801519615,1915326545.24634,325836.980718489,202101281922
574,28605,215,3,4143,Blowing Rock,"",518.947622495776,5189.47622495776,895784503.144714,248689.345104092,202101281922
575,28606,141,1,2367,Boomer,"",595.690747782003,5956.90747782003,1247639586.18042,214129.251492026,202101281922
576,28607,2015,16,37481,Boone,"",537.605720231584,5376.05720231584,2776057252.95807,555835.87368089,202101281922
577,28609,478,6,6457,Catawba,"",740.281864643023,7402.81864643023,1341728385.28827,281255.134101197,202101281922
578,28610,902,8,10238,Claremont,"",881.031451455362,8810.31451455362,1121879522.66571,308096.881521473,202101281922
579,28612,1188,29,14906,Connelly Springs,"",796.99449885952,7969.9449885952,2400642845.42798,441028.943696581,202101281922
580,28613,2433,40,25216,Conover,"",964.863578680203,9648.63578680203,1220326345.78546,362168.639637895,202101281922
581,28615,84,0,1883,Creston,"",446.096654275093,4460.96654275093,1868599532.61511,272770.247470023,202101281922
582,28617,154,3,2451,Crumpler,"",628.314973480212,6283.14973480212,986888820.641235,263906.737953269,202101281922
583,28618,108,1,2480,Deep Gap,"",435.483870967742,4354.83870967742,1010729766.2395,224128.286954044,202101281922
584,28621,952,26,10400,Elkin,"",915.384615384615,9153.84615384615,1827310682.30029,492431.108964796,202101281922
585,28622,175,0,2638,Elk Park,"",663.381349507202,6633.81349507202,922706854.79248,228052.883765708,202101281922
586,28623,120,0,1716,Ennice,"",699.300699300699,6993.00699300699,790959225.749146,176648.995975267,202101281922
587,28624,109,3,1893,Ferguson,"",575.80559957739,5758.0559957739,1893859856.27216,280305.359064925,202101281922
588,28625,2991,54,38862,Statesville,"",769.646441253667,7696.46441253667,5528677082.18164,627405.10903711,202101281922
589,28626,91,1,3001,Fleetwood,"",303.232255914695,3032.32255914695,819063990.876587,148645.734339712,202101281922
590,28627,53,0,1534,Glade Valley,"",345.501955671447,3455.01955671447,929851696.585571,229623.659776181,202101281922
591,28630,1935,8,20369,Granite Falls,"",949.972998183514,9499.72998183514,1749206123.14734,364175.180926025,202101281922
592,28631,58,0,536,Grassy Creek,"",1082.08955223881,10820.8955223881,666742006.060913,167245.211138671,202101281922
593,28634,366,2,5269,Harmony,"",694.628961852344,6946.28961852344,1708637469.52393,380041.00063272,202101281922
594,28635,265,4,4032,Hays,"",657.242063492063,6572.42063492064,1589254753.84888,282956.554467362,202101281922
595,28636,464,8,5186,Hiddenite,"",894.716544543,8947.16544543,1563401720.00476,343683.132287545,202101281922
596,28637,260,3,1583,Hildebran,"",1642.4510423247,16424.510423247,75804105.8025513,39679.7431148789,202101281922
597,28638,1152,2,12560,Hudson,"",917.197452229299,9171.97452229299,586195125.955933,179942.259882133,202101281922
598,28640,424,15,4805,Jefferson,"",882.414151925078,8824.14151925078,1056537388.6748,302637.68949569,202101281922
599,28642,449,4,5578,Jonesville,"",804.948010039441,8049.48010039441,922184812.2677,173376.666314256,202101281922
600,28643,169,2,3443,Lansing,"",490.851002033111,4908.51002033111,2044042930.41492,275858.107391137,202101281922
601,28644,70,0,1570,Laurel Springs,"",445.859872611465,4458.59872611465,2045165288.09131,297831.475142139,202101281922
602,28645,4304,27,47621,Lenoir,"",903.802944079293,9038.02944079293,9179149391.98291,930216.037146458,202101281922
603,28649,62,0,1034,Mc Grady,"",599.613152804642,5996.13152804642,1036137984.80469,190682.670149615,202101281922
604,28650,1146,13,13374,Maiden,"",856.886496186631,8568.86496186631,1278104496.07623,377336.649296681,202101281922
605,28651,467,7,6653,Millers Creek,"",701.938974898542,7019.38974898542,2065649255.9353,349078.290644553,202101281922
606,28654,271,4,3800,Moravian Falls,"",713.157894736842,7131.57894736842,1821577421.53857,295573.209104024,202101281922
607,28655,4853,47,58249,Morganton,"",833.147350169102,8331.47350169102,9153179930.14331,677983.745386267,202101281922
608,28657,702,13,9610,Newland,"",730.489073881374,7304.89073881374,3935578521.47217,457051.359413869,202101281922
609,28658,2714,33,25858,Newton,"",1049.57846701214,10495.7846701214,2022657893.02307,451555.722478837,202101281922
610,28659,1726,30,21013,North Wilkesboro,"",821.396278494266,8213.96278494265,2817470108.66394,743040.466864702,202101281922
611,28660,164,0,2336,Olin,"",702.054794520548,7020.54794520548,892135691.594116,224297.744075571,202101281922
612,28665,177,3,2986,Purlear,"",592.766242464836,5927.66242464836,1778038258.60608,240271.301413849,202101281922
613,28668,22,0,39,Roaring Gap,"",5641.02564102564,56410.2564102564,150579895.761963,97868.8716295681,202101281922
614,28669,183,0,3133,Roaring River,"",584.104691988509,5841.04691988509,1299426384.18799,252536.432806368,202101281922
615,28670,210,3,3183,Ronda,"",659.754948162111,6597.54948162111,1123975912.01135,257469.478215133,202101281922
616,28673,462,5,6621,Sherrills Ford,"",697.77979157227,6977.7979157227,852092289.759583,248402.605359209,202101281922
617,28675,548,3,6805,Sparta,"",805.290227773696,8052.90227773696,2977111225.9541,397880.21838125,202101281922
618,28676,242,2,3444,State Road,"",702.67131242741,7026.7131242741,830902972.436646,197653.666386266,202101281922
619,28677,2875,44,35614,Statesville,"",807.266805188971,8072.66805188971,2372250827.99042,364916.143502524,202101281922
620,28678,369,1,5252,Stony Point,"",702.589489718203,7025.89489718203,1249807753.12482,237772.476162198,202101281922
621,28679,77,1,2122,Sugar Grove,"",362.865221489161,3628.65221489161,636943392.934937,227619.317646308,202101281922
622,28681,2499,47,26959,Taylorsville,"",926.963166289551,9269.63166289551,4726487412.65814,412700.759417833,202101281922
623,28682,76,1,1099,Terrell,"",691.537761601456,6915.37761601456,164657442.78833,108427.066369374,202101281922
624,28683,112,1,1934,Thurmond,"",579.110651499483,5791.10651499483,988749233.112671,203358.60410099,202101281922
625,28684,70,1,2175,Todd,"",321.83908045977,3218.3908045977,1383524229.94177,292392.138653963,202101281922
626,28685,108,0,1908,Traphill,"",566.037735849057,5660.37735849057,1296786088.98804,215086.939280452,202101281922
627,28689,148,0,1662,Union Grove,"",890.493381468111,8904.93381468111,1218398001.86389,304792.24772459,202101281922
628,28690,768,12,9427,Valdese,"",814.681234751246,8146.81234751246,668624773.04187,213466.610171622,202101281922
629,28692,214,1,4504,Vilas,"",475.133214920071,4751.33214920071,1091553223.68976,286379.955820553,202101281922
630,28693,90,1,1693,Warrensville,"",531.600708800945,5316.00708800945,621923811.260986,170328.387778476,202101281922
631,28694,494,11,8033,West Jefferson,"",614.963276484501,6149.63276484501,2188720146.69934,416426.801998168,202101281922
632,28697,1147,31,13376,Wilkesboro,"",857.505980861244,8575.05980861244,1810927272.521,565265.362104433,202101281922
633,28701,218,1,4830,Alexander,"",451.345755693582,4513.45755693582,557040025.003723,178622.867954755,202101281922
634,28702,13,0,704,Almond,"",184.659090909091,1846.59090909091,749571990.457794,168899.042279792,202101281922
635,28704,1363,15,21728,Arden,"",627.30117820324,6273.0117820324,1481682958.97644,329012.999643476,202101281922
636,28705,330,1,7168,Bakersville,"",460.379464285714,4603.79464285714,3538838336.04175,376028.663142582,202101281922
637,28711,644,24,15250,Black Mountain,"",422.295081967213,4222.95081967213,2289646423.50623,432841.10713665,202101281922
638,28712,887,13,19644,Brevard,"",451.537365098758,4515.37365098758,3743370041.24365,607196.289251344,202101281922
639,28713,541,5,9333,Bryson City,"",579.663559412836,5796.63559412836,7085157294.99072,658029.652447302,202101281922
640,28714,1163,20,17066,Burnsville,"",681.471932497363,6814.71932497363,7287599937.88281,538818.932986382,202101281922
641,28715,1332,20,27289,Candler,"",488.108761772143,4881.08761772143,1975153881.5733,274379.594297132,202101281922
642,28716,1010,39,18650,Canton,"",541.554959785523,5415.54959785523,4450693739.33826,450946.985814241,202101281922
643,28718,15,0,607,Cedar Mountain,"",247.116968698517,2471.16968698517,604740430.192017,157079.894608512,202101281922
644,28719,804,9,6945,Cherokee,"",1157.66738660907,11576.6738660907,6313532001.74988,506970.161305604,202101281922
645,28721,552,4,10866,Clyde,"",508.006626173385,5080.06626173385,3262240884.20239,451646.750156333,202101281922
646,28722,419,5,6854,Columbus,"",611.321855850598,6113.21855850598,1330435890.70984,371441.890606651,202101281922
647,28723,771,0,11678,Cullowhee,"",660.215790375064,6602.15790375064,2829089767.59064,521400.904374382,202101281922
648,28726,265,3,3477,East Flat Rock,"",762.151279838942,7621.51279838942,62782212.3257446,52681.8363735949,202101281922
649,28729,186,1,2978,Etowah,"",624.580255204835,6245.80255204835,115914409.369507,74718.0620947517,202101281922
650,28730,364,2,10068,Fairview,"",361.541517679778,3615.41517679778,1334723772.69336,277836.650121475,202101281922
651,28731,686,8,9271,Flat Rock,"",739.94175385611,7399.4175385611,910498937.374664,308715.430561088,202101281922
652,28732,964,1,18899,Fletcher,"",510.079898407323,5100.79898407323,1163648233.76184,268599.174805656,202101281922
653,28734,1710,7,28423,Franklin,"",601.625444182528,6016.25444182528,8413329787.90622,680710.034553254,202101281922
654,28736,40,0,740,Glenville,"",540.540540540541,5405.40540540541,845894035.551971,243241.394198335,202101281922
655,28739,1020,13,21994,Hendersonville,"",463.762844412112,4637.62844412112,1809199500.98254,354883.696935043,202101281922
656,28740,124,0,2123,Green Mountain,"",584.079133301931,5840.79133301931,2560353451.70599,391601.88482291,202101281922
657,28741,212,2,3135,Highlands,"",676.236044657097,6762.36044657097,2488322100.83908,291652.561708351,202101281922
658,28742,147,2,2834,Horse Shoe,"",518.701482004234,5187.01482004234,759756422.807678,323788.261855291,202101281922
659,28745,51,0,598,Lake Junaluska,"",852.842809364548,8528.42809364549,24208240.7459412,20619.3143809221,202101281922
660,28746,146,4,2583,Lake Lure,"",565.234223770809,5652.34223770809,1635267198.94843,301403.103342596,202101281922
661,28747,68,1,2517,Lake Toxaway,"",270.162892332141,2701.62892332141,1644170650.80768,278687.825520297,202101281922
662,28748,576,9,12684,Leicester,"",454.115421002838,4541.15421002838,2568900770.12885,433742.542694055,202101281922
663,28751,212,4,3738,Maggie Valley,"",567.148207597646,5671.48207597646,1196971956.93442,252655.252396679,202101281922
664,28752,2894,32,31501,Marion,"",918.70099361925,9187.0099361925,6843838240.70496,729852.019397462,202101281922
665,28753,596,7,12286,Marshall,"",485.104997558196,4851.04997558196,7221367422.4903,582321.875436496,202101281922
666,28754,471,18,8823,Mars Hill,"",533.832029921795,5338.32029921795,2532637146.55933,336365.654274913,202101281922
667,28756,232,1,4770,Mill Spring,"",486.373165618449,4863.73165618449,2319967191.40479,359387.276461913,202101281922
668,28759,419,6,7867,Mills River,"",532.604550654633,5326.04550654633,710290580.507599,219074.688607406,202101281922
669,28761,790,14,8493,Nebo,"",930.177793476981,9301.77793476981,3254647047.74689,448908.605974669,202101281922
670,28762,517,3,7603,Old Fort,"",679.994738918848,6799.94738918848,2996741187.4848,387268.208256283,202101281922
671,28763,127,2,2864,Otto,"",443.435754189944,4434.35754189944,1145043002.66425,202810.842815888,202101281922
672,28766,82,0,1526,Penrose,"",537.35255570118,5373.5255570118,159626292.482056,88900.5625977206,202101281922
673,28768,356,1,7895,Pisgah Forest,"",450.918302723243,4509.18302723243,2244655883.74216,321689.536597621,202101281922
674,28771,494,12,8212,Robbinsville,"",601.558694593278,6015.58694593278,9086438704.3884,732920.807564289,202101281922
675,28773,185,5,3508,Saluda,"",527.366020524515,5273.66020524515,1396855034.24573,267712.497423626,202101281922
676,28775,27,1,493,Scaly Mountain,"",547.667342799189,5476.67342799189,456631744.06662,130336.94180952,202101281922
677,28777,1274,14,10391,Spruce Pine,"",1226.06101433933,12260.6101433933,1968811938.32007,332780.684408785,202101281922
678,28778,533,6,10803,Swannanoa,"",493.38146811071,4933.8146811071,692162823.950317,188030.795128165,202101281922
679,28779,1093,13,17610,Sylva,"",620.670073821692,6206.70073821692,3287520334.70795,472387.421611018,202101281922
680,28782,319,7,6512,Tryon,"",489.864864864865,4898.64864864865,1239852111.02036,390005.579825198,202101281922
681,28783,90,3,1905,Tuckasegee,"",472.44094488189,4724.4094488189,2507065764.50815,412465.098737654,202101281922
682,28785,319,1,8309,Waynesville,"",383.921049464436,3839.21049464436,4680111391.07288,434987.630089387,202101281922
683,28786,1065,26,21837,Waynesville,"",487.704354993818,4877.04354993818,2130537927.5513,319219.020654079,202101281922
684,28787,1146,13,20681,Weaverville,"",554.13181180794,5541.3181180794,2146776657.76654,337936.038355962,202101281922
685,28789,292,1,6551,Whittier,"",445.733475805221,4457.33475805221,1731085189.80936,281392.474737519,202101281922
686,28790,222,0,3775,Zirconia,"",588.079470198675,5880.79470198676,1184634316.47168,272368.233599775,202101281922
687,28791,978,19,15811,Hendersonville,"",618.556701030928,6185.56701030928,466838231.125,123544.27336528,202101281922
688,28792,2531,51,37949,Hendersonville,"",666.947745658647,6669.47745658647,2892120004.20319,483608.715059927,202101281922
689,28801,643,12,16782,Asheville,"",383.148611607675,3831.48611607675,142991050.123962,66531.4000304091,202101281922
690,28803,1565,49,34731,Asheville,"",450.606086781262,4506.06086781262,1148499781.62708,221583.067984848,202101281922
691,28804,1036,19,23302,Asheville,"",444.597030297829,4445.97030297829,818376430.368896,216401.982596761,202101281922
692,28805,742,18,20394,Asheville,"",363.83249975483,3638.3249975483,743578799.615234,203043.782551956,202101281922
693,28806,2268,49,43841,Asheville,"",517.323966150407,5173.23966150407,1123591112.45288,297671.815966071,202101281922
694,28901,390,5,6039,Andrews,"",645.802285146547,6458.02285146547,1881090750.42804,271571.032581688,202101281922
695,28902,74,0,1562,Brasstown,"",473.751600512164,4737.51600512164,645585335.657318,162521.113458697,202101281922
696,28904,489,5,9535,Hayesville,"",512.847404299948,5128.47404299948,5317145252.91805,403950.005454209,202101281922
697,28905,169,1,3548,Marble,"",476.324689966178,4763.24689966178,1058320723.96715,269002.244098821,202101281922
698,28906,1160,11,20296,Murphy,"",571.541190382341,5715.41190382341,9849733400.34212,586826.324547444,202101281922
699,28909,34,0,1068,Warne,"",318.352059925094,3183.52059925094,269492752.319427,107722.293423693,202101281922
700,27533,462,3,0,"","",456,,18055719.4014893,15817.3715737294,202101281922
701,27340,,,34,Saxapahaw,Population <500 and Cases <5,,,694758.987792969,3852.87240074502,202101281922
702,27411,34,0,847,Greensboro,"",401.416765053129,4014.16765053129,713742.998291016,5860.23208289576,202101281922
703,27412,18,0,1886,Greensboro,"",95.440084835631,954.40084835631,4771290.83532715,13054.7888333439,202101281922
704,27498,,,13,Greensboro,Population <500 and Cases <5,,,3369264.12316895,7774.18760349114,202101281922
705,27599,19,0,0,Chapel Hill,"",,,4275416.30163574,15555.1510255833,202101281922
706,27706,,,10,Durham,Population <500 and Cases <5,,,1281872.18347168,6816.757693542,202101281922
707,27711,,,62,Durham,Population <500 and Cases <5,,,11690491.0200195,25227.7794868175,202101281922
708,27810,271,2,4224,Belhaven,"",641.57196969697,6415.7196969697,5320714553.85889,863428.562860575,202101281922
709,27821,11,0,343,Edward,"",320.69970845481,3206.9970845481,180879118.265869,102716.617789089,202101281922
710,27824,73,0,1540,Engelhard,"",474.025974025974,4740.25974025974,5755622445.56714,766498.765242208,202101281922
711,27826,72,2,1245,Fairfield,"",578.313253012048,5783.13253012048,5502010014.61365,681909.128335756,202101281922
712,27841,,,84,Hassell,Population <500 and Cases <5,,,5972995.94189453,12505.2057352129,202101281922
713,27872,24,0,429,Roxobel,"",559.440559440559,5594.40559440559,78668396.3901367,60062.9164687203,202101281922
714,27875,37,1,511,Scranton,"",724.070450097847,7240.70450097847,1462926064.75208,668994.049821798,202101281922
715,27881,,,323,Speed,Population <500 and Cases <5,,,45624486.2655029,35379.3892263349,202101281922
716,27919,59,1,1211,Belvidere,"",487.200660611065,4872.00660611065,1805677755.21484,260299.205087965,202101281922
717,27920,56,0,1415,Buxton,"",395.759717314488,3957.59717314488,251417477.481567,169552.58818934,202101281922
718,27921,222,4,5366,Camden,"",413.715989563921,4137.15989563921,2216306760.15601,371309.805402765,202101281922
719,27923,24,0,990,Coinjock,"",242.424242424242,2424.24242424242,442853112.258789,222994.427279021,202101281922
720,27936,21,1,961,Frisco,"",218.522372528616,2185.22372528616,134638106.065186,108288.074251882,202101281922
721,27939,116,1,3370,Grandy,"",344.213649851632,3442.13649851632,296874050.40332,237784.484514939,202101281922
722,27941,30,0,670,Harbinger,"",447.761194029851,4477.61194029851,66348159.842041,42125.3614314887,202101281922
723,27943,14,0,491,Hatteras,"",285.132382892057,2851.32382892057,82146889.1915283,162150.406610954,202101281922
724,27947,31,1,845,Jarvisburg,"",366.863905325444,3668.63905325444,181991023.044922,117825.87149715,202101281922
725,27953,62,0,992,Manns Harbor,"",625,6250,4841742826.08521,775886.839802653,202101281922
726,27954,386,1,6405,Manteo,"",602.654176424668,6026.54176424668,346159524.466309,171104.045001834,202101281922
727,27956,12,0,328,Maple,"",365.853658536585,3658.53658536585,91616147.3259277,62675.9008746753,202101281922
728,27960,89,0,899,Ocracoke,"",989.988876529477,9899.88876529477,272996211.932129,221416.979930584,202101281922
729,27964,15,0,653,Point Harbor,"",229.709035222052,2297.09035222052,40700993.1791992,29044.1496807834,202101281922
730,27965,19,0,611,Poplar Branch,"",310.965630114566,3109.65630114566,362463348.010742,286670.577035681,202101281922
731,27972,,,196,Salvo,Population <500 and Cases <5,,,25839959.5158691,77591.8753697891,202101281922
732,27973,64,0,1493,Shawboro,"",428.66711319491,4286.6711319491,1350823542.63281,279776.313560853,202101281922
733,27974,49,0,1375,Shiloh,"",356.363636363636,3563.63636363636,1282875105.52026,448552.234751615,202101281922
734,27978,11,0,221,Stumpy Point,"",497.737556561086,4977.37556561086,3250437066.68713,488663.160212976,202101281922
735,27980,167,2,2075,Tyner,"",804.819277108434,8048.19277108434,1319096560.03711,208839.628959427,202101281922
736,27981,102,0,1863,Wanchese,"",547.504025764895,5475.04025764895,183167116.380371,177755.254740471,202101281922
737,28077,36,0,557,High Shoals,"",646.319569120287,6463.19569120287,25098303.871521,27989.3633622467,202101281922
738,28101,61,1,465,Mc Adenville,"",1311.82795698925,13118.2795698925,12210373.4969482,19058.3264759027,202101281922
739,28223,22,0,2941,Charlotte,"",74.8044882692962,748.044882692962,16745950.1914673,34959.7943637767,202101281922
740,28308,5,0,737,Pope Army Airfield,"",67.842605156038,678.42605156038,90374263.7665405,45243.1542141805,202101281922
741,28375,16,0,155,Proctorville,"",1032.25806451613,10322.5806451613,16154829.5779114,21293.1141646593,202101281922
742,28519,35,1,328,Bridgeton,"",1067.07317073171,10670.7317073171,3782179.40026855,11964.2990373982,202101281922
743,28520,14,0,352,Cedar Island,"",397.727272727273,3977.27272727273,633116579.775757,427477.052966737,202101281922
744,28524,21,0,443,Davis,"",474.040632054176,4740.40632054176,547256692.822876,860357.358716607,202101281922
745,28527,82,2,905,Ernul,"",906.077348066298,9060.77348066298,1145978492.04919,209684.397786102,202101281922
746,28528,20,0,640,Gloucester,"",312.5,3125,74196560.923584,79933.9347539672,202101281922
747,28533,79,0,0,Cherry Point,"",,,253735788.170532,192645.367219711,202101281922
748,28537,,,186,Hobucken,Population <500 and Cases <5,,,891999129.25647,352204.851723086,202101281922
749,28544,309,7,5607,Midway Park,"",551.096843231675,5510.96843231675,155759986.503357,92182.0384683424,202101281922
750,28545,108,0,4010,Mccutcheon Field,"",269.326683291771,2693.26683291771,145247654.855835,101700.276162633,202101281922
751,28552,,,131,Lowland,Population <500 and Cases <5,,,211084218.553589,104037.967496467,202101281922
752,28556,35,1,1150,Merritt,"",304.347826086957,3043.47826086957,1139666751.30212,394317.853497314,202101281922
753,28561,25,1,0,New Bern,"",,,195198.709350586,2618.49962886206,202101281922
754,28579,18,0,798,Smyrna,"",225.563909774436,2255.63909774436,633080494.557556,233023.142000653,202101281922
755,28581,12,0,224,Stacy,"",535.714285714286,5357.14285714286,2404669972.88318,703346.462367876,202101281922
756,28583,9,0,0,Stonewall,"",,,596710.740722656,3607.20989795631,202101281922
757,28587,20,0,324,Vandemere,"",617.283950617284,6172.83950617284,250612018.426636,182903.197478108,202101281922
758,28611,60,0,978,Collettsville,"",613.496932515337,6134.96932515337,2483135872.03735,419111.187381629,202101281922
759,28629,8,0,63,Glendale Springs,"",1269.84126984127,12698.4126984127,18113919.8492432,19773.9407564207,202101281922
760,28646,57,1,463,Linville,"",1231.10151187905,12311.0151187905,440709602.757813,156576.175660301,202101281922
761,28663,24,0,715,Piney Creek,"",335.664335664336,3356.64335664336,577849850.650269,137228.322788793,202101281922
762,28667,39,0,105,Rhodhiss,"",3714.28571428571,37142.8571428571,1309548.80932617,6065.66147149414,202101281922
763,28672,,,35,Scottville,Population <500 and Cases <5,,,62555584.7313232,47932.7256464108,202101281922
764,28698,110,0,1844,Zionville,"",596.529284164859,5965.29284164859,762471326.925049,227334.653867247,202101281922
765,28708,35,0,1340,Balsam Grove,"",261.194029850746,2611.94029850746,795626278.709686,241272.033803255,202101281922
766,28709,100,1,2308,Barnardsville,"",433.275563258232,4332.75563258232,1635213770.4093,231197.383485249,202101281922
767,28717,114,4,1471,Cashiers,"",774.983004758668,7749.83004758668,1160000231.10587,300525.403558473,202101281922
768,28720,,,35,Chimney Rock,Population <500 and Cases <5,,,47877696.5422974,47768.4833790312,202101281922
769,28725,16,0,36,Dillsboro,"",4444.44444444444,44444.4444444444,1395548.49920654,7541.63511359509,202101281922
770,28733,10,0,200,Fontana Dam,"",500,5000,498075903.916718,200917.740964481,202101281922
771,28735,5,0,294,Gerton,"",170.068027210884,1700.68027210884,137680777.623108,92735.3834552802,202101281922
772,28743,94,1,2422,Hot Springs,"",388.109000825764,3881.09000825764,2855463957.34918,351331.648547095,202101281922
773,28749,,,0,Little Switzerland,Population <500 and Cases <5,,,1713987.45050049,8852.52475284555,202101281922
774,28757,43,0,0,Montreat,"",,,129672.114624023,2617.87913210505,202101281922
775,28772,80,0,1942,Rosman,"",411.946446961895,4119.46446961895,577124059.134399,256613.212684218,202101281922
776,28774,63,1,1569,Sapphire,"",401.529636711281,4015.29636711281,1130246511.80005,224488.61951138,202101281922
777,28781,34,0,957,Topton,"",355.276907001045,3552.76907001045,2402982140.90009,297913.620657844,202101281922
778,27969,,,0,Roduco,Population <500 and Cases <5,,,724387.010986328,3958.82496624679,202101281922
779,28253,,,0,Charlotte,Population <500 and Cases <5,,,133339.295837402,3050.2273713774,202101281922
780,28608,29,0,0,Boone,"",,,274774.708862305,3583.90419251761,202101281922
