OBJECTID,ZIPCode,Cases,Deaths,TotalPop,Place,Note,RatePer10K,RatePer100K,Shape__Area,Shape__Length,DataGatherTS
1,27006,1316,7,14872,Advance,"",884.884346422808,8848.84346422808,1744189234.37061,355282.663136038,202106100440
2,27007,220,0,2136,Ararat,"",1029.96254681648,10299.6254681648,592499585.594238,195922.003442792,202106100440
3,27009,302,1,2937,Belews Creek,"",1028.26012938372,10282.6012938372,618093097.011353,191244.647442635,202106100440
4,27011,542,7,5411,Boonville,"",1001.66327850675,10016.6327850675,1489580093.86462,316910.589814884,202106100440
5,27012,2825,49,28954,Clemmons,"",975.685570214824,9756.85570214824,1176567385.86804,255774.303165276,202106100440
6,27013,634,7,6495,Cleveland,"",976.135488837567,9761.35488837567,2066336247.98627,379169.285246239,202106100440
7,27014,83,1,957,Cooleemee,"",867.293625914316,8672.93625914316,21479098.032959,22299.1178929161,202106100440
8,27016,163,2,1682,Danbury,"",969.084423305589,9690.84423305589,1068209590.0686,211061.413302457,202106100440
9,27017,1094,14,9499,Dobson,"",1151.70017896621,11517.0017896621,2962951682.04883,566348.974052304,202106100440
10,27018,715,6,8221,East Bend,"",869.723877873738,8697.23877873738,2331567909.96985,255811.974556888,202106100440
11,27019,344,1,4234,Germanton,"",812.470477090222,8124.70477090222,977414017.819214,270248.259734795,202106100440
12,27020,693,6,6104,Hamptonville,"",1135.32110091743,11353.2110091743,2114111622.36755,316969.486887135,202106100440
13,27021,1785,45,17979,King,"",992.824962456199,9928.24962456199,1469376476.14172,210392.900707099,202106100440
14,27022,96,2,1512,Lawsonville,"",634.920634920635,6349.20634920635,918745327.278442,200803.000966771,202106100440
15,27023,1016,4,12775,Lewisville,"",795.303326810176,7953.03326810176,807172159.002075,183078.980128527,202106100440
16,27024,281,3,2683,Lowgap,"",1047.33507267984,10473.3507267984,1265827411.39758,278411.484773322,202106100440
17,27025,1010,24,11117,Madison,"",908.518485202843,9085.18485202842,2714649364.33142,468723.596670606,202106100440
18,27027,363,18,4017,Mayodan,"",903.659447348768,9036.59447348768,548179131.574585,172371.363079245,202106100440
19,27028,2760,30,28039,Mocksville,"",984.343236206712,9843.43236206712,5475621774.30664,567238.136149725,202106100440
20,27030,4398,101,37641,Mount Airy,"",1168.40679046784,11684.0679046784,4824085732.75671,624989.724929863,202106100440
21,27040,1016,10,13150,Pfafftown,"",772.623574144487,7726.23574144487,763349953.536133,205025.773716105,202106100440
22,27041,730,8,8020,Pilot Mountain,"",910.224438902743,9102.24438902743,1629462738.40637,324677.141569035,202106100440
23,27042,69,2,720,Pine Hall,"",958.333333333333,9583.33333333333,290758639.069458,113971.243586081,202106100440
24,27043,525,6,6442,Pinnacle,"",814.964296802235,8149.64296802235,1935795027.06067,395674.180712496,202106100440
25,27045,1027,8,9583,Rural Hall,"",1071.68945006783,10716.8945006783,666085549.25769,154538.589918543,202106100440
26,27046,152,1,1953,Sandy Ridge,"",778.289810547875,7782.89810547875,1237681699.0647,217125.573744555,202106100440
27,27047,116,2,1279,Siloam,"",906.958561376075,9069.58561376075,576295820.815674,144984.839113672,202106100440
28,27048,708,9,8902,Stoneville,"",795.326892833071,7953.26892833071,2355000804.03674,325454.766660313,202106100440
29,27050,323,4,4084,Tobaccoville,"",790.891283055828,7908.91283055828,703876500.567505,219088.1792708,202106100440
30,27051,710,6,8287,Walkertown,"",856.7636056474,8567.636056474,524680317.775635,151066.808563308,202106100440
31,27052,983,22,10061,Walnut Cove,"",977.040055660471,9770.40055660471,2710320219.82117,403203.611044297,202106100440
32,27053,201,2,3156,Westfield,"",636.882129277567,6368.82129277567,2152815477.55933,413464.446930882,202106100440
33,27054,304,5,2608,Woodleaf,"",1165.64417177914,11656.4417177914,778193820.583862,201172.963339102,202106100440
34,27055,1761,29,14521,Yadkinville,"",1212.7263962537,12127.263962537,3115987965.39453,403366.49229781,202106100440
35,27101,1835,35,24321,Winston Salem,"",754.492002795938,7544.92002795938,356085731.400146,162957.922513793,202106100440
36,27103,3091,41,36071,Winston Salem,"",856.921072329572,8569.21072329572,527249856.672729,146399.561156354,202106100440
37,27104,2550,34,29383,Winston Salem,"",867.84875608345,8678.4875608345,337669863.683838,130394.134288752,202106100440
38,27105,4110,39,40186,Winston Salem,"",1022.74423928731,10227.4423928731,950547784.577881,208375.813794777,202106100440
39,27106,4432,55,51378,Winston Salem,"",862.626026704037,8626.26026704037,787324720.967285,203893.681115083,202106100440
40,27107,5035,43,52432,Winston Salem,"",960.291425083918,9602.91425083918,1859279716.41162,319111.813640457,202106100440
41,27127,3976,26,38510,Winston Salem,"",1032.45910153207,10324.5910153207,820319160.873047,213438.375685158,202106100440
42,27157,46,0,5,Winston Salem,"",,,827769.094482422,4216.57245655308,202106100440
43,27203,2831,54,21876,Asheboro,"",1294.11226915341,12941.1226915341,589408161.410522,188062.356665824,202106100440
44,27205,3764,47,34549,Asheboro,"",1089.46713363628,10894.6713363628,6255653514.79199,588011.232518038,202106100440
45,27207,288,2,3806,Bear Creek,"",756.699947451393,7566.99947451393,2300194678.82397,473699.237818467,202106100440
46,27208,147,2,1691,Bennett,"",869.308101714962,8693.08101714962,1029479783.1405,215638.108979383,202106100440
47,27209,709,40,4151,Biscoe,"",1708.02216333414,17080.2216333414,1198089302.20734,259108.004034657,202106100440
48,27212,387,1,1600,Blanch,"",2418.75,24187.5,1328181375.12305,277007.39975067,202106100440
49,27214,1075,12,11747,Browns Summit,"",915.127266536137,9151.27266536137,1414533235.94788,324969.092830869,202106100440
50,27215,4656,77,44892,Burlington,"",1037.15584068431,10371.5584068431,1827823774.30115,298200.358945539,202106100440
51,27217,5252,103,39111,Burlington,"",1342.84472399069,13428.4472399069,3473433663.33496,513818.51476852,202106100440
52,27229,558,18,4014,Candor,"",1390.13452914798,13901.3452914798,2747739848.89313,367384.611313313,202106100440
53,27231,123,0,2048,Cedar Grove,"",600.5859375,6005.859375,987771348.581177,209108.769362036,202106100440
54,27233,300,4,3647,Climax,"",822.593912805045,8225.93912805045,703252829.253662,187154.002103638,202106100440
55,27235,436,12,4575,Colfax,"",953.005464480874,9530.05464480874,380654027.583252,148521.339190303,202106100440
56,27239,882,13,9629,Denton,"",915.982968117146,9159.82968117146,4319759872.9696,429373.198159064,202106100440
57,27242,185,3,2668,Eagle Springs,"",693.403298350825,6934.03298350825,1480408484.01825,321391.030328654,202106100440
58,27243,299,2,4665,Efland,"",640.943193997856,6409.43193997856,1142332751.10315,311755.144165646,202106100440
59,27244,2198,26,16259,Elon,"",1351.86665846608,13518.6665846608,1541989025.453,399696.340130384,202106100440
60,27248,390,5,4835,Franklinville,"",806.618407445708,8066.18407445708,942909114.352783,215710.992817749,202106100440
61,27249,1147,9,13355,Gibsonville,"",858.854361662299,8588.54361662299,1679803774.77087,397477.611919868,202106100440
62,27252,112,2,2264,Goldston,"",494.69964664311,4946.9964664311,1142470673.17163,220926.147155476,202106100440
63,27253,3616,49,31464,Graham,"",1149.24993643529,11492.4993643529,2351372927.78931,521476.969804177,202106100440
64,27258,707,8,7740,Haw River,"",913.43669250646,9134.3669250646,473631125.268677,312686.877842211,202106100440
65,27260,2245,41,25696,High Point,"",873.676836861768,8736.76836861768,348441568.963501,133229.878739789,202106100440
66,27262,2179,61,24764,High Point,"",879.906315619448,8799.06315619448,368730084.700928,171087.864383377,202106100440
67,27263,2172,36,22320,High Point,"",973.118279569892,9731.18279569892,1121512604.52234,249658.228757679,202106100440
68,27265,4494,56,50038,High Point,"",898.117430752628,8981.17430752628,1172957282.41284,307481.490778656,202106100440
69,27268,318,0,1695,High Point,"",1876.10619469027,18761.0619469027,2495618.64758301,8251.66869064816,202106100440
70,27278,1723,19,27181,Hillsborough,"",633.898679224458,6338.98679224458,2885765742.02771,502574.675043234,202106100440
71,27281,257,1,3710,Jackson Springs,"",692.722371967655,6927.22371967655,2095606802.2608,479969.724586594,202106100440
72,27282,1456,23,16597,Jamestown,"",877.266975959511,8772.66975959511,404066994.873657,168803.970950205,202106100440
73,27283,254,4,2982,Julian,"",851.77733065057,8517.7733065057,711286368.914917,161239.518798817,202106100440
74,27284,5283,71,56201,Kernersville,"",940.018860874362,9400.18860874362,2233069317.10205,420748.080109325,202106100440
75,27288,1970,37,23585,Eden,"",835.276658893364,8352.76658893364,1951079100.05676,304615.616752016,202106100440
76,27291,135,0,1538,Leasburg,"",877.7633289987,8777.633289987,1492904663.44434,314720.365319101,202106100440
77,27292,3850,35,41465,Lexington,"",928.49391052695,9284.9391052695,4270233445.18579,407599.915340798,202106100440
78,27295,4041,53,39191,Lexington,"",1031.10408001837,10311.0408001837,3631502180.53174,466742.919509858,202106100440
79,27298,860,10,10440,Liberty,"",823.754789272031,8237.54789272031,2639148530.03284,431527.987760386,202106100440
80,27299,584,4,5254,Linwood,"",1111.53406928055,11115.3406928055,822543412.257813,203597.604040365,202106100440
81,27301,1069,18,10019,Mc Leansville,"",1066.97275177163,10669.7275177163,900133716.655151,287107.537324028,202106100440
82,27302,2701,21,32302,Mebane,"",836.171134914247,8361.71134914247,3198656461.27478,644303.59427532,202106100440
83,27305,156,1,1585,Milton,"",984.227129337539,9842.27129337539,687167820.539429,263836.485514183,202106100440
84,27306,710,17,5945,Mount Gilead,"",1194.28090832632,11942.8090832632,5305900334.83325,426306.558627535,202106100440
85,27310,661,4,8562,Oak Ridge,"",772.01588413922,7720.1588413922,526240082.103149,140986.043049622,202106100440
86,27311,260,1,3220,Pelham,"",807.453416149068,8074.53416149068,1338371966.32642,293760.993606137,202106100440
87,27312,991,26,22205,Pittsboro,"",446.295879306463,4462.95879306462,5005768374.64233,617961.777569282,202106100440
88,27313,538,21,7288,Pleasant Garden,"",738.199780461032,7381.99780461032,760352714.59021,181619.740165306,202106100440
89,27314,68,1,1138,Prospect Hill,"",597.539543057997,5975.39543057996,773578280.842896,162162.976448062,202106100440
90,27315,122,0,2140,Providence,"",570.093457943925,5700.93457943925,697810511.310425,179457.95829655,202106100440
91,27316,720,15,7156,Ramseur,"",1006.14868641699,10061.4868641699,1975410509.03577,278228.393914438,202106100440
92,27317,1858,23,17851,Randleman,"",1040.83804828861,10408.3804828861,1700826686.43616,339539.515262609,202106100440
93,27320,3262,41,38894,Reidsville,"",838.689772201368,8386.89772201368,6966725984.64832,658218.836963247,202106100440
94,27325,741,6,7676,Robbins,"",965.346534653465,9653.46534653465,2401051783.47894,409075.895347679,202106100440
95,27326,319,2,3692,Ruffin,"",864.030335861322,8640.30335861322,1884156536.74561,359587.547530237,202106100440
96,27330,4008,54,39529,Sanford,"",1013.93913329454,10139.3913329454,6011213414.18433,528161.840140257,202106100440
97,27332,2902,28,33549,Sanford,"",865.003427821992,8650.03427821992,2996782209.29614,417113.164836099,202106100440
98,27341,495,3,5820,Seagrove,"",850.515463917526,8505.15463917526,2678433259.4787,311632.157547413,202106100440
99,27343,137,0,1840,Semora,"",744.565217391304,7445.65217391304,1390260353.39624,348769.311430722,202106100440
100,27344,1957,36,19290,Siler City,"",1014.51529289787,10145.1529289787,4591228058.44531,607903.308882544,202106100440
101,27349,528,5,5850,Snow Camp,"",902.564102564103,9025.64102564103,1831279532.651,381750.490582419,202106100440
102,27350,630,8,7508,Sophia,"",839.104954714971,8391.04954714971,1066449848.573,204602.636460839,202106100440
103,27355,233,2,3196,Staley,"",729.036295369212,7290.36295369212,1016358702.6969,245160.332752788,202106100440
104,27356,337,7,3513,Star,"",959.294050668944,9592.94050668944,1815293543.21783,348288.37985576,202106100440
105,27357,903,17,8325,Stokesdale,"",1084.68468468468,10846.8468468468,1273124268.28796,223115.118835702,202106100440
106,27358,1070,8,15960,Summerfield,"",670.426065162907,6704.26065162907,1557557662.14905,323017.176053331,202106100440
107,27360,5105,65,48331,Thomasville,"",1056.25788831185,10562.5788831185,2458732404.91687,372395.85217249,202106100440
108,27370,1604,31,14622,Trinity,"",1096.97715770756,10969.7715770756,1663817222.16028,344702.900725307,202106100440
109,27371,875,12,7778,Troy,"",1124.9678580612,11249.678580612,4076136455.00793,473833.643450898,202106100440
110,27376,822,18,9884,West End,"",831.647106434642,8316.47106434642,1781050002.06519,320932.333330313,202106100440
111,27377,933,8,9597,Whitsett,"",972.178805876836,9721.78805876836,736936774.92627,183024.518653502,202106100440
112,27379,585,23,6057,Yanceyville,"",965.824665676077,9658.24665676077,2663338769.75159,422550.665080929,202106100440
113,27401,1965,25,20221,Greensboro,"",971.762029573216,9717.62029573216,171748092.127686,100334.769337553,202106100440
114,27403,1505,18,21278,Greensboro,"",707.303317981013,7073.03317981013,159396286.028687,87465.2545388649,202106100440
115,27405,4814,50,52510,Greensboro,"",916.777756617787,9167.77756617787,886695637.391357,284328.526421691,202106100440
116,27406,5490,110,60755,Greensboro,"",903.629330919266,9036.29330919266,1894160074.00403,327705.317343953,202106100440
117,27407,4526,69,49837,Greensboro,"",908.160603567631,9081.6060356763,840498790.451172,227731.576408348,202106100440
118,27408,1270,8,17406,Greensboro,"",729.633459726531,7296.33459726531,221403500.549561,80148.1616765212,202106100440
119,27409,1509,16,17953,Greensboro,"",840.528045452014,8405.28045452014,603872824.646484,239783.02449594,202106100440
120,27410,4118,50,56968,Greensboro,"",722.861957590226,7228.61957590226,859363574.914917,272309.563854046,202106100440
121,27455,2488,67,29197,Greensboro,"",852.142343391444,8521.42343391444,816075696.678345,198282.860420201,202106100440
122,27501,1964,19,21338,Angier,"",920.42365732496,9204.2365732496,1683348454.90833,329143.189780915,202106100440
123,27502,2507,9,43747,Apex,"",573.067867510915,5730.67867510915,840126405.51062,242725.298081049,202106100440
124,27503,194,0,7222,Bahama,"",268.62364995846,2686.2364995846,1054708975.44934,246183.053747647,202106100440
125,27504,1990,22,16320,Benson,"",1219.36274509804,12193.6274509804,2584462015.08862,486262.181304732,202106100440
126,27505,613,9,7308,Broadway,"",838.806787082649,8388.06787082649,1509842573.20557,320128.840505679,202106100440
127,27507,162,2,2053,Bullock,"",789.089137847053,7890.89137847053,1354883649.98218,266873.357504053,202106100440
128,27508,305,1,2340,Bunn,"",1303.4188034188,13034.188034188,312599782.273071,114289.902416244,202106100440
129,27509,1701,37,6935,Butner,"",2452.77577505407,24527.7577505407,507253453.414795,156294.942704551,202106100440
130,27510,840,8,14543,Carrboro,"",577.59746957299,5775.9746957299,88705554.5671387,57867.6032694508,202106100440
131,27511,2128,27,34041,Cary,"",625.128521488793,6251.28521488793,333520579.048462,98702.6527265331,202106100440
132,27513,2476,24,49003,Cary,"",505.275187233435,5052.75187233435,474399121.186279,162336.294574525,202106100440
133,27514,1742,24,32847,Chapel Hill,"",530.337625962797,5303.37625962797,579057212.663452,190879.985276748,202106100440
134,27516,2246,17,44117,Chapel Hill,"",509.100800145069,5091.00800145069,2564236091.9281,438904.079251583,202106100440
135,27517,1218,16,28831,Chapel Hill,"",422.461933335646,4224.61933335646,1520140847.99951,299162.993678501,202106100440
136,27518,1202,19,22765,Cary,"",528.003514166484,5280.03514166484,262665807.612671,130741.025823352,202106100440
137,27519,2718,9,59960,Cary,"",453.302201467645,4533.02201467645,609072010.422363,166930.324843009,202106100440
138,27520,4787,59,43958,Clayton,"",1088.99403976523,10889.9403976523,1962402119.35425,374945.851452289,202106100440
139,27521,726,10,7149,Coats,"",1015.52664708351,10155.2664708351,721041350.168091,174373.299688566,202106100440
140,27522,1155,7,13652,Creedmoor,"",846.029885731028,8460.29885731028,2172960809.67273,361578.814896966,202106100440
141,27523,776,1,12782,Apex,"",607.10373963386,6071.0373963386,1210964088.06177,294058.887697931,202106100440
142,27524,1499,17,13532,Four Oaks,"",1107.74460537984,11077.4460537984,3831785222.9375,530912.577014992,202106100440
143,27525,1613,3,15534,Franklinton,"",1038.36745204068,10383.6745204068,2660281050.9928,421324.476104612,202106100440
144,27526,4121,50,54027,Fuquay Varina,"",762.766764765765,7627.66764765765,2787678657.25134,460586.982042285,202106100440
145,27527,2759,11,30234,Clayton,"",912.548786134815,9125.48786134815,1261348608.45837,213730.175971786,202106100440
146,27529,5106,65,53854,Garner,"",948.11898837598,9481.18988375979,1666161335.17407,336033.618547781,202106100440
147,27530,3312,76,40212,Goldsboro,"",823.634735899731,8236.34735899731,2920081393.96802,465673.796837526,202106100440
148,27531,15,0,666,Goldsboro,"",225.225225225225,2252.25225225225,123956304.007813,71472.4653387502,202106100440
149,27534,2826,76,31819,Goldsboro,"",888.148590464817,8881.48590464817,1995982542.31616,394454.137280507,202106100440
150,27536,1898,47,16459,Henderson,"",1153.16847925147,11531.6847925147,359552678.037964,148817.062353839,202106100440
151,27537,2598,38,25321,Henderson,"",1026.02582836381,10260.2582836381,5545289733.50195,795404.906342346,202106100440
152,27539,1541,6,26567,Apex,"",580.042910377536,5800.42910377536,805959451.628174,335082.894750929,202106100440
153,27540,2763,8,39075,Holly Springs,"",707.101727447217,7071.01727447217,1299006108.57275,339054.617126205,202106100440
154,27541,317,1,4044,Hurdle Mills,"",783.877349159248,7838.77349159248,1979862536.66309,328579.598479954,202106100440
155,27542,905,13,10043,Kenly,"",901.125161804242,9011.25161804242,2499059670.1123,366253.348192187,202106100440
156,27544,412,4,4291,Kittrell,"",960.149149382428,9601.49149382428,1645813165.28467,322022.503716068,202106100440
157,27545,3323,38,30327,Knightdale,"",1095.72328288324,10957.2328288324,885541868.759766,219250.012614228,202106100440
158,27546,2259,77,22436,Lillington,"",1006.86396862186,10068.6396862186,3433026188.83105,510775.88711738,202106100440
159,27549,2406,34,25224,Louisburg,"",953.853472882969,9538.53472882969,6636124442.18066,817297.028533166,202106100440
160,27551,125,3,2205,Macon,"",566.893424036281,5668.93424036281,2443966870.98499,402849.299843212,202106100440
161,27553,487,0,2030,Manson,"",2399.01477832512,23990.1477832512,1245206626.07959,217969.561788749,202106100440
162,27556,23,0,298,Middleburg,"",771.812080536913,7718.12080536913,67850312.0914307,63490.7222823736,202106100440
163,27557,824,6,9214,Middlesex,"",894.291295854135,8942.91295854135,2046463550.40088,338861.342265204,202106100440
164,27559,134,1,2874,Moncure,"",466.24913013222,4662.4913013222,1458825370.29968,366837.077035256,202106100440
165,27560,1905,12,33691,Morrisville,"",565.4329049301,5654.329049301,794384947.373291,268297.11970144,202106100440
166,27562,257,0,2791,New Hill,"",920.816911501254,9208.16911501254,1862081556.93738,349507.762295745,202106100440
167,27563,387,6,5312,Norlina,"",728.539156626506,7285.39156626506,1943381370.69177,412640.540954252,202106100440
168,27565,2519,41,26057,Oxford,"",966.726791265303,9667.26791265303,9219811779.9552,826827.222809144,202106100440
169,27569,1001,6,8984,Princeton,"",1114.20302760463,11142.0302760463,2107084820.73511,313917.550563748,202106100440
170,27571,774,1,7385,Rolesville,"",1048.07041299932,10480.7041299932,149121249.193359,94251.9264704589,202106100440
171,27572,437,3,7316,Rougemont,"",597.320940404593,5973.20940404593,3003228111.9873,397658.617230022,202106100440
172,27573,1171,53,11561,Roxboro,"",1012.8881584638,10128.881584638,501787874.430542,219611.309648669,202106100440
173,27574,1153,10,15232,Roxboro,"",756.959033613445,7569.59033613445,5527133817.3114,691755.452465683,202106100440
174,27576,2075,22,20197,Selma,"",1027.38030400555,10273.8030400555,2407427117.65723,339571.106645256,202106100440
175,27577,3094,47,25214,Smithfield,"",1227.0960577457,12270.960577457,2877290650.99841,416726.966278933,202106100440
176,27581,314,2,3956,Stem,"",793.731041456016,7937.31041456016,1038615853.81189,246789.101888964,202106100440
177,27583,606,6,7012,Timberlake,"",864.232743867655,8642.32743867656,1327957318.65857,326956.719649922,202106100440
178,27587,6782,50,74087,Wake Forest,"",915.410260909471,9154.10260909471,3132804734.81897,700749.84181148,202106100440
179,27589,709,7,8312,Warrenton,"",852.983638113571,8529.83638113571,4790731000.68542,626837.217934379,202106100440
180,27591,2525,27,23448,Wendell,"",1076.85090412828,10768.5090412828,1913446220.02844,380727.392057269,202106100440
181,27592,1454,7,17368,Willow Spring,"",837.171810225702,8371.71810225702,1090932847.86865,312475.180771683,202106100440
182,27596,1819,6,18655,Youngsville,"",975.073706781024,9750.73706781024,1519151285.28821,344366.073155402,202106100440
183,27597,2875,22,25494,Zebulon,"",1127.7163254099,11277.163254099,3191967656.80884,568385.679042481,202106100440
184,27601,942,7,12139,Raleigh,"",776.011203558778,7760.11203558778,49970514.2080078,41226.7428180515,202106100440
185,27603,4917,37,55479,Raleigh,"",886.281295625372,8862.81295625372,1420350588.63403,346107.072534996,202106100440
186,27604,4522,47,47645,Raleigh,"",949.102739007241,9491.02739007241,550434833.049927,194088.121184431,202106100440
187,27605,628,18,5253,Raleigh,"",1195.50732914525,11955.0732914525,26954475.7900391,26465.2700663817,202106100440
188,27606,3552,11,47938,Raleigh,"",740.957069548166,7409.57069548166,750229681.939209,267151.497057326,202106100440
189,27607,2170,12,30296,Raleigh,"",716.266173752311,7162.66173752311,519162282.902344,200611.380547666,202106100440
190,27608,955,3,11603,Raleigh,"",823.063000948031,8230.63000948031,91889809.9622803,55583.7467967219,202106100440
191,27609,3235,27,38631,Raleigh,"",837.410369910176,8374.10369910176,310136046.756592,95880.163026763,202106100440
192,27610,8970,78,74203,Raleigh,"",1208.84600353085,12088.4600353085,1211166911.84558,327751.489063642,202106100440
193,27612,2973,37,39208,Raleigh,"",758.263619669455,7582.63619669455,428868509.332275,164483.082879678,202106100440
194,27613,3048,12,46521,Raleigh,"",655.187979622106,6551.87979622106,675406849.409912,184431.643996557,202106100440
195,27614,2656,22,37689,Raleigh,"",704.714903552761,7047.14903552761,829063194.918701,218912.319813944,202106100440
196,27615,3379,49,46038,Raleigh,"",733.958903514488,7339.58903514488,525952454.993774,134192.839940925,202106100440
197,27616,5853,29,55260,Raleigh,"",1059.17480998914,10591.7480998914,646426991.218628,201092.505637391,202106100440
198,27617,1522,3,19511,Raleigh,"",780.072779457742,7800.72779457742,230483847.672241,125016.743498849,202106100440
199,27701,2170,15,26489,Durham,"",819.207973120918,8192.07973120918,147212202.097778,89264.6755119976,202106100440
200,27703,5587,31,61351,Durham,"",910.661602907858,9106.61602907858,1376809528.09961,349864.156739061,202106100440
201,27704,4233,37,39369,Durham,"",1075.21146079403,10752.1146079403,1307759376.10449,279407.953507315,202106100440
202,27705,3524,77,48078,Durham,"",732.975581346978,7329.75581346978,1155101566.94189,288440.086812307,202106100440
203,27707,3560,17,47036,Durham,"",756.867080534059,7568.67080534059,551326002.510864,228660.826032165,202106100440
204,27708,288,0,4635,Durham,"",621.359223300971,6213.59223300971,24140532.868042,39624.2440738689,202106100440
205,27709,160,0,4,Durham,"",,,166810196.870483,93465.8554704913,202106100440
206,27710,7,0,0,Durham,"",,,3645590.83996582,9509.21127183631,202106100440
207,27712,1431,29,22055,Durham,"",648.832464293811,6488.32464293811,952678558.948486,239427.124284805,202106100440
208,27713,3366,28,53996,Durham,"",623.379509593303,6233.79509593303,1004016276.63342,186930.768828538,202106100440
209,27801,2148,26,21556,Rocky Mount,"",996.474299498979,9964.74299498979,1947625744.14368,298032.749540484,202106100440
210,27803,2183,27,22337,Rocky Mount,"",977.302233961588,9773.02233961588,1209689022.16736,314786.382274833,202106100440
211,27804,3355,87,29160,Rocky Mount,"",1150.54869684499,11505.4869684499,1207912397.80139,237805.719395058,202106100440
212,27805,237,3,3769,Aulander,"",628.81400902096,6288.1400902096,3260348789.01416,427031.578041759,202106100440
213,27806,164,3,2441,Aurora,"",671.855796804588,6718.55796804588,3806890944.80762,575449.481817415,202106100440
214,27807,919,11,6940,Bailey,"",1324.20749279539,13242.0749279539,1393278091.89233,266050.599193056,202106100440
215,27808,200,4,2481,Bath,"",806.126561870214,8061.26561870214,1375581489.5946,320371.987641635,202106100440
216,27809,527,10,5254,Battleboro,"",1003.04529881995,10030.4529881995,2127311815.53979,418206.140952668,202106100440
217,27812,271,1,2951,Bethel,"",918.332768553033,9183.32768553033,1796512894.90283,307599.921723871,202106100440
218,27813,78,0,687,Black Creek,"",1135.3711790393,11353.711790393,17954681.8726807,21851.3845296183,202106100440
219,27814,121,2,1801,Blounts Creek,"",671.848972792893,6718.48972792893,2084052221.88855,349050.345630614,202106100440
220,27816,274,3,2634,Castalia,"",1040.24297646166,10402.4297646166,1727056405.90051,269780.663460198,202106100440
221,27817,670,6,7777,Chocowinity,"",861.514722900862,8615.14722900861,3011254799.10022,441922.251479678,202106100440
222,27818,112,1,1269,Como,"",882.584712371946,8825.84712371946,1775223218.97412,291672.91933713,202106100440
223,27820,216,5,3292,Conway,"",656.136087484812,6561.36087484812,1787180209.86865,300570.413456991,202106100440
224,27822,983,15,9119,Elm City,"",1077.96907555653,10779.6907555653,2421416079.34338,500329.938801193,202106100440
225,27823,812,9,7812,Enfield,"",1039.42652329749,10394.2652329749,5279947738.18738,591795.38238411,202106100440
226,27827,24,0,99,Falkland,"",2424.24242424242,24242.4242424242,6818760.54968262,12365.1347191574,202106100440
227,27828,904,8,9031,Farmville,"",1000.99656737903,10009.9656737903,1954373169.79175,304535.643741104,202106100440
228,27829,195,1,1872,Fountain,"",1041.66666666667,10416.6666666667,1242859232.87109,276952.810668188,202106100440
229,27830,337,7,4858,Fremont,"",693.701111568547,6937.01111568547,1661392631.86707,301522.072838785,202106100440
230,27831,339,7,3588,Garysburg,"",944.816053511706,9448.16053511706,1733783751.73071,369102.732751728,202106100440
231,27832,329,8,2912,Gaston,"",1129.80769230769,11298.0769230769,1029571544.94922,217897.088475999,202106100440
232,27834,6511,40,57505,Greenville,"",1132.24936962003,11322.4936962003,5082356628.8689,890421.476518531,202106100440
233,27837,671,3,6506,Grimesland,"",1031.35567168767,10313.5567168767,1710764546.60681,462288.004070908,202106100440
234,27839,266,4,3702,Halifax,"",718.530524041059,7185.30524041059,3728459644.54443,454921.143892168,202106100440
235,27840,56,3,535,Hamilton,"",1046.72897196262,10467.2897196262,127567387.286499,59155.8177418193,202106100440
236,27842,77,0,1436,Henrico,"",536.211699164345,5362.11699164345,414285932.678223,116849.514846702,202106100440
237,27843,124,1,946,Hobgood,"",1310.7822410148,13107.822410148,1458584246.23853,232329.162988765,202106100440
238,27844,286,7,3039,Hollister,"",941.09904573873,9410.9904573873,1251113401.94934,274076.283965929,202106100440
239,27845,207,12,2841,Jackson,"",728.616684266103,7286.16684266103,2842001076.66528,416912.567186113,202106100440
240,27846,302,3,3069,Jamesville,"",984.033887259694,9840.33887259694,3050744149.28796,442133.927899832,202106100440
241,27847,56,0,1071,Kelford,"",522.875816993464,5228.75816993464,1048559305.60547,265580.578438826,202106100440
242,27849,108,3,1483,Lewiston Woodville,"",728.253540121376,7282.53540121376,2062202839.65674,367759.436044123,202106100440
243,27850,478,6,7413,Littleton,"",644.813166059625,6448.13166059625,5554617534.52942,570792.398502674,202106100440
244,27851,547,7,5595,Lucama,"",977.658623771224,9776.58623771224,1253082833.57764,200836.347936783,202106100440
245,27852,272,3,3454,Macclesfield,"",787.492762015055,7874.92762015055,1418996205.83582,268041.951522527,202106100440
246,27853,35,1,436,Margarettsville,"",802.752293577982,8027.52293577982,1061331085.73535,233986.055045062,202106100440
247,27855,478,6,6105,Murfreesboro,"",782.964782964783,7829.64782964783,1379257056.24951,246550.621363096,202106100440
248,27856,2430,33,17301,Nashville,"",1404.5430899948,14045.430899948,3696764195.94336,508647.139191863,202106100440
249,27857,127,5,1601,Oak City,"",793.254216114928,7932.54216114928,2180191629.70935,354763.313675516,202106100440
250,27858,6352,18,58170,Greenville,"",1091.97180677325,10919.7180677325,1683129152.90881,395293.630437,202106100440
251,27860,179,2,2062,Pantego,"",868.089233753637,8680.89233753637,4384086912.80859,475177.331131482,202106100440
252,27862,48,0,945,Pendleton,"",507.936507936508,5079.36507936508,1337735767.81812,305131.144563485,202106100440
253,27863,1038,19,12670,Pikeville,"",819.258089976322,8192.58089976322,1822358483.62146,414140.550515842,202106100440
254,27864,554,7,4823,Pinetops,"",1148.66265809662,11486.6265809662,1058515929.69434,223861.53375515,202106100440
255,27865,228,4,2003,Pinetown,"",1138.29256115826,11382.9256115826,3183419700.15735,407140.115990912,202106100440
256,27866,72,1,672,Pleasant Hill,"",1071.42857142857,10714.2857142857,548856343.547363,183824.668332886,202106100440
257,27869,286,17,2167,Rich Square,"",1319.79695431472,13197.9695431472,2314340977.34839,283794.508144883,202106100440
258,27870,3005,60,26633,Roanoke Rapids,"",1128.29947809109,11282.9947809109,1958976214.39966,237465.130853914,202106100440
259,27871,398,8,4466,Robersonville,"",891.177787729512,8911.77787729512,2640265625.23401,370404.169208956,202106100440
260,27874,452,12,4766,Scotland Neck,"",948.384389425094,9483.84389425094,3988089594.78687,425091.541566969,202106100440
261,27876,118,4,1290,Seaboard,"",914.728682170543,9147.28682170543,1161065802.28784,286123.221519332,202106100440
262,27880,404,0,3280,Sims,"",1231.70731707317,12317.0731707317,661768421.449585,178936.521495753,202106100440
263,27882,909,12,7927,Spring Hope,"",1146.71376308818,11467.1376308818,2721376125.90833,404465.358087667,202106100440
264,27883,348,3,4361,Stantonsburg,"",797.982114193992,7979.82114193992,2149873597.18677,378850.12800901,202106100440
265,27884,172,1,1545,Stokes,"",1113.26860841424,11132.6860841424,1118165618.53992,178810.199825372,202106100440
266,27885,311,5,859,Swanquarter,"",3620.48894062864,36204.8894062864,3236637890.30994,778832.459471456,202106100440
267,27886,2266,73,21595,Tarboro,"",1049.31697152119,10493.1697152119,5534275751.92761,530150.851444626,202106100440
268,27888,278,1,2803,Walstonburg,"",991.79450588655,9917.9450588655,1661899290.0293,260588.447365408,202106100440
269,27889,3043,70,27543,Washington,"",1104.81792106887,11048.1792106887,4746901259.41052,624948.845007958,202106100440
270,27890,255,14,2398,Weldon,"",1063.38615512927,10633.8615512927,250295126.203369,88214.5142201125,202106100440
271,27891,521,8,5011,Whitakers,"",1039.71263220914,10397.1263220914,3802342458.24487,551887.618669609,202106100440
272,27892,1437,25,14363,Williamston,"",1000.4873633642,10004.873633642,4740161664.64209,528153.604658045,202106100440
273,27893,4915,117,40647,Wilson,"",1209.19133023347,12091.9133023347,3134674028.43115,441390.734015219,202106100440
274,27896,2428,33,21212,Wilson,"",1144.63511220064,11446.3511220064,1013992738.34033,260787.736893695,202106100440
275,27897,127,1,2467,Woodland,"",514.795297932712,5147.95297932712,1262848506.99878,250563.523857377,202106100440
276,27909,3318,85,40958,Elizabeth City,"",810.098149323698,8100.98149323698,6356628470.42627,720925.199090358,202106100440
277,27910,1224,49,11609,Ahoskie,"",1054.35438022224,10543.5438022224,3854004911.8667,558805.248838311,202106100440
278,27915,32,0,758,Avon,"",422.163588390501,4221.63588390501,132797325.68457,159985.858445685,202106100440
279,27916,51,0,554,Aydlett,"",920.57761732852,9205.7761732852,175446906.710938,88834.9392660151,202106100440
280,27917,115,6,1084,Barco,"",1060.88560885609,10608.8560885609,583346697.773926,150643.300800981,202106100440
281,27922,75,4,1107,Cofield,"",677.506775067751,6775.06775067751,1372106941.59424,230585.938382193,202106100440
282,27924,293,3,3509,Colerain,"",834.995725277857,8349.95725277857,2545571117.46045,325068.518729581,202106100440
283,27925,324,6,4164,Columbia,"",778.097982708934,7780.97982708934,9421043776.67224,822613.133571787,202106100440
284,27926,93,1,1965,Corapeake,"",473.282442748092,4732.82442748092,1084179276.0813,176947.978129327,202106100440
285,27927,27,0,613,Corolla,"",440.456769983687,4404.56769983687,685869287.21875,1266393.74615984,202106100440
286,27928,140,4,1888,Creswell,"",741.525423728814,7415.25423728814,3736346955.86023,344143.792077436,202106100440
287,27929,119,1,1949,Currituck,"",610.569522832222,6105.69522832222,352573124.774658,146317.944454099,202106100440
288,27932,1299,28,12644,Edenton,"",1027.36475798798,10273.6475798798,3509551689.6084,391797.495792958,202106100440
289,27935,110,3,1674,Eure,"",657.108721624851,6571.08721624851,1443577833.21069,213483.780281898,202106100440
290,27937,252,2,4253,Gates,"",592.522924994122,5925.22924994122,2407949124.70361,290137.740864669,202106100440
291,27938,122,7,1430,Gatesville,"",853.146853146853,8531.46853146853,1202645918.03784,229961.178585235,202106100440
292,27942,56,1,936,Harrellsville,"",598.290598290598,5982.90598290598,927451831.666504,150762.800286803,202106100440
293,27944,906,9,12230,Hertford,"",740.801308258381,7408.01308258381,5013940953.42065,828274.577378666,202106100440
294,27946,78,0,1089,Hobbsville,"",716.253443526171,7162.53443526171,1234977495.96777,250163.996071758,202106100440
295,27948,746,1,12518,Kill Devil Hills,"",595.941843745007,5959.41843745007,288939959.776123,266090.270790261,202106100440
296,27949,391,3,7235,Kitty Hawk,"",540.428472702142,5404.28472702142,426732703.740967,296487.581606319,202106100440
297,27950,61,0,2183,Knotts Island,"",279.431974347229,2794.31974347229,1009906812.90234,393684.159837613,202106100440
298,27957,101,6,1419,Merry Hill,"",711.768851303735,7117.68851303735,1345289022.66797,219570.3989813,202106100440
299,27958,737,7,12061,Moyock,"",611.060442749357,6110.60442749357,2191273226.67993,258895.732965411,202106100440
300,27959,201,1,2451,Nags Head,"",820.073439412485,8200.73439412485,464337538.219238,468359.824712585,202106100440
301,27962,694,20,7439,Plymouth,"",932.921091544562,9329.21091544562,2248894843.11377,323982.422404071,202106100440
302,27966,48,0,1473,Powells Point,"",325.865580448065,3258.65580448065,310362212.773438,140593.315765635,202106100440
303,27968,16,0,413,Rodanthe,"",387.409200968523,3874.09200968523,255307311.38855,376970.397727617,202106100440
304,27970,292,7,3214,Roper,"",908.525202240199,9085.25202240199,3979984913.95898,386215.845703473,202106100440
305,27976,245,1,3561,South Mills,"",688.00898623982,6880.0898623982,2739484648.62012,348819.066033239,202106100440
306,27979,89,0,1813,Sunbury,"",490.899062327634,4908.99062327634,2196378526.26221,272849.595585558,202106100440
307,27982,5,0,0,Waves,"",,,5381164.09509277,11228.317119066,202106100440
308,27983,956,27,10633,Windsor,"",899.087745697357,8990.87745697357,9431469996.22351,861662.756904591,202106100440
309,27986,170,3,2650,Winton,"",641.509433962264,6415.09433962264,374234308.870117,153016.850399202,202106100440
310,28001,3389,98,28360,Albemarle,"",1194.99294781382,11949.9294781382,3791255242.38873,479491.354130006,202106100440
311,28006,133,1,1136,Alexis,"",1170.77464788732,11707.7464788732,126883649.701416,88485.0702727942,202106100440
312,28012,2870,29,24276,Belmont,"",1182.23760092272,11822.3760092272,865729022.118042,170607.841876971,202106100440
313,28016,1566,27,14526,Bessemer City,"",1078.06691449814,10780.6691449814,1271825919.55414,236943.686135101,202106100440
314,28018,591,20,5943,Bostic,"",994.44724886421,9944.4724886421,2694770404.83051,433562.153950885,202106100440
315,28020,243,1,2464,Casar,"",986.201298701299,9862.01298701299,1475633951.64899,260515.821792163,202106100440
316,28021,1479,36,13436,Cherryville,"",1100.77403989283,11007.7403989283,1626380587.60425,391038.422631114,202106100440
317,28023,1719,17,14843,China Grove,"",1158.12167351614,11581.2167351614,1273875684.14087,277795.952246167,202106100440
318,28025,6010,79,55325,Concord,"",1086.30817894261,10863.0817894261,2992149162.05573,466210.81613651,202106100440
319,28027,7428,77,74072,Concord,"",1002.8080786262,10028.080786262,1903468707.60345,332965.289746403,202106100440
320,28031,2875,25,31049,Cornelius,"",925.955747367065,9259.55747367065,672168572.25116,151594.592125485,202106100440
321,28032,386,1,3249,Cramerton,"",1188.05786395814,11880.5786395814,59161626.1264038,51515.5503878613,202106100440
322,28033,418,4,3362,Crouse,"",1243.30755502677,12433.0755502677,509703222.739563,189532.085619349,202106100440
323,28034,2535,33,17859,Dallas,"",1419.4523769528,14194.523769528,1273410668.68243,215322.291269956,202106100440
324,28036,1692,15,18554,Davidson,"",911.932736876145,9119.32736876145,669928559.48645,197029.793668161,202106100440
325,28037,2714,8,23834,Denver,"",1138.70940672988,11387.0940672988,1521729514.62848,312689.389421741,202106100440
326,28039,50,4,428,East Spencer,"",1168.22429906542,11682.2429906542,13759835.5942383,34526.6128305972,202106100440
327,28040,753,10,8270,Ellenboro,"",910.519951632406,9105.19951632406,1773879551.02985,348064.117544275,202106100440
328,28043,2489,79,21472,Forest City,"",1159.18405365127,11591.8405365127,1816346053.52002,348394.442075552,202106100440
329,28052,4332,83,36823,Gastonia,"",1176.43863889417,11764.3863889417,1165429048.27631,189783.469072903,202106100440
330,28054,4685,84,40184,Gastonia,"",1165.88692016723,11658.8692016723,562652947.772949,139549.083675328,202106100440
331,28056,4156,47,35595,Gastonia,"",1167.57971625228,11675.7971625228,1342394953.02258,344787.60681341,202106100440
332,28071,340,4,3198,Gold Hill,"",1063.16447779862,10631.6447779862,1345839018.92865,236923.074375116,202106100440
333,28073,578,10,5606,Grover,"",1031.03817338566,10310.3817338566,702973243.533203,143952.911566798,202106100440
334,28075,1952,15,19174,Harrisburg,"",1018.04526963597,10180.4526963597,656107496.741638,238150.023406484,202106100440
335,28078,6034,53,66079,Huntersville,"",913.149412067374,9131.49412067374,1870251820.14679,316647.648839996,202106100440
336,28079,4099,29,39813,Indian Trail,"",1029.56320799739,10295.6320799739,1221176124.08392,283660.370334182,202106100440
337,28080,846,6,8157,Iron Station,"",1037.14600956234,10371.4600956234,1095921164.38501,240845.709042299,202106100440
338,28081,3007,41,28249,Kannapolis,"",1064.4624588481,10644.624588481,862858421.935425,200259.108957382,202106100440
339,28083,2832,41,25877,Kannapolis,"",1094.40816168799,10944.0816168799,582493569.448059,145983.725103448,202106100440
340,28086,3325,67,26988,Kings Mountain,"",1232.02904994813,12320.2904994813,2467878462.36133,329807.139806484,202106100440
341,28088,434,1,3059,Landis,"",1418.7643020595,14187.643020595,72787169.9580688,52885.3256566675,202106100440
342,28090,733,14,8506,Lawndale,"",861.744650834705,8617.44650834705,2661358061.4715,458218.963524002,202106100440
343,28091,206,1,2353,Lilesville,"",875.478113047174,8754.78113047174,2694411423.45477,313074.926269122,202106100440
344,28092,4858,54,40052,Lincolnton,"",1212.92319984021,12129.2319984021,3216596915.74634,535483.341451103,202106100440
345,28097,832,3,6124,Locust,"",1358.58915741346,13585.8915741346,836579136.406799,181830.474266294,202106100440
346,28098,428,2,4010,Lowell,"",1067.33167082294,10673.3167082294,99103128.4535522,49283.194148661,202106100440
347,28103,1260,24,11346,Marshville,"",1110.52353252247,11105.2353252247,4253866560.83563,449440.107851782,202106100440
348,28104,2909,12,32469,Matthews,"",895.931503896024,8959.31503896024,824578845.587585,325979.692599077,202106100440
349,28105,3927,71,45346,Matthews,"",866.008027168879,8660.08027168879,668165195.784729,278013.840820393,202106100440
350,28107,986,9,8210,Midland,"",1200.97442143727,12009.7442143727,1388640520.38739,250943.513182056,202106100440
351,28110,6453,73,55536,Monroe,"",1161.94900605013,11619.4900605013,3676478383.48267,422255.233862207,202106100440
352,28112,3231,49,28060,Monroe,"",1151.46115466857,11514.6115466857,3713382117.46545,318461.97727687,202106100440
353,28114,785,7,9034,Mooresboro,"",868.939561655966,8689.39561655966,1900066101.23077,346437.871140422,202106100440
354,28115,3980,32,41536,Mooresville,"",958.204930662558,9582.04930662558,2057262512.61176,327151.756863337,202106100440
355,28117,4613,20,47608,Mooresville,"",968.954797513023,9689.54797513023,1555969690.69189,234425.757349855,202106100440
356,28119,295,8,3034,Morven,"",972.313777191826,9723.13777191826,1970357677.74512,298425.648226889,202106100440
357,28120,2647,40,24318,Mount Holly,"",1088.4941195822,10884.941195822,1001654680.08618,272689.093586748,202106100440
358,28124,682,9,7015,Mount Pleasant,"",972.202423378475,9722.02423378475,1620148303.23315,301866.136666845,202106100440
359,28125,286,1,2657,Mount Ulla,"",1076.40195709447,10764.0195709447,1169162879.13867,198953.955252748,202106100440
360,28127,1132,11,7631,New London,"",1483.42288035644,14834.2288035644,2159940152.89789,468250.659328753,202106100440
361,28128,803,9,8098,Norwood,"",991.602864904915,9916.02864904915,2054286113.35083,282114.674844027,202106100440
362,28129,666,9,6031,Oakboro,"",1104.29447852761,11042.9447852761,1226619926.53345,219035.034364981,202106100440
363,28133,284,4,2713,Peachland,"",1046.81164762256,10468.1164762256,2384968915.9574,421295.337069002,202106100440
364,28134,1327,20,11817,Pineville,"",1122.95844969112,11229.5844969112,248618254.324951,88085.4538299007,202106100440
365,28135,530,6,5968,Polkton,"",888.069705093834,8880.69705093834,2916374106.84241,475980.429437206,202106100440
366,28137,341,4,3843,Richfield,"",887.327608639084,8873.27608639084,1223676252.05975,291589.496037827,202106100440
367,28138,1190,20,11659,Rockwell,"",1020.6707264774,10206.707264774,1278406256.12445,357387.534646104,202106100440
368,28139,2161,79,20134,Rutherfordton,"",1073.30883083342,10733.0883083342,5078697342.95056,674832.691106946,202106100440
369,28144,3016,67,25846,Salisbury,"",1166.91170780778,11669.1170780778,867982991.287292,279505.654446658,202106100440
370,28146,3341,54,30382,Salisbury,"",1099.66427489961,10996.6427489961,3012969418.7887,452196.720325258,202106100440
371,28147,3510,84,26204,Salisbury,"",1339.49015417494,13394.9015417494,2146390330.37,312495.471896358,202106100440
372,28150,3364,89,29296,Shelby,"",1148.27962861824,11482.7962861824,3159764942.52783,579453.815714684,202106100440
373,28152,2814,42,26078,Shelby,"",1079.0704808651,10790.704808651,2247420971.2251,304211.560780765,202106100440
374,28159,417,16,3126,Spencer,"",1333.97312859885,13339.7312859885,51886096.1330566,42602.5220628392,202106100440
375,28160,529,11,4015,Spindale,"",1317.55915317559,13175.5915317559,170326604.450989,70799.3749654705,202106100440
376,28163,566,3,5814,Stanfield,"",973.512211902305,9735.12211902305,970276414.142883,191731.821086023,202106100440
377,28164,1685,42,15447,Stanley,"",1090.82669774066,10908.2669774066,1144736813.58362,324856.854746788,202106100440
378,28166,1051,20,9868,Troutman,"",1065.0587758411,10650.587758411,911716953.816406,217041.310552798,202106100440
379,28167,229,4,2418,Union Mills,"",947.063688999173,9470.63688999173,1934997992.23633,347927.953502144,202106100440
380,28168,1249,15,10437,Vale,"",1196.70403372617,11967.0403372617,2469130589.68384,340004.345415379,202106100440
381,28170,1251,35,12494,Wadesboro,"",1001.28061469505,10012.8061469505,5053183842.2157,655726.472285971,202106100440
382,28173,5654,30,63837,Waxhaw,"",885.693249996084,8856.93249996084,3045162637.21796,318858.064536165,202106100440
383,28174,1224,6,9287,Wingate,"",1317.971357812,13179.71357812,985461754.807983,246986.820118662,202106100440
384,28202,2062,2,16755,Charlotte,"",1230.67740972844,12306.7740972844,50452583.9099121,34485.9053855683,202106100440
385,28203,2375,6,19070,Charlotte,"",1245.41164132145,12454.1164132145,91001089.479126,54761.2733662689,202106100440
386,28204,1120,6,8738,Charlotte,"",1281.7578393225,12817.578393225,48899100.5548096,40761.7265321132,202106100440
387,28205,5071,65,51821,Charlotte,"",978.560815113564,9785.60815113564,335820474.82135,104910.810677792,202106100440
388,28206,1693,9,15244,Charlotte,"",1110.60089215429,11106.0089215429,182577260.697876,71458.050216539,202106100440
389,28207,856,5,9761,Charlotte,"",876.959327937711,8769.59327937711,68333859.7921753,36157.3958026361,202106100440
390,28208,4678,47,39944,Charlotte,"",1171.13959543361,11711.3959543361,595973347.5495,157267.598078636,202106100440
391,28209,2381,13,26012,Charlotte,"",915.346763032447,9153.46763032447,157335764.525879,72359.4847682198,202106100440
392,28210,4432,36,44704,Charlotte,"",991.410164638511,9914.10164638511,342547124.476257,112745.958411282,202106100440
393,28211,2628,67,31253,Charlotte,"",840.879275589543,8408.79275589543,292827786.05603,102838.759144167,202106100440
394,28212,4855,34,42744,Charlotte,"",1135.83192962755,11358.3192962755,237710291.866211,96077.3791004252,202106100440
395,28213,5471,47,45338,Charlotte,"",1206.71401473378,12067.1401473378,412614569.613403,162252.089416931,202106100440
396,28214,5232,35,41208,Charlotte,"",1269.65637740245,12696.5637740245,965554836.030151,224926.880987091,202106100440
397,28215,7163,62,60256,Charlotte,"",1188.76128518322,11887.6128518322,782010510.903748,222976.412140327,202106100440
398,28216,6393,58,58744,Charlotte,"",1088.28135639384,10882.8135639384,857978895.941772,184761.316525275,202106100440
399,28217,3472,20,30875,Charlotte,"",1124.53441295547,11245.3441295547,428067925.271423,132462.900799897,202106100440
400,28226,3313,34,40227,Charlotte,"",823.576205036418,8235.76205036418,430471271.22644,131097.087702525,202106100440
401,28227,6270,53,57319,Charlotte,"",1093.87812069296,10938.7812069296,1173416755.00244,297066.255269002,202106100440
402,28262,4643,40,43683,Charlotte,"",1062.88487512305,10628.8487512305,593648477.600464,159979.41236041,202106100440
403,28269,7911,52,81464,Charlotte,"",971.103800451733,9711.03800451733,840640266.840637,192155.045229048,202106100440
404,28270,2472,28,34753,Charlotte,"",711.305498805859,7113.05498805859,345778417.622314,161555.486865571,202106100440
405,28273,4777,38,40544,Charlotte,"",1178.22612470403,11782.2612470403,614626385.142517,192801.276498243,202106100440
406,28277,5510,24,72020,Charlotte,"",765.065259650097,7650.65259650097,675381884.726379,144850.675101077,202106100440
407,28278,3207,17,32539,Charlotte,"",985.586526936906,9855.86526936906,902762098.137573,246465.469761239,202106100440
408,28301,1748,62,17717,Fayetteville,"",986.623017440876,9866.23017440876,348717238.9104,130217.445212828,202106100440
409,28303,2584,30,34600,Fayetteville,"",746.820809248555,7468.20809248555,540160738.043701,179304.154504403,202106100440
410,28304,3002,28,39651,Fayetteville,"",757.105747648231,7571.05747648231,491742944.185852,186465.416198877,202106100440
411,28305,458,6,5010,Fayetteville,"",914.171656686627,9141.71656686627,69895111.336731,49443.8950343603,202106100440
412,28306,3790,34,42565,Fayetteville,"",890.402913191589,8904.02913191589,2090603260.31519,562860.488861907,202106100440
413,28307,1080,0,15486,Fort Bragg,"",697.404106935296,6974.04106935296,174879596.356018,92732.9092032322,202106100440
414,28310,1140,0,8861,Fort Bragg,"",1286.53650829477,12865.3650829478,506286340.902344,200733.090413706,202106100440
415,28311,2948,23,36046,Fayetteville,"",817.843866171004,8178.43866171004,1336136656.04889,240844.864072535,202106100440
416,28312,1780,37,18419,Fayetteville,"",966.393398121505,9663.93398121505,4341373681.0871,556260.336471475,202106100440
417,28314,4923,35,53642,Fayetteville,"",917.751015994929,9177.51015994929,816473670.87677,185615.29020179,202106100440
418,28315,1301,19,13329,Aberdeen,"",976.0672218471,9760.672218471,2049308469.85626,494397.056686911,202106100440
419,28318,481,4,4579,Autryville,"",1050.44769600349,10504.4769600349,2217851356.83313,372935.466158955,202106100440
420,28320,853,8,9381,Bladenboro,"",909.284724443023,9092.84724443023,3248490168.58801,381864.201698899,202106100440
421,28323,385,1,4578,Bunnlevel,"",840.978593272171,8409.78593272171,1112191308.33496,301931.807656215,202106100440
422,28326,1754,7,22382,Cameron,"",783.665445447234,7836.65445447234,3242119864.63824,488036.1730633,202106100440
423,28327,1689,29,18273,Carthage,"",924.314562469217,9243.14562469217,5396542091.08795,586939.342565835,202106100440
424,28328,3499,56,26951,Clinton,"",1298.28206745575,12982.8206745575,6810728499.67102,657248.933701038,202106100440
425,28333,1164,24,10709,Dudley,"",1086.93622186946,10869.3622186946,1249687746.85376,213915.020571421,202106100440
426,28334,3224,53,26215,Dunn,"",1229.83024985695,12298.3024985695,4497238669.98419,544402.158241248,202106100440
427,28337,1130,20,11927,Elizabethtown,"",947.43020038568,9474.3020038568,5069041872.41577,577770.225904475,202106100440
428,28338,410,5,4804,Ellerbe,"",853.45545378851,8534.5545378851,3935542448.08881,492508.044174153,202106100440
429,28339,787,10,7226,Erwin,"",1089.12261278716,10891.2261278716,1064553458.41333,310656.999787592,202106100440
430,28340,1227,27,10738,Fairmont,"",1142.6708884336,11426.708884336,3757196814.59872,450516.228420329,202106100440
431,28341,493,4,5080,Faison,"",970.472440944882,9704.72440944882,2787115249.34564,421094.619116887,202106100440
432,28343,167,5,1567,Gibson,"",1065.73069559668,10657.3069559668,458723474.164063,106909.663733147,202106100440
433,28344,407,6,3814,Godwin,"",1067.12113266911,10671.2113266911,1128755315.22852,269142.265002464,202106100440
434,28345,1384,28,12656,Hamlet,"",1093.55246523388,10935.5246523388,2126402412.95966,332606.523883072,202106100440
435,28347,210,0,1826,Hoffman,"",1150.0547645126,11500.547645126,747268691.675964,194334.44204749,202106100440
436,28348,3480,29,36052,Hope Mills,"",965.27238433374,9652.7238433374,1166315651.14276,329846.853315969,202106100440
437,28349,428,14,3955,Kenansville,"",1082.17446270544,10821.7446270544,1959246504.78113,326624.538750416,202106100440
438,28350,31,0,70,Lakeview,"",4428.57142857143,44285.7142857143,7876659.25891113,11657.1581787366,202106100440
439,28351,454,1,5269,Laurel Hill,"",861.643575631049,8616.4357563105,1788599136.13666,386362.394376361,202106100440
440,28352,2815,72,25298,Laurinburg,"",1112.73618467863,11127.3618467863,3264782876.16284,438869.872406896,202106100440
441,28356,468,5,4914,Linden,"",952.380952380952,9523.80952380952,1497885580.84283,286294.988335977,202106100440
442,28357,258,4,3224,Lumber Bridge,"",800.248138957816,8002.48138957816,998095899.747498,200973.924425577,202106100440
443,28358,4756,88,38517,Lumberton,"",1234.77944803593,12347.7944803593,5499536726.32037,504386.804277589,202106100440
444,28360,1893,23,14944,Lumberton,"",1266.72912205567,12667.2912205567,1985862696.58282,363920.117329658,202106100440
445,28363,124,1,1079,Marston,"",1149.21223354958,11492.1223354958,1736455559.11224,383927.716730152,202106100440
446,28364,1715,23,15170,Maxton,"",1130.52076466711,11305.2076466711,3845135736.01221,464303.223304611,202106100440
447,28365,1730,46,17063,Mount Olive,"",1013.88970286585,10138.8970286585,5449867058.99634,617077.136427741,202106100440
448,28366,668,10,5153,Newton Grove,"",1296.3322336503,12963.322336503,2293381130.24042,414618.719505341,202106100440
449,28369,247,5,2241,Orrum,"",1102.18652387327,11021.8652387327,1800121585.61136,401393.305842191,202106100440
450,28371,642,6,7085,Parkton,"",906.139731827805,9061.39731827805,1005950088.08063,229991.086519014,202106100440
451,28372,1971,21,15254,Pembroke,"",1292.12009964599,12921.2009964599,1147770145.91595,255857.280522167,202106100440
452,28373,218,1,2552,Pinebluff,"",854.23197492163,8542.3197492163,460329066.992676,140223.621385681,202106100440
453,28374,1368,47,18171,Pinehurst,"",752.847944526994,7528.47944526994,609888351.153748,186776.563275303,202106100440
454,28376,4042,47,43831,Raeford,"",922.178366909265,9221.78366909265,8255601209.37079,618028.253174215,202106100440
455,28377,1553,27,13036,Red Springs,"",1191.31635471003,11913.1635471003,2872865768.25568,446034.002241504,202106100440
456,28379,2635,64,25804,Rockingham,"",1021.15951015346,10211.5951015346,4156662320.34821,486165.084209016,202106100440
457,28382,720,14,8006,Roseboro,"",899.325505870597,8993.25505870597,3525739741.42773,652666.741452106,202106100440
458,28383,919,8,7713,Rowland,"",1191.49487877609,11914.9487877609,2904453853.97415,460017.981876533,202106100440
459,28384,1504,17,12414,Saint Pauls,"",1211.5353632995,12115.353632995,2850567240.80182,480450.415018018,202106100440
460,28385,379,2,3005,Salemburg,"",1261.231281198,12612.31281198,1040463355.97156,321938.125650219,202106100440
461,28386,855,9,6068,Shannon,"",1409.03098220171,14090.3098220171,1134602512.8537,354913.796549299,202106100440
462,28387,1391,55,17139,Southern Pines,"",811.59927650388,8115.9927650388,810260751.658813,181010.127281146,202106100440
463,28390,1705,14,23494,Spring Lake,"",725.717204392611,7257.17204392611,1630867413.08136,287302.836124697,202106100440
464,28391,459,6,5326,Stedman,"",861.80998873451,8618.0998873451,1084470955.12604,202263.555324582,202106100440
465,28392,168,1,1554,Tar Heel,"",1081.08108108108,10810.8108108108,925384379.987671,187529.786563955,202106100440
466,28393,257,6,2160,Turkey,"",1189.81481481481,11898.1481481481,1437383838.7915,233550.655699493,202106100440
467,28394,482,4,6094,Vass,"",790.941910075484,7909.41910075484,1215312777.16113,300186.221923817,202106100440
468,28395,252,1,2657,Wade,"",948.438088069251,9484.38088069251,1382105528.22943,246616.208913961,202106100440
469,28396,213,8,2679,Wagram,"",795.072788353863,7950.72788353863,1631714382.90094,330475.243709585,202106100440
470,28398,916,23,7672,Warsaw,"",1193.95203336809,11939.5203336809,2739435952.33466,345606.723026117,202106100440
471,28399,181,2,1934,White Oak,"",935.8841778697,9358.841778697,2338498223.40869,308489.981388208,202106100440
472,28401,2059,49,24213,Wilmington,"",850.369636145872,8503.69636145872,925590291.269562,302995.405207511,202106100440
473,28403,3744,17,41945,Wilmington,"",892.59744904041,8925.9744904041,403456249.54361,135103.298695973,202106100440
474,28405,2843,26,33719,Wilmington,"",843.144814496278,8431.44814496278,694443662.189972,212896.044608315,202106100440
475,28409,2591,17,34974,Wilmington,"",740.836049636873,7408.36049636873,678530052.059952,626246.018361276,202106100440
476,28411,3127,23,38820,Wilmington,"",805.512622359608,8055.12622359608,1477023573.08954,591854.549770877,202106100440
477,28412,3198,35,42977,Wilmington,"",744.118947343928,7441.18947343928,635947452.301941,245813.217862995,202106100440
478,28420,378,12,5116,Ash,"",738.858483189992,7388.58483189992,4030119174.4476,622951.504256467,202106100440
479,28421,135,4,2040,Atkinson,"",661.764705882353,6617.64705882353,1701084244.28595,246250.995159075,202106100440
480,28422,505,9,8682,Bolivia,"",581.663211241649,5816.63211241649,2520456183.00197,406510.949073508,202106100440
481,28423,211,2,2285,Bolton,"",923.413566739606,9234.13566739606,4327886518.67657,560706.23791653,202106100440
482,28425,1323,22,12625,Burgaw,"",1047.92079207921,10479.2079207921,4872852970.19843,522799.098840263,202106100440
483,28428,564,1,7142,Carolina Beach,"",789.694763371605,7896.94763371605,153392950.326767,131890.839899376,202106100440
484,28429,735,3,8542,Castle Hayne,"",860.454226176539,8604.54226176539,1146009267.92944,244578.64538817,202106100440
485,28430,213,3,2055,Cerro Gordo,"",1036.49635036496,10364.9635036496,1294763521.80133,235369.368885516,202106100440
486,28431,754,22,6741,Chadbourn,"",1118.52840824803,11185.2840824803,2019287633.59152,414968.282140326,202106100440
487,28432,236,3,1684,Clarendon,"",1401.42517814727,14014.2517814727,913029717.719559,381140.327621417,202106100440
488,28433,436,5,5297,Clarkton,"",823.10741929394,8231.0741929394,3257754219.81824,497145.128049416,202106100440
489,28434,89,2,1357,Council,"",655.858511422255,6558.58511422255,2209417286.23001,262045.947095385,202106100440
490,28435,259,5,2931,Currie,"",883.657454793586,8836.57454793586,2746865502.37314,418800.327512466,202106100440
491,28436,214,2,2312,Delco,"",925.60553633218,9256.0553633218,1250613651.60083,304067.898737589,202106100440
492,28438,160,3,1688,Evergreen,"",947.867298578199,9478.67298578199,1324758692.31961,354385.951020837,202106100440
493,28439,140,7,1536,Fair Bluff,"",911.458333333333,9114.58333333333,667490225.496307,213264.007900786,202106100440
494,28441,345,4,3328,Garland,"",1036.65865384615,10366.5865384615,3774857745.4223,555550.533903292,202106100440
495,28442,161,4,1734,Hallsboro,"",928.489042675894,9284.89042675894,1395074837.14975,336354.405393145,202106100440
496,28443,1988,20,22483,Hampstead,"",884.223635635814,8842.23635635814,4337834719.99771,560208.032392264,202106100440
497,28444,241,1,2278,Harrells,"",1057.94556628622,10579.4556628622,3251010335.70935,548979.732892781,202106100440
498,28445,742,12,8142,Holly Ridge,"",911.32399901744,9113.2399901744,2835470197.40424,676482.174744674,202106100440
499,28447,146,0,1334,Ivanhoe,"",1094.45277361319,10944.5277361319,2755654733.91089,442226.920323366,202106100440
500,28448,68,1,1216,Kelly,"",559.210526315789,5592.1052631579,2360585218.26868,400674.523076971,202106100440
501,28449,89,1,1958,Kure Beach,"",454.545454545455,4545.45454545455,112229003.875305,80695.004584803,202106100440
502,28450,211,8,2397,Lake Waccamaw,"",880.267000417188,8802.67000417188,1482484363.39343,277199.450521116,202106100440
503,28451,2791,22,39194,Leland,"",712.098790631219,7120.98790631219,5322314275.71591,771852.448618023,202106100440
504,28452,74,2,513,Longwood,"",1442.49512670565,14424.9512670565,201031402.998276,76626.878203892,202106100440
505,28453,552,7,4137,Magnolia,"",1334.30021754895,13343.0021754895,2286467269.94287,428957.863476439,202106100440
506,28454,270,2,3549,Maple Hill,"",760.777683854607,7607.77683854607,3064407818.25446,319144.850869927,202106100440
507,28455,190,3,1718,Nakina,"",1105.93713620489,11059.3713620489,1802269564.75485,339624.478895421,202106100440
508,28456,361,5,3566,Riegelwood,"",1012.33875490746,10123.3875490746,1872158645.14374,368901.622022321,202106100440
509,28457,991,11,12840,Rocky Point,"",771.806853582554,7718.06853582555,3397895880.78387,551931.996451502,202106100440
510,28458,683,13,7018,Rose Hill,"",973.21174123682,9732.1174123682,3025757032.09851,549753.327973728,202106100440
511,28460,1057,2,10588,Sneads Ferry,"",998.299962221383,9982.99962221383,868820245.916626,505270.66774661,202106100440
512,28461,1001,8,20575,Southport,"",486.512758201701,4865.12758201701,2976816159.44659,699193.3729383,202106100440
513,28462,822,14,14309,Supply,"",574.463624292403,5744.63624292403,3173815797.17624,578042.071238933,202106100440
514,28463,1523,35,9865,Tabor City,"",1543.84186517993,15438.4186517993,3441446535.6745,489113.866817469,202106100440
515,28464,276,5,2491,Teachey,"",1107.98875953432,11079.8875953432,651873569.02948,216752.818849917,202106100440
516,28465,411,6,8285,Oak Island,"",496.077248038624,4960.77248038624,278142792.540329,260764.452809295,202106100440
517,28466,1073,34,10375,Wallace,"",1034.21686746988,10342.1686746988,4134830722.40503,646652.750223625,202106100440
518,28467,884,17,11393,Calabash,"",775.915035548144,7759.15035548144,478052225.035095,182374.085490172,202106100440
519,28468,311,3,5394,Sunset Beach,"",576.566555431961,5765.66555431961,561581539.026329,281339.504069841,202106100440
520,28469,573,10,7481,Ocean Isle Beach,"",765.940382301831,7659.40382301831,718539224.77166,397460.188245044,202106100440
521,28470,976,38,13446,Shallotte,"",725.866428677674,7258.66428677674,1182514664.27979,362760.617388835,202106100440
522,28472,2039,53,20002,Whiteville,"",1019.39806019398,10193.9806019398,5336860792.21823,836470.753006454,202106100440
523,28478,420,4,4976,Willard,"",844.051446945338,8440.51446945338,3641064446.79327,420805.470689162,202106100440
524,28479,484,9,4874,Winnabow,"",993.024210094378,9930.24210094378,2117768058.25922,493774.783138492,202106100440
525,28480,316,0,2737,Wrightsville Beach,"",1154.54877603215,11545.4877603215,105606171.513519,198146.556810674,202106100440
526,28501,1713,40,19507,Kinston,"",878.146306454093,8781.46306454093,2991635337.302,625626.15035165,202106100440
527,28504,2354,42,21016,Kinston,"",1120.09897221165,11200.9897221165,3402165916.96191,527051.926248194,202106100440
528,28508,281,6,2984,Albertson,"",941.689008042895,9416.89008042895,979966062.858154,216402.11543394,202106100440
529,28510,81,0,1543,Arapahoe,"",524.951393389501,5249.51393389501,492605022.366577,160146.449017413,202106100440
530,28511,27,0,628,Atlantic,"",429.936305732484,4299.36305732484,664520864.566406,632922.312503468,202106100440
531,28512,236,5,3689,Atlantic Beach,"",639.739766874492,6397.39766874492,159414908.561523,282548.210087653,202106100440
532,28513,1015,3,10825,Ayden,"",937.644341801386,9376.44341801386,2611479123.85803,477095.460669019,202106100440
533,28515,331,2,3463,Bayboro,"",955.818654345943,9558.18654345943,1758589825.68518,437586.784820445,202106100440
534,28516,844,8,12482,Beaufort,"",676.173690113764,6761.73690113764,3384236686.76337,1001596.71803034,202106100440
535,28518,846,13,8803,Beulaville,"",961.036010450983,9610.36010450983,2702594658.36359,473932.945095065,202106100440
536,28521,226,9,2259,Chinquapin,"",1000.44267374945,10004.4267374945,984336924.154663,232445.955683395,202106100440
537,28523,215,3,2274,Cove City,"",945.47053649956,9454.7053649956,2247611957.06177,297516.586083844,202106100440
538,28525,316,4,3309,Deep Run,"",954.971290420066,9549.71290420067,1368793733.10339,260376.07892082,202106100440
539,28526,192,5,2384,Dover,"",805.369127516778,8053.69127516778,2062614072.29626,437910.466683838,202106100440
540,28529,297,4,2539,Grantsboro,"",1169.75187081528,11697.5187081528,2523317524.60889,412017.089612736,202106100440
541,28530,748,10,7474,Grifton,"",1000.802782981,10008.02782981,1906098626.48975,426610.065184872,202106100440
542,28531,105,3,1414,Harkers Island,"",742.574257425743,7425.74257425743,96666650.4205933,159397.370996394,202106100440
543,28532,1542,6,25868,Havelock,"",596.103293644657,5961.03293644657,5072028576.29651,874966.498361209,202106100440
544,28538,366,3,3342,Hookerton,"",1095.1526032316,10951.526032316,837514346.679443,167225.326393657,202106100440
545,28539,1269,13,18000,Hubert,"",705,7050,2158531628.89203,965472.416809674,202106100440
546,28540,4423,52,52400,Jacksonville,"",844.083969465649,8440.83969465649,3283488394.35052,547729.060516664,202106100440
547,28542,624,0,6146,Camp Lejeune,"",1015.29450048812,10152.9450048812,1137151211.30426,554417.951637184,202106100440
548,28543,331,2,6618,Tarawa Terrace,"",500.151103052282,5001.51103052282,101812905.851257,81799.9494086723,202106100440
549,28546,4543,40,51963,Jacksonville,"",874.275927101976,8742.75927101976,2766403023.01086,429757.095409677,202106100440
550,28547,1280,0,13868,Camp Lejeune,"",922.988174214018,9229.88174214018,321351155.112183,125030.1108688,202106100440
551,28551,1368,21,14265,La Grange,"",958.990536277603,9589.90536277603,3578620059.57935,402405.541085344,202106100440
552,28553,23,1,522,Marshallberg,"",440.613026819923,4406.13026819923,44093630.395752,64625.7950525978,202106100440
553,28555,415,1,4702,Maysville,"",882.603147596767,8826.03147596767,3623337430.05573,600372.548840717,202106100440
554,28557,1153,12,15254,Morehead City,"",755.867313491543,7558.67313491543,400526127.961975,291647.007459014,202106100440
555,28560,2658,58,28926,New Bern,"",918.896494503215,9188.96494503215,3309199654.78784,1030041.14449326,202106100440
556,28562,3590,46,38009,New Bern,"",944.513141624352,9445.13141624352,3853792240.20764,1071472.47820273,202106100440
557,28570,1732,13,22687,Newport,"",763.432802926786,7634.32802926786,4050945831.7467,612371.091717979,202106100440
558,28571,120,1,3137,Oriental,"",382.531080650303,3825.31080650303,1482289449.53186,353024.47769856,202106100440
559,28572,642,11,6379,Pink Hill,"",1006.42733970842,10064.2733970842,3042675125.74115,395176.694907307,202106100440
560,28573,254,17,2475,Pollocksville,"",1026.26262626263,10262.6262626263,3035889883.2348,360117.83631843,202106100440
561,28574,1724,15,17702,Richlands,"",973.901254095582,9739.01254095582,3868294357.7301,523654.71280993,202106100440
562,28577,13,0,595,Sealevel,"",218.487394957983,2184.87394957983,131607264.267456,82049.6590834025,202106100440
563,28578,574,8,7044,Seven Springs,"",814.877910278251,8148.77910278251,1837860745.29797,304549.150963809,202106100440
564,28580,1205,35,12031,Snow Hill,"",1001.57925359488,10015.7925359488,3261656823.56982,373362.024423985,202106100440
565,28582,153,2,1824,Stella,"",838.815789473684,8388.15789473684,566119411.242798,233745.537488707,202106100440
566,28584,916,12,12910,Swansboro,"",709.527498063517,7095.27498063517,870417864.570801,630505.524420815,202106100440
567,28585,340,8,4170,Trenton,"",815.347721822542,8153.47721822542,5857263271.9624,616313.550954669,202106100440
568,28586,1240,9,8427,Vanceboro,"",1471.46078082354,14714.6078082354,3798727344.79224,393188.365406213,202106100440
569,28590,2959,15,26551,Winterville,"",1114.458965764,11144.58965764,1153236268.85608,260797.112041444,202106100440
570,28594,298,4,3678,Emerald Isle,"",810.222947253942,8102.22947253942,161880563.377441,206007.39513627,202106100440
571,28601,6386,100,49848,Hickory,"",1281.09452736318,12810.9452736318,1378207425.05768,365850.750506082,202106100440
572,28602,3594,79,31218,Hickory,"",1151.25888910244,11512.5888910244,1938678919.97003,319569.803956005,202106100440
573,28604,536,3,6449,Banner Elk,"",831.136610327183,8311.36610327182,1915326545.24634,325836.980718489,202106100440
574,28605,294,4,4143,Blowing Rock,"",709.630702389573,7096.30702389573,895784503.144714,248689.345104092,202106100440
575,28606,203,1,2367,Boomer,"",857.625686523025,8576.25686523025,1247639586.18042,214129.251492026,202106100440
576,28607,3170,20,37481,Boone,"",845.761852672021,8457.61852672021,2776057252.95807,555835.87368089,202106100440
577,28609,620,10,6457,Catawba,"",960.198234474214,9601.98234474214,1341728385.28827,281255.134101197,202106100440
578,28610,1189,12,10238,Claremont,"",1161.3596405548,11613.596405548,1121879522.66571,308096.881521473,202106100440
579,28612,1513,42,14906,Connelly Springs,"",1015.0275057024,10150.275057024,2400642845.42798,441028.943696581,202106100440
580,28613,3113,52,25216,Conover,"",1234.53362944162,12345.3362944162,1220326345.78546,362168.639637895,202106100440
581,28615,113,1,1883,Creston,"",600.106213489113,6001.06213489113,1868599532.61511,272770.247470023,202106100440
582,28617,212,3,2451,Crumpler,"",864.953080375357,8649.53080375357,986888820.641235,263906.737953269,202106100440
583,28618,183,2,2480,Deep Gap,"",737.903225806452,7379.03225806452,1010729766.2395,224128.286954044,202106100440
584,28621,1266,33,10400,Elkin,"",1217.30769230769,12173.0769230769,1827310682.30029,492431.108964796,202106100440
585,28622,236,0,2638,Elk Park,"",894.61713419257,8946.1713419257,922706854.79248,228052.883765708,202106100440
586,28623,166,0,1716,Ennice,"",967.365967365967,9673.65967365967,790959225.749146,176648.995975267,202106100440
587,28624,142,3,1893,Ferguson,"",750.13206550449,7501.3206550449,1893859856.27216,280305.359064925,202106100440
588,28625,4063,83,38862,Statesville,"",1045.49431321085,10454.9431321085,5528677082.18164,627405.10903711,202106100440
589,28626,160,1,3001,Fleetwood,"",533.155614795068,5331.55614795068,819063990.876587,148645.734339712,202106100440
590,28627,88,0,1534,Glade Valley,"",573.663624511082,5736.63624511082,929851696.585571,229623.659776181,202106100440
591,28630,2439,29,20369,Granite Falls,"",1197.40782561736,11974.0782561736,1749206123.14734,364175.180926025,202106100440
592,28631,65,0,536,Grassy Creek,"",1212.68656716418,12126.8656716418,666742006.060913,167245.211138671,202106100440
593,28634,513,7,5269,Harmony,"",973.619282596318,9736.19282596318,1708637469.52393,380041.00063272,202106100440
594,28635,354,4,4032,Hays,"",877.97619047619,8779.7619047619,1589254753.84888,282956.554467362,202106100440
595,28636,574,13,5186,Hiddenite,"",1106.82607018897,11068.2607018897,1563401720.00476,343683.132287545,202106100440
596,28637,303,5,1583,Hildebran,"",1914.08717624763,19140.8717624763,75804105.8025513,39679.7431148789,202106100440
597,28638,1437,7,12560,Hudson,"",1144.10828025478,11441.0828025478,586195125.955933,179942.259882133,202106100440
598,28640,526,19,4805,Jefferson,"",1094.69302809573,10946.9302809573,1056537388.6748,302637.68949569,202106100440
599,28642,550,6,5578,Jonesville,"",986.016493366798,9860.16493366798,922184812.2677,173376.666314256,202106100440
600,28643,234,4,3443,Lansing,"",679.639848968922,6796.39848968922,2044042930.41492,275858.107391137,202106100440
601,28644,92,0,1570,Laurel Springs,"",585.987261146497,5859.87261146497,2045165288.09131,297831.475142139,202106100440
602,28645,5180,74,47621,Lenoir,"",1087.75540202852,10877.5540202852,9179149391.98291,930216.037146458,202106100440
603,28649,95,0,1034,Mc Grady,"",918.762088974855,9187.62088974855,1036137984.80469,190682.670149615,202106100440
604,28650,1517,15,13374,Maiden,"",1134.29041423658,11342.9041423658,1278104496.07623,377336.649296681,202106100440
605,28651,653,11,6653,Millers Creek,"",981.512099804599,9815.12099804599,2065649255.9353,349078.290644553,202106100440
606,28654,332,4,3800,Moravian Falls,"",873.684210526316,8736.84210526316,1821577421.53857,295573.209104024,202106100440
607,28655,5910,78,58249,Morganton,"",1014.60969287026,10146.0969287026,9153179930.14331,677983.745386267,202106100440
608,28657,929,13,9610,Newland,"",966.701352757544,9667.01352757544,3935578521.47217,457051.359413869,202106100440
609,28658,3508,44,25858,Newton,"",1356.64011137752,13566.4011137752,2022657893.02307,451555.722478837,202106100440
610,28659,2310,43,21013,North Wilkesboro,"",1099.3194689002,10993.194689002,2817470108.66394,743040.466864702,202106100440
611,28660,219,2,2336,Olin,"",937.5,9375,892135691.594116,224297.744075571,202106100440
612,28665,233,3,2986,Purlear,"",780.308104487609,7803.08104487609,1778038258.60608,240271.301413849,202106100440
613,28668,24,0,39,Roaring Gap,"",6153.84615384615,61538.4615384615,150579895.761963,97868.8716295681,202106100440
614,28669,242,1,3133,Roaring River,"",772.422598148739,7724.22598148739,1299426384.18799,252536.432806368,202106100440
615,28670,271,4,3183,Ronda,"",851.398052152058,8513.98052152058,1123975912.01135,257469.478215133,202106100440
616,28673,613,5,6621,Sherrills Ford,"",925.842017822081,9258.42017822081,852092289.759583,248402.605359209,202106100440
617,28675,702,5,6805,Sparta,"",1031.59441587068,10315.9441587068,2977111225.9541,397880.21838125,202106100440
618,28676,344,3,3444,State Road,"",998.83855981417,9988.3855981417,830902972.436646,197653.666386266,202106100440
619,28677,3951,57,35614,Statesville,"",1109.39518167013,11093.9518167013,2372250827.99042,364916.143502524,202106100440
620,28678,479,3,5252,Stony Point,"",912.033511043412,9120.33511043412,1249807753.12482,237772.476162198,202106100440
621,28679,114,1,2122,Sugar Grove,"",537.229029217719,5372.29029217719,636943392.934937,227619.317646308,202106100440
622,28681,3190,66,26959,Taylorsville,"",1183.27831151007,11832.7831151007,4726487412.65814,412700.759417833,202106100440
623,28682,113,1,1099,Terrell,"",1028.20746132848,10282.0746132848,164657442.78833,108427.066369374,202106100440
624,28683,144,2,1934,Thurmond,"",744.570837642192,7445.70837642192,988749233.112671,203358.60410099,202106100440
625,28684,108,1,2175,Todd,"",496.551724137931,4965.51724137931,1383524229.94177,292392.138653963,202106100440
626,28685,156,0,1908,Traphill,"",817.610062893082,8176.10062893082,1296786088.98804,215086.939280452,202106100440
627,28689,178,0,1662,Union Grove,"",1070.99879663057,10709.9879663057,1218398001.86389,304792.24772459,202106100440
628,28690,940,15,9427,Valdese,"",997.135886284078,9971.35886284078,668624773.04187,213466.610171622,202106100440
629,28692,284,1,4504,Vilas,"",630.550621669627,6305.50621669627,1091553223.68976,286379.955820553,202106100440
630,28693,132,1,1693,Warrensville,"",779.681039574719,7796.81039574719,621923811.260986,170328.387778476,202106100440
631,28694,667,13,8033,West Jefferson,"",830.324909747292,8303.24909747292,2188720146.69934,416426.801998168,202106100440
632,28697,1405,32,13376,Wilkesboro,"",1050.38875598086,10503.8875598086,1810927272.521,565265.362104433,202106100440
633,28701,313,3,4830,Alexander,"",648.033126293996,6480.33126293996,557040025.003723,178622.867954755,202106100440
634,28702,14,0,704,Almond,"",198.863636363636,1988.63636363636,749571990.457794,168899.042279792,202106100440
635,28704,1917,22,21728,Arden,"",882.271723122239,8822.71723122239,1481682958.97644,329012.999643476,202106100440
636,28705,480,1,7168,Bakersville,"",669.642857142857,6696.42857142857,3538838336.04175,376028.663142582,202106100440
637,28711,873,31,15250,Black Mountain,"",572.459016393443,5724.59016393443,2289646423.50623,432841.10713665,202106100440
638,28712,1377,26,19644,Brevard,"",700.977397678681,7009.77397678681,3743370041.24365,607196.289251344,202106100440
639,28713,610,11,9333,Bryson City,"",653.59477124183,6535.9477124183,7085157294.99072,658029.652447302,202106100440
640,28714,1460,27,17066,Burnsville,"",855.50216805344,8555.0216805344,7287599937.88281,538818.932986382,202106100440
641,28715,1892,23,27289,Candler,"",693.319652607278,6933.19652607278,1975153881.5733,274379.594297132,202106100440
642,28716,1352,43,18650,Canton,"",724.932975871314,7249.32975871314,4450693739.33826,450946.985814241,202106100440
643,28718,29,0,607,Cedar Mountain,"",477.759472817133,4777.59472817133,604740430.192017,157079.894608512,202106100440
644,28719,1064,10,6945,Cherokee,"",1532.03743700504,15320.3743700504,6313532001.74988,506970.161305604,202106100440
645,28721,757,10,10866,Clyde,"",696.668507270385,6966.68507270385,3262240884.20239,451646.750156333,202106100440
646,28722,522,10,6854,Columbus,"",761.599066238693,7615.99066238693,1330435890.70984,371441.890606651,202106100440
647,28723,963,0,11678,Cullowhee,"",824.627504709711,8246.27504709711,2829089767.59064,521400.904374382,202106100440
648,28726,361,4,3477,East Flat Rock,"",1038.25136612022,10382.5136612022,62782212.3257446,52681.8363735949,202106100440
649,28729,286,1,2978,Etowah,"",960.376091336467,9603.76091336467,115914409.369507,74718.0620947517,202106100440
650,28730,547,9,10068,Fairview,"",543.305522447358,5433.05522447358,1334723772.69336,277836.650121475,202106100440
651,28731,898,15,9271,Flat Rock,"",968.611800237299,9686.11800237299,910498937.374664,308715.430561088,202106100440
652,28732,1409,8,18899,Fletcher,"",745.542092174189,7455.42092174189,1163648233.76184,268599.174805656,202106100440
653,28734,2477,32,28423,Franklin,"",871.477324701826,8714.77324701826,8413329787.90622,680710.034553254,202106100440
654,28736,49,0,740,Glenville,"",662.162162162162,6621.62162162162,845894035.551971,243241.394198335,202106100440
655,28739,1481,24,21994,Hendersonville,"",673.365463308175,6733.65463308175,1809199500.98254,354883.696935043,202106100440
656,28740,164,0,2123,Green Mountain,"",772.491756947716,7724.91756947715,2560353451.70599,391601.88482291,202106100440
657,28741,275,5,3135,Highlands,"",877.19298245614,8771.9298245614,2488322100.83908,291652.561708351,202106100440
658,28742,213,4,2834,Horse Shoe,"",751.587861679605,7515.87861679605,759756422.807678,323788.261855291,202106100440
659,28745,60,0,598,Lake Junaluska,"",1003.34448160535,10033.4448160535,24208240.7459412,20619.3143809221,202106100440
660,28746,178,4,2583,Lake Lure,"",689.121176926055,6891.21176926055,1635267198.94843,301403.103342596,202106100440
661,28747,102,2,2517,Lake Toxaway,"",405.244338498212,4052.44338498212,1644170650.80768,278687.825520297,202106100440
662,28748,817,11,12684,Leicester,"",644.118574582151,6441.18574582151,2568900770.12885,433742.542694055,202106100440
663,28751,270,6,3738,Maggie Valley,"",722.3113964687,7223.113964687,1196971956.93442,252655.252396679,202106100440
664,28752,3560,39,31501,Marion,"",1130.12285324275,11301.2285324275,6843838240.70496,729852.019397462,202106100440
665,28753,794,18,12286,Marshall,"",646.264040371154,6462.64040371154,7221367422.4903,582321.875436496,202106100440
666,28754,690,22,8823,Mars Hill,"",782.046922815369,7820.46922815369,2532637146.55933,336365.654274913,202106100440
667,28756,315,3,4770,Mill Spring,"",660.377358490566,6603.77358490566,2319967191.40479,359387.276461913,202106100440
668,28759,618,7,7867,Mills River,"",785.559933901106,7855.59933901106,710290580.507599,219074.688607406,202106100440
669,28761,991,17,8493,Nebo,"",1166.8432827034,11668.432827034,3254647047.74689,448908.605974669,202106100440
670,28762,674,5,7603,Old Fort,"",886.492174141786,8864.92174141786,2996741187.4848,387268.208256283,202106100440
671,28763,186,2,2864,Otto,"",649.441340782123,6494.41340782123,1145043002.66425,202810.842815888,202106100440
672,28766,143,1,1526,Penrose,"",937.090432503277,9370.90432503277,159626292.482056,88900.5625977206,202106100440
673,28768,513,3,7895,Pisgah Forest,"",649.778340721976,6497.78340721976,2244655883.74216,321689.536597621,202106100440
674,28771,607,12,8212,Robbinsville,"",739.162201656113,7391.62201656113,9086438704.3884,732920.807564289,202106100440
675,28773,271,6,3508,Saluda,"",772.519954389966,7725.19954389966,1396855034.24573,267712.497423626,202106100440
676,28775,30,2,493,Scaly Mountain,"",608.519269776876,6085.19269776876,456631744.06662,130336.94180952,202106100440
677,28777,1520,17,10391,Spruce Pine,"",1462.8043499182,14628.043499182,1968811938.32007,332780.684408785,202106100440
678,28778,723,8,10803,Swannanoa,"",669.25853929464,6692.5853929464,692162823.950317,188030.795128165,202106100440
679,28779,1357,40,17610,Sylva,"",770.584894946053,7705.84894946053,3287520334.70795,472387.421611018,202106100440
680,28782,398,9,6512,Tryon,"",611.179361179361,6111.79361179361,1239852111.02036,390005.579825198,202106100440
681,28783,104,3,1905,Tuckasegee,"",545.931758530184,5459.31758530184,2507065764.50815,412465.098737654,202106100440
682,28785,428,3,8309,Waynesville,"",515.104103983632,5151.04103983632,4680111391.07288,434987.630089387,202106100440
683,28786,1474,31,21837,Waynesville,"",675.001144845904,6750.01144845904,2130537927.5513,319219.020654079,202106100440
684,28787,1490,25,20681,Weaverville,"",720.468062472801,7204.68062472801,2146776657.76654,337936.038355962,202106100440
685,28789,381,4,6551,Whittier,"",581.590596855442,5815.90596855442,1731085189.80936,281392.474737519,202106100440
686,28790,313,3,3775,Zirconia,"",829.139072847682,8291.39072847682,1184634316.47168,272368.233599775,202106100440
687,28791,1270,29,15811,Hendersonville,"",803.238251849978,8032.38251849978,466838231.125,123544.27336528,202106100440
688,28792,3407,70,37949,Hendersonville,"",897.783867822604,8977.83867822604,2892120004.20319,483608.715059927,202106100440
689,28801,912,20,16782,Asheville,"",543.439399356453,5434.39399356453,142991050.123962,66531.4000304091,202106100440
690,28803,2189,53,34731,Asheville,"",630.272667069765,6302.72667069765,1148499781.62708,221583.067984848,202106100440
691,28804,1362,21,23302,Asheville,"",584.499184619346,5844.99184619346,818376430.368896,216401.982596761,202106100440
692,28805,1024,20,20394,Asheville,"",502.108463273512,5021.08463273512,743578799.615234,203043.782551956,202106100440
693,28806,3149,59,43841,Asheville,"",718.277411555393,7182.77411555393,1123591112.45288,297671.815966071,202106100440
694,28901,524,8,6039,Andrews,"",867.69332670972,8676.9332670972,1881090750.42804,271571.032581688,202106100440
695,28902,92,0,1562,Brasstown,"",588.98847631242,5889.8847631242,645585335.657318,162521.113458697,202106100440
696,28904,686,18,9535,Hayesville,"",719.454640797063,7194.54640797063,5317145252.91805,403950.005454209,202106100440
697,28905,266,4,3548,Marble,"",749.718151071026,7497.18151071026,1058320723.96715,269002.244098821,202106100440
698,28906,1697,21,20296,Murphy,"",836.125344895546,8361.25344895546,9849733400.34212,586826.324547444,202106100440
699,28909,48,0,1068,Warne,"",449.438202247191,4494.38202247191,269492752.319427,107722.293423693,202106100440
700,27533,458,3,0,"","",,,18055719.4014893,15817.3715737294,202106100440
701,27340,,,34,Saxapahaw,Population <500 and Cases <5,,,694758.987792969,3852.87240074502,202106100440
702,27411,173,0,847,Greensboro,"",2042.50295159386,20425.0295159386,713742.998291016,5860.23208289576,202106100440
703,27412,29,0,1886,Greensboro,"",153.764581124072,1537.64581124072,4771290.83532715,13054.7888333439,202106100440
704,27498,,,13,Greensboro,Population <500 and Cases <5,,,3369264.12316895,7774.18760349114,202106100440
705,27599,18,0,0,Chapel Hill,"",,,4275416.30163574,15555.1510255833,202106100440
706,27706,,,10,Durham,Population <500 and Cases <5,,,1281872.18347168,6816.757693542,202106100440
707,27711,,,62,Durham,Population <500 and Cases <5,,,11690491.0200195,25227.7794868175,202106100440
708,27810,349,6,4224,Belhaven,"",826.231060606061,8262.31060606061,5320714553.85889,863428.562860575,202106100440
709,27821,17,0,343,Edward,"",495.626822157434,4956.26822157434,180879118.265869,102716.617789089,202106100440
710,27824,100,0,1540,Engelhard,"",649.350649350649,6493.50649350649,5755622445.56714,766498.765242208,202106100440
711,27826,76,2,1245,Fairfield,"",610.441767068273,6104.41767068273,5502010014.61365,681909.128335756,202106100440
712,27841,7,1,84,Hassell,"",833.333333333333,8333.33333333333,5972995.94189453,12505.2057352129,202106100440
713,27872,26,1,429,Roxobel,"",606.060606060606,6060.60606060606,78668396.3901367,60062.9164687203,202106100440
714,27875,54,2,511,Scranton,"",1056.75146771037,10567.5146771037,1462926064.75208,668994.049821798,202106100440
715,27881,,,323,Speed,Population <500 and Cases <5,,,45624486.2655029,35379.3892263349,202106100440
716,27919,80,1,1211,Belvidere,"",660.611065235343,6606.11065235343,1805677755.21484,260299.205087965,202106100440
717,27920,62,0,1415,Buxton,"",438.162544169611,4381.62544169611,251417477.481567,169552.58818934,202106100440
718,27921,343,4,5366,Camden,"",639.209839731644,6392.09839731644,2216306760.15601,371309.805402765,202106100440
719,27923,39,0,990,Coinjock,"",393.939393939394,3939.39393939394,442853112.258789,222994.427279021,202106100440
720,27936,23,1,961,Frisco,"",239.334027055151,2393.34027055151,134638106.065186,108288.074251882,202106100440
721,27939,150,1,3370,Grandy,"",445.103857566766,4451.03857566766,296874050.40332,237784.484514939,202106100440
722,27941,35,0,670,Harbinger,"",522.388059701492,5223.88059701493,66348159.842041,42125.3614314887,202106100440
723,27943,16,0,491,Hatteras,"",325.865580448065,3258.65580448065,82146889.1915283,162150.406610954,202106100440
724,27947,48,1,845,Jarvisburg,"",568.047337278107,5680.47337278106,181991023.044922,117825.87149715,202106100440
725,27953,78,0,992,Manns Harbor,"",786.290322580645,7862.90322580645,4841742826.08521,775886.839802653,202106100440
726,27954,470,2,6405,Manteo,"",733.801717408275,7338.01717408275,346159524.466309,171104.045001834,202106100440
727,27956,14,0,328,Maple,"",426.829268292683,4268.29268292683,91616147.3259277,62675.9008746753,202106100440
728,27960,97,0,899,Ocracoke,"",1078.9766407119,10789.766407119,272996211.932129,221416.979930584,202106100440
729,27964,18,0,653,Point Harbor,"",275.650842266462,2756.50842266462,40700993.1791992,29044.1496807834,202106100440
730,27965,26,0,611,Poplar Branch,"",425.531914893617,4255.31914893617,362463348.010742,286670.577035681,202106100440
731,27972,,,196,Salvo,Population <500 and Cases <5,,,25839959.5158691,77591.8753697891,202106100440
732,27973,87,0,1493,Shawboro,"",582.71935699933,5827.1935699933,1350823542.63281,279776.313560853,202106100440
733,27974,75,0,1375,Shiloh,"",545.454545454545,5454.54545454545,1282875105.52026,448552.234751615,202106100440
734,27978,11,0,221,Stumpy Point,"",497.737556561086,4977.37556561086,3250437066.68713,488663.160212976,202106100440
735,27980,218,5,2075,Tyner,"",1050.60240963855,10506.0240963855,1319096560.03711,208839.628959427,202106100440
736,27981,126,1,1863,Wanchese,"",676.328502415459,6763.28502415459,183167116.380371,177755.254740471,202106100440
737,28077,41,0,557,High Shoals,"",736.086175942549,7360.86175942549,25098303.871521,27989.3633622467,202106100440
738,28101,81,2,465,Mc Adenville,"",1741.93548387097,17419.3548387097,12210373.4969482,19058.3264759027,202106100440
739,28223,23,0,2941,Charlotte,"",78.2046922815369,782.046922815369,16745950.1914673,34959.7943637767,202106100440
740,28308,11,0,737,Pope Army Airfield,"",149.253731343284,1492.53731343284,90374263.7665405,45243.1542141805,202106100440
741,28375,18,0,155,Proctorville,"",1161.29032258065,11612.9032258065,16154829.5779114,21293.1141646593,202106100440
742,28519,50,1,328,Bridgeton,"",1524.39024390244,15243.9024390244,3782179.40026855,11964.2990373982,202106100440
743,28520,14,0,352,Cedar Island,"",397.727272727273,3977.27272727273,633116579.775757,427477.052966737,202106100440
744,28524,34,1,443,Davis,"",767.494356659142,7674.94356659142,547256692.822876,860357.358716607,202106100440
745,28527,115,2,905,Ernul,"",1270.7182320442,12707.182320442,1145978492.04919,209684.397786102,202106100440
746,28528,34,0,640,Gloucester,"",531.25,5312.5,74196560.923584,79933.9347539672,202106100440
747,28533,97,0,0,Cherry Point,"",,,253735788.170532,192645.367219711,202106100440
748,28537,11,0,186,Hobucken,"",591.397849462366,5913.97849462366,891999129.25647,352204.851723086,202106100440
749,28544,460,7,5607,Midway Park,"",820.403067594079,8204.03067594079,155759986.503357,92182.0384683424,202106100440
750,28545,190,0,4010,Mccutcheon Field,"",473.815461346633,4738.15461346633,145247654.855835,101700.276162633,202106100440
751,28552,6,0,131,Lowland,"",458.015267175573,4580.15267175573,211084218.553589,104037.967496467,202106100440
752,28556,57,1,1150,Merritt,"",495.652173913043,4956.52173913043,1139666751.30212,394317.853497314,202106100440
753,28561,32,1,0,New Bern,"",,,195198.709350586,2618.49962886206,202106100440
754,28579,33,0,798,Smyrna,"",413.533834586466,4135.33834586466,633080494.557556,233023.142000653,202106100440
755,28581,17,1,224,Stacy,"",758.928571428571,7589.28571428571,2404669972.88318,703346.462367876,202106100440
756,28583,14,1,0,Stonewall,"",,,596710.740722656,3607.20989795631,202106100440
757,28587,33,1,324,Vandemere,"",1018.51851851852,10185.1851851852,250612018.426636,182903.197478108,202106100440
758,28611,70,0,978,Collettsville,"",715.746421267894,7157.46421267894,2483135872.03735,419111.187381629,202106100440
759,28629,10,0,63,Glendale Springs,"",1587.30158730159,15873.0158730159,18113919.8492432,19773.9407564207,202106100440
760,28646,75,2,463,Linville,"",1619.87041036717,16198.7041036717,440709602.757813,156576.175660301,202106100440
761,28663,43,0,715,Piney Creek,"",601.398601398601,6013.98601398601,577849850.650269,137228.322788793,202106100440
762,28667,51,1,105,Rhodhiss,"",4857.14285714286,48571.4285714286,1309548.80932617,6065.66147149414,202106100440
763,28672,5,0,35,Scottville,"",1428.57142857143,14285.7142857143,62555584.7313232,47932.7256464108,202106100440
764,28698,156,0,1844,Zionville,"",845.986984815618,8459.86984815618,762471326.925049,227334.653867247,202106100440
765,28708,50,1,1340,Balsam Grove,"",373.134328358209,3731.34328358209,795626278.709686,241272.033803255,202106100440
766,28709,137,2,2308,Barnardsville,"",593.587521663778,5935.87521663778,1635213770.4093,231197.383485249,202106100440
767,28717,141,4,1471,Cashiers,"",958.531611148878,9585.31611148878,1160000231.10587,300525.403558473,202106100440
768,28720,6,0,35,Chimney Rock,"",1714.28571428571,17142.8571428571,47877696.5422974,47768.4833790312,202106100440
769,28725,20,0,36,Dillsboro,"",5555.55555555556,55555.5555555556,1395548.49920654,7541.63511359509,202106100440
770,28733,10,0,200,Fontana Dam,"",500,5000,498075903.916718,200917.740964481,202106100440
771,28735,9,0,294,Gerton,"",306.122448979592,3061.22448979592,137680777.623108,92735.3834552802,202106100440
772,28743,137,1,2422,Hot Springs,"",565.648224607762,5656.48224607762,2855463957.34918,351331.648547095,202106100440
773,28749,8,0,0,Little Switzerland,"",,,1713987.45050049,8852.52475284555,202106100440
774,28757,57,0,0,Montreat,"",,,129672.114624023,2617.87913210505,202106100440
775,28772,109,1,1942,Rosman,"",561.277033985582,5612.77033985582,577124059.134399,256613.212684218,202106100440
776,28774,81,1,1569,Sapphire,"",516.252390057361,5162.52390057361,1130246511.80005,224488.61951138,202106100440
777,28781,63,0,957,Topton,"",658.307210031348,6583.07210031348,2402982140.90009,297913.620657844,202106100440
778,27969,,,0,Roduco,Population <500 and Cases <5,,,724387.010986328,3958.82496624679,202106100440
779,28253,,,0,Charlotte,Population <500 and Cases <5,,,133339.295837402,3050.2273713774,202106100440
780,28608,37,0,0,Boone,"",,,274774.708862305,3583.90419251761,202106100440
