OBJECTID,ZIPCode,Cases,Deaths,TotalPop,Place,Note,RatePer10K,RatePer100K,Shape__Area,Shape__Length,DataGatherTS
1,27006,1182,6,14872,Advance,"",794.782140935987,7947.82140935987,1744189234.37061,355282.663136038,202103231040
2,27007,206,0,2136,Ararat,"",964.419475655431,9644.19475655431,592499585.594238,195922.003442792,202103231040
3,27009,254,1,2937,Belews Creek,"",864.828055839292,8648.28055839292,618093097.011353,191244.647442635,202103231040
4,27011,515,7,5411,Boonville,"",951.76492330438,9517.6492330438,1489580093.86462,316910.589814884,202103231040
5,27012,2603,48,28954,Clemmons,"",899.012226289977,8990.12226289977,1176567385.86804,255774.303165276,202103231040
6,27013,568,6,6495,Cleveland,"",874.518860662048,8745.18860662048,2066336247.98627,379169.285246239,202103231040
7,27014,67,1,957,Cooleemee,"",700.104493207941,7001.04493207941,21479098.032959,22299.1178929161,202103231040
8,27016,139,2,1682,Danbury,"",826.397146254459,8263.97146254459,1068209590.0686,211061.413302457,202103231040
9,27017,1015,9,9499,Dobson,"",1068.53352984525,10685.3352984525,2962951682.04883,566348.974052304,202103231040
10,27018,663,5,8221,East Bend,"",806.471232210193,8064.71232210193,2331567909.96985,255811.974556888,202103231040
11,27019,300,1,4234,Germanton,"",708.549834671705,7085.49834671705,977414017.819214,270248.259734795,202103231040
12,27020,633,5,6104,Hamptonville,"",1037.0249017038,10370.249017038,2114111622.36755,316969.486887135,202103231040
13,27021,1614,44,17979,King,"",897.713999666277,8977.13999666277,1469376476.14172,210392.900707099,202103231040
14,27022,82,2,1512,Lawsonville,"",542.328042328042,5423.28042328042,918745327.278442,200803.000966771,202103231040
15,27023,910,3,12775,Lewisville,"",712.328767123288,7123.28767123288,807172159.002075,183078.980128527,202103231040
16,27024,264,3,2683,Lowgap,"",983.973164368245,9839.73164368245,1265827411.39758,278411.484773322,202103231040
17,27025,943,7,11117,Madison,"",848.250427273545,8482.50427273545,2714649364.33142,468723.596670606,202103231040
18,27027,339,9,4017,Mayodan,"",843.913368185213,8439.13368185213,548179131.574585,172371.363079245,202103231040
19,27028,2445,27,28039,Mocksville,"",871.99971468312,8719.9971468312,5475621774.30664,567238.136149725,202103231040
20,27030,3933,85,37641,Mount Airy,"",1044.87128397226,10448.7128397226,4824085732.75671,624989.724929863,202103231040
21,27040,945,7,13150,Pfafftown,"",718.631178707224,7186.31178707224,763349953.536133,205025.773716105,202103231040
22,27041,660,6,8020,Pilot Mountain,"",822.942643391521,8229.42643391521,1629462738.40637,324677.141569035,202103231040
23,27042,64,2,720,Pine Hall,"",888.888888888889,8888.88888888889,290758639.069458,113971.243586081,202103231040
24,27043,481,5,6442,Pinnacle,"",746.662527165477,7466.62527165477,1935795027.06067,395674.180712496,202103231040
25,27045,930,7,9583,Rural Hall,"",970.468538036106,9704.68538036106,666085549.25769,154538.589918543,202103231040
26,27046,144,1,1953,Sandy Ridge,"",737.327188940092,7373.27188940092,1237681699.0647,217125.573744555,202103231040
27,27047,103,0,1279,Siloam,"",805.316653635653,8053.16653635653,576295820.815674,144984.839113672,202103231040
28,27048,639,6,8902,Stoneville,"",717.816221073916,7178.16221073916,2355000804.03674,325454.766660313,202103231040
29,27050,280,3,4084,Tobaccoville,"",685.602350636631,6856.02350636631,703876500.567505,219088.1792708,202103231040
30,27051,638,5,8287,Walkertown,"",769.880535778931,7698.80535778931,524680317.775635,151066.808563308,202103231040
31,27052,851,21,10061,Walnut Cove,"",845.840373720306,8458.40373720306,2710320219.82117,403203.611044297,202103231040
32,27053,177,1,3156,Westfield,"",560.836501901141,5608.36501901141,2152815477.55933,413464.446930882,202103231040
33,27054,267,4,2608,Woodleaf,"",1023.77300613497,10237.7300613497,778193820.583862,201172.963339102,202103231040
34,27055,1590,24,14521,Yadkinville,"",1094.96591143861,10949.6591143861,3115987965.39453,403366.49229781,202103231040
35,27101,1666,32,24321,Winston Salem,"",685.004728423996,6850.04728423996,356085731.400146,162957.922513793,202103231040
36,27103,2786,38,36071,Winston Salem,"",772.3656122647,7723.656122647,527249856.672729,146399.561156354,202103231040
37,27104,2358,31,29383,Winston Salem,"",802.504849743049,8025.04849743049,337669863.683838,130394.134288752,202103231040
38,27105,3652,33,40186,Winston Salem,"",908.774199970139,9087.74199970139,950547784.577881,208375.813794777,202103231040
39,27106,3984,49,51378,Winston Salem,"",775.429172019152,7754.29172019152,787324720.967285,203893.681115083,202103231040
40,27107,4451,40,52432,Winston Salem,"",848.909063167531,8489.09063167531,1859279716.41162,319111.813640457,202103231040
41,27127,3573,24,38510,Winston Salem,"",927.810958192677,9278.10958192677,820319160.873047,213438.375685158,202103231040
42,27157,42,0,5,Winston Salem,"",,,827769.094482422,4216.57245655308,202103231040
43,27203,2652,48,21876,Asheboro,"",1212.28743828854,12122.8743828854,589408161.410522,188062.356665824,202103231040
44,27205,3498,44,34549,Asheboro,"",1012.47503545689,10124.7503545689,6255653514.79199,588011.232518038,202103231040
45,27207,263,2,3806,Bear Creek,"",691.014188124015,6910.14188124015,2300194678.82397,473699.237818467,202103231040
46,27208,142,2,1691,Bennett,"",839.739798935541,8397.39798935541,1029479783.1405,215638.108979383,202103231040
47,27209,693,40,4151,Biscoe,"",1669.47723440135,16694.7723440135,1198089302.20734,259108.004034657,202103231040
48,27212,372,1,1600,Blanch,"",2325,23250,1328181375.12305,277007.39975067,202103231040
49,27214,923,6,11747,Browns Summit,"",785.732527453818,7857.32527453818,1414533235.94788,324969.092830869,202103231040
50,27215,4091,65,44892,Burlington,"",911.298226855564,9112.98226855564,1827823774.30115,298200.358945539,202103231040
51,27217,4781,90,39111,Burlington,"",1222.41824550638,12224.1824550638,3473433663.33496,513818.51476852,202103231040
52,27229,526,17,4014,Candor,"",1310.41355256602,13104.1355256602,2747739848.89313,367384.611313313,202103231040
53,27231,113,0,2048,Cedar Grove,"",551.7578125,5517.578125,987771348.581177,209108.769362036,202103231040
54,27233,265,2,3647,Climax,"",726.62462297779,7266.2462297779,703252829.253662,187154.002103638,202103231040
55,27235,386,7,4575,Colfax,"",843.715846994535,8437.15846994535,380654027.583252,148521.339190303,202103231040
56,27239,779,12,9629,Denton,"",809.014435559248,8090.14435559248,4319759872.9696,429373.198159064,202103231040
57,27242,173,4,2668,Eagle Springs,"",648.425787106447,6484.25787106447,1480408484.01825,321391.030328654,202103231040
58,27243,262,3,4665,Efland,"",561.629153269025,5616.29153269025,1142332751.10315,311755.144165646,202103231040
59,27244,1756,18,16259,Elon,"",1080.01722123132,10800.1722123132,1541989025.453,399696.340130384,202103231040
60,27248,365,5,4835,Franklinville,"",754.912099276112,7549.12099276112,942909114.352783,215710.992817749,202103231040
61,27249,1015,7,13355,Gibsonville,"",760.014975664545,7600.14975664545,1679803774.77087,397477.611919868,202103231040
62,27252,106,2,2264,Goldston,"",468.197879858657,4681.97879858657,1142470673.17163,220926.147155476,202103231040
63,27253,3226,42,31464,Graham,"",1025.29875413171,10252.9875413171,2351372927.78931,521476.969804177,202103231040
64,27258,622,8,7740,Haw River,"",803.617571059432,8036.17571059432,473631125.268677,312686.877842211,202103231040
65,27260,1968,38,25696,High Point,"",765.87795765878,7658.7795765878,348441568.963501,133229.878739789,202103231040
66,27262,1874,52,24764,High Point,"",756.743660151833,7567.43660151833,368730084.700928,171087.864383377,202103231040
67,27263,1952,33,22320,High Point,"",874.551971326165,8745.51971326165,1121512604.52234,249658.228757679,202103231040
68,27265,3931,49,50038,High Point,"",785.602941764259,7856.02941764259,1172957282.41284,307481.490778656,202103231040
69,27268,278,0,1695,High Point,"",1640.11799410029,16401.1799410029,2495618.64758301,8251.66869064816,202103231040
70,27278,1579,18,27181,Hillsborough,"",580.92049593466,5809.2049593466,2885765742.02771,502574.675043234,202103231040
71,27281,247,0,3710,Jackson Springs,"",665.768194070081,6657.68194070081,2095606802.2608,479969.724586594,202103231040
72,27282,1292,22,16597,Jamestown,"",778.453937458577,7784.53937458577,404066994.873657,168803.970950205,202103231040
73,27283,219,2,2982,Julian,"",734.406438631791,7344.06438631791,711286368.914917,161239.518798817,202103231040
74,27284,4663,63,56201,Kernersville,"",829.700539136314,8297.00539136314,2233069317.10205,420748.080109325,202103231040
75,27288,1722,26,23585,Eden,"",730.125079499682,7301.25079499682,1951079100.05676,304615.616752016,202103231040
76,27291,122,0,1538,Leasburg,"",793.237971391417,7932.37971391417,1492904663.44434,314720.365319101,202103231040
77,27292,3447,33,41465,Lexington,"",831.30350898348,8313.0350898348,4270233445.18579,407599.915340798,202103231040
78,27295,3582,47,39191,Lexington,"",913.985353780205,9139.85353780205,3631502180.53174,466742.919509858,202103231040
79,27298,746,9,10440,Liberty,"",714.55938697318,7145.5938697318,2639148530.03284,431527.987760386,202103231040
80,27299,531,4,5254,Linwood,"",1010.65854586981,10106.5854586981,822543412.257813,203597.604040365,202103231040
81,27301,938,16,10019,Mc Leansville,"",936.221179758459,9362.21179758459,900133716.655151,287107.537324028,202103231040
82,27302,2299,12,32302,Mebane,"",711.720636493096,7117.20636493096,3198656461.27478,644303.59427532,202103231040
83,27305,152,1,1585,Milton,"",958.990536277603,9589.90536277603,687167820.539429,263836.485514183,202103231040
84,27306,630,16,5945,Mount Gilead,"",1059.71404541632,10597.1404541632,5305900334.83325,426306.558627535,202103231040
85,27310,585,3,8562,Oak Ridge,"",683.251576734408,6832.51576734408,526240082.103149,140986.043049622,202103231040
86,27311,249,1,3220,Pelham,"",773.291925465839,7732.91925465839,1338371966.32642,293760.993606137,202103231040
87,27312,889,25,22205,Pittsboro,"",400.360279216393,4003.60279216393,5005768374.64233,617961.777569282,202103231040
88,27313,470,19,7288,Pleasant Garden,"",644.895718990121,6448.95718990121,760352714.59021,181619.740165306,202103231040
89,27314,59,1,1138,Prospect Hill,"",518.453427065026,5184.53427065026,773578280.842896,162162.976448062,202103231040
90,27315,117,0,2140,Providence,"",546.728971962617,5467.28971962617,697810511.310425,179457.95829655,202103231040
91,27316,675,14,7156,Ramseur,"",943.264393515931,9432.64393515931,1975410509.03577,278228.393914438,202103231040
92,27317,1679,21,17851,Randleman,"",940.563553862529,9405.63553862529,1700826686.43616,339539.515262609,202103231040
93,27320,2859,23,38894,Reidsville,"",735.074818738109,7350.74818738109,6966725984.64832,658218.836963247,202103231040
94,27325,716,5,7676,Robbins,"",932.777488275143,9327.77488275143,2401051783.47894,409075.895347679,202103231040
95,27326,267,2,3692,Ruffin,"",723.185265438787,7231.85265438787,1884156536.74561,359587.547530237,202103231040
96,27330,3640,48,39529,Sanford,"",920.84292544714,9208.4292544714,6011213414.18433,528161.840140257,202103231040
97,27332,2614,25,33549,Sanford,"",779.158842290381,7791.58842290381,2996782209.29614,417113.164836099,202103231040
98,27341,473,2,5820,Seagrove,"",812.714776632302,8127.14776632302,2678433259.4787,311632.157547413,202103231040
99,27343,120,0,1840,Semora,"",652.173913043478,6521.73913043478,1390260353.39624,348769.311430722,202103231040
100,27344,1781,30,19290,Siler City,"",923.276308968377,9232.76308968377,4591228058.44531,607903.308882544,202103231040
101,27349,443,5,5850,Snow Camp,"",757.264957264957,7572.64957264957,1831279532.651,381750.490582419,202103231040
102,27350,565,6,7508,Sophia,"",752.53063399041,7525.3063399041,1066449848.573,204602.636460839,202103231040
103,27355,210,2,3196,Staley,"",657.071339173967,6570.71339173967,1016358702.6969,245160.332752788,202103231040
104,27356,332,7,3513,Star,"",945.061201252491,9450.61201252491,1815293543.21783,348288.37985576,202103231040
105,27357,809,16,8325,Stokesdale,"",971.771771771772,9717.71771771772,1273124268.28796,223115.118835702,202103231040
106,27358,948,6,15960,Summerfield,"",593.984962406015,5939.84962406015,1557557662.14905,323017.176053331,202103231040
107,27360,4463,57,48331,Thomasville,"",923.423889429145,9234.23889429145,2458732404.91687,372395.85217249,202103231040
108,27370,1400,28,14622,Trinity,"",957.461359595131,9574.61359595131,1663817222.16028,344702.900725307,202103231040
109,27371,839,10,7778,Troy,"",1078.68346618668,10786.8346618668,4076136455.00793,473833.643450898,202103231040
110,27376,762,14,9884,West End,"",770.942938081748,7709.42938081748,1781050002.06519,320932.333330313,202103231040
111,27377,795,5,9597,Whitsett,"",828.383869959362,8283.83869959362,736936774.92627,183024.518653502,202103231040
112,27379,546,18,6057,Yanceyville,"",901.436354631005,9014.36354631005,2663338769.75159,422550.665080929,202103231040
113,27401,1649,18,20221,Greensboro,"",815.488848227091,8154.88848227091,171748092.127686,100334.769337553,202103231040
114,27403,1237,17,21278,Greensboro,"",581.351630792368,5813.51630792368,159396286.028687,87465.2545388649,202103231040
115,27405,4092,42,52510,Greensboro,"",779.28013711674,7792.8013711674,886695637.391357,284328.526421691,202103231040
116,27406,4672,93,60755,Greensboro,"",768.990206567361,7689.90206567361,1894160074.00403,327705.317343953,202103231040
117,27407,3897,52,49837,Greensboro,"",781.949154242832,7819.49154242832,840498790.451172,227731.576408348,202103231040
118,27408,1132,5,17406,Greensboro,"",650.350453866483,6503.50453866483,221403500.549561,80148.1616765212,202103231040
119,27409,1277,13,17953,Greensboro,"",711.301732301008,7113.01732301008,603872824.646484,239783.02449594,202103231040
120,27410,3611,35,56968,Greensboro,"",633.86462575481,6338.6462575481,859363574.914917,272309.563854046,202103231040
121,27455,2169,54,29197,Greensboro,"",742.884542932493,7428.84542932493,816075696.678345,198282.860420201,202103231040
122,27501,1646,16,21338,Angier,"",771.393757615522,7713.93757615522,1683348454.90833,329143.189780915,202103231040
123,27502,2191,7,43747,Apex,"",500.834342926372,5008.34342926372,840126405.51062,242725.298081049,202103231040
124,27503,167,0,7222,Bahama,"",231.237884242592,2312.37884242592,1054708975.44934,246183.053747647,202103231040
125,27504,1717,18,16320,Benson,"",1052.08333333333,10520.8333333333,2584462015.08862,486262.181304732,202103231040
126,27505,544,7,7308,Broadway,"",744.389709906951,7443.89709906951,1509842573.20557,320128.840505679,202103231040
127,27507,150,2,2053,Bullock,"",730.638090599123,7306.38090599123,1354883649.98218,266873.357504053,202103231040
128,27508,286,1,2340,Bunn,"",1222.22222222222,12222.2222222222,312599782.273071,114289.902416244,202103231040
129,27509,1604,37,6935,Butner,"",2312.90555155011,23129.0555155011,507253453.414795,156294.942704551,202103231040
130,27510,787,8,14543,Carrboro,"",541.153819707076,5411.53819707076,88705554.5671387,57867.6032694508,202103231040
131,27511,1890,21,34041,Cary,"",555.212831585441,5552.12831585441,333520579.048462,98702.6527265331,202103231040
132,27513,2146,13,49003,Cary,"",437.93237148746,4379.3237148746,474399121.186279,162336.294574525,202103231040
133,27514,1542,24,32847,Chapel Hill,"",469.449264773039,4694.49264773039,579057212.663452,190879.985276748,202103231040
134,27516,2072,17,44117,Chapel Hill,"",469.660221683251,4696.60221683251,2564236091.9281,438904.079251583,202103231040
135,27517,1136,15,28831,Chapel Hill,"",394.020325344248,3940.20325344248,1520140847.99951,299162.993678501,202103231040
136,27518,1069,4,22765,Cary,"",469.580496376016,4695.80496376016,262665807.612671,130741.025823352,202103231040
137,27519,2384,8,59960,Cary,"",397.598398932622,3975.98398932622,609072010.422363,166930.324843009,202103231040
138,27520,4216,57,43958,Clayton,"",959.097320169253,9590.97320169252,1962402119.35425,374945.851452289,202103231040
139,27521,653,9,7149,Coats,"",913.414463561337,9134.14463561337,721041350.168091,174373.299688566,202103231040
140,27522,1016,4,13652,Creedmoor,"",744.213302080281,7442.13302080281,2172960809.67273,361578.814896966,202103231040
141,27523,638,0,12782,Apex,"",499.139414802065,4991.39414802065,1210964088.06177,294058.887697931,202103231040
142,27524,1338,15,13532,Four Oaks,"",988.76736624298,9887.6736624298,3831785222.9375,530912.577014992,202103231040
143,27525,1358,2,15534,Franklinton,"",874.211407235741,8742.11407235741,2660281050.9928,421324.476104612,202103231040
144,27526,3549,40,54027,Fuquay Varina,"",656.893775334555,6568.93775334555,2787678657.25134,460586.982042285,202103231040
145,27527,2329,8,30234,Clayton,"",770.324799894159,7703.24799894159,1261348608.45837,213730.175971786,202103231040
146,27529,4401,61,53854,Garner,"",817.209492331118,8172.09492331118,1666161335.17407,336033.618547781,202103231040
147,27530,3007,73,40212,Goldsboro,"",747.786730329255,7477.86730329255,2920081393.96802,465673.796837526,202103231040
148,27531,11,0,666,Goldsboro,"",165.165165165165,1651.65165165165,123956304.007813,71472.4653387502,202103231040
149,27534,2578,68,31819,Goldsboro,"",810.207737515321,8102.07737515321,1995982542.31616,394454.137280507,202103231040
150,27536,1754,46,16459,Henderson,"",1065.67835226928,10656.7835226928,359552678.037964,148817.062353839,202103231040
151,27537,2369,36,25321,Henderson,"",935.587062122349,9355.87062122349,5545289733.50195,795404.906342346,202103231040
152,27539,1327,6,26567,Apex,"",499.491850792336,4994.91850792336,805959451.628174,335082.894750929,202103231040
153,27540,2372,5,39075,Holly Springs,"",607.037747920665,6070.37747920665,1299006108.57275,339054.617126205,202103231040
154,27541,282,1,4044,Hurdle Mills,"",697.329376854599,6973.29376854599,1979862536.66309,328579.598479954,202103231040
155,27542,824,13,10043,Kenly,"",820.471970526735,8204.71970526735,2499059670.1123,366253.348192187,202103231040
156,27544,379,3,4291,Kittrell,"",883.243999067816,8832.43999067816,1645813165.28467,322022.503716068,202103231040
157,27545,2851,33,30327,Knightdale,"",940.086391664194,9400.86391664194,885541868.759766,219250.012614228,202103231040
158,27546,1972,71,22436,Lillington,"",878.944553396327,8789.44553396327,3433026188.83105,510775.88711738,202103231040
159,27549,2066,33,25224,Louisburg,"",819.061211544561,8190.61211544561,6636124442.18066,817297.028533166,202103231040
160,27551,108,3,2205,Macon,"",489.795918367347,4897.95918367347,2443966870.98499,402849.299843212,202103231040
161,27553,470,0,2030,Manson,"",2315.27093596059,23152.7093596059,1245206626.07959,217969.561788749,202103231040
162,27556,20,0,298,Middleburg,"",671.140939597315,6711.40939597315,67850312.0914307,63490.7222823736,202103231040
163,27557,700,3,9214,Middlesex,"",759.713479487736,7597.13479487736,2046463550.40088,338861.342265204,202103231040
164,27559,126,0,2874,Moncure,"",438.413361169102,4384.13361169102,1458825370.29968,366837.077035256,202103231040
165,27560,1643,10,33691,Morrisville,"",487.667329553887,4876.67329553887,794384947.373291,268297.11970144,202103231040
166,27562,221,0,2791,New Hill,"",791.83088498746,7918.3088498746,1862081556.93738,349507.762295745,202103231040
167,27563,362,5,5312,Norlina,"",681.475903614458,6814.75903614458,1943381370.69177,412640.540954252,202103231040
168,27565,2371,39,26057,Oxford,"",909.92823425567,9099.2823425567,9219811779.9552,826827.222809144,202103231040
169,27569,909,6,8984,Princeton,"",1011.79875333927,10117.9875333927,2107084820.73511,313917.550563748,202103231040
170,27571,665,0,7385,Rolesville,"",900.473933649289,9004.73933649289,149121249.193359,94251.9264704589,202103231040
171,27572,386,3,7316,Rougemont,"",527.610716238382,5276.10716238382,3003228111.9873,397658.617230022,202103231040
172,27573,1078,51,11561,Roxboro,"",932.44529019981,9324.4529019981,501787874.430542,219611.309648669,202103231040
173,27574,1045,9,15232,Roxboro,"",686.055672268908,6860.55672268908,5527133817.3114,691755.452465683,202103231040
174,27576,1870,22,20197,Selma,"",925.880081200178,9258.80081200178,2407427117.65723,339571.106645256,202103231040
175,27577,2824,40,25214,Smithfield,"",1120.01269136194,11200.1269136194,2877290650.99841,416726.966278933,202103231040
176,27581,271,1,3956,Stem,"",685.035389282103,6850.35389282103,1038615853.81189,246789.101888964,202103231040
177,27583,558,6,7012,Timberlake,"",795.778665145465,7957.78665145465,1327957318.65857,326956.719649922,202103231040
178,27587,5938,45,74087,Wake Forest,"",801.490139970575,8014.90139970575,3132804734.81897,700749.84181148,202103231040
179,27589,645,6,8312,Warrenton,"",775.986525505293,7759.86525505294,4790731000.68542,626837.217934379,202103231040
180,27591,2178,22,23448,Wendell,"",928.863868986694,9288.63868986694,1913446220.02844,380727.392057269,202103231040
181,27592,1242,5,17368,Willow Spring,"",715.108245048365,7151.08245048365,1090932847.86865,312475.180771683,202103231040
182,27596,1534,5,18655,Youngsville,"",822.299651567944,8222.99651567944,1519151285.28821,344366.073155402,202103231040
183,27597,2415,19,25494,Zebulon,"",947.281713344316,9472.81713344316,3191967656.80884,568385.679042481,202103231040
184,27601,824,6,12139,Raleigh,"",678.803855342285,6788.03855342285,49970514.2080078,41226.7428180515,202103231040
185,27603,4261,17,55479,Raleigh,"",768.038356855747,7680.38356855747,1420350588.63403,346107.072534996,202103231040
186,27604,3983,41,47645,Raleigh,"",835.974393955294,8359.74393955294,550434833.049927,194088.121184431,202103231040
187,27605,575,17,5253,Raleigh,"",1094.61260232248,10946.1260232248,26954475.7900391,26465.2700663817,202103231040
188,27606,3035,8,47938,Raleigh,"",633.109433017648,6331.09433017648,750229681.939209,267151.497057326,202103231040
189,27607,1934,9,30296,Raleigh,"",638.368101399525,6383.68101399525,519162282.902344,200611.380547666,202103231040
190,27608,852,1,11603,Raleigh,"",734.292855296044,7342.92855296044,91889809.9622803,55583.7467967219,202103231040
191,27609,2899,23,38631,Raleigh,"",750.433589604204,7504.33589604204,310136046.756592,95880.163026763,202103231040
192,27610,7789,65,74203,Raleigh,"",1049.68801800466,10496.8801800466,1211166911.84558,327751.489063642,202103231040
193,27612,2635,34,39208,Raleigh,"",672.056723117731,6720.56723117731,428868509.332275,164483.082879678,202103231040
194,27613,2611,11,46521,Raleigh,"",561.25190774059,5612.5190774059,675406849.409912,184431.643996557,202103231040
195,27614,2364,20,37689,Raleigh,"",627.23871686699,6272.3871686699,829063194.918701,218912.319813944,202103231040
196,27615,2992,42,46038,Raleigh,"",649.897910421825,6498.97910421825,525952454.993774,134192.839940925,202103231040
197,27616,5027,21,55260,Raleigh,"",909.699601882012,9096.99601882012,646426991.218628,201092.505637391,202103231040
198,27617,1290,3,19511,Raleigh,"",661.165496386654,6611.65496386654,230483847.672241,125016.743498849,202103231040
199,27701,1979,15,26489,Durham,"",747.102570878478,7471.02570878478,147212202.097778,89264.6755119976,202103231040
200,27703,4907,26,61351,Durham,"",799.823963749572,7998.23963749572,1376809528.09961,349864.156739061,202103231040
201,27704,3799,35,39369,Durham,"",964.972440244863,9649.72440244863,1307759376.10449,279407.953507315,202103231040
202,27705,3192,72,48078,Durham,"",663.921128166729,6639.21128166729,1155101566.94189,288440.086812307,202103231040
203,27707,3153,16,47036,Durham,"",670.337613742665,6703.37613742665,551326002.510864,228660.826032165,202103231040
204,27708,151,0,4635,Durham,"",325.782092772384,3257.82092772384,24140532.868042,39624.2440738689,202103231040
205,27709,136,0,4,Durham,"",,,166810196.870483,93465.8554704913,202103231040
206,27710,5,0,0,Durham,"",,,3645590.83996582,9509.21127183631,202103231040
207,27712,1287,28,22055,Durham,"",583.54114713217,5835.4114713217,952678558.948486,239427.124284805,202103231040
208,27713,2992,24,53996,Durham,"",554.115119638492,5541.15119638492,1004016276.63342,186930.768828538,202103231040
209,27801,1737,19,21556,Rocky Mount,"",805.808127667471,8058.08127667471,1947625744.14368,298032.749540484,202103231040
210,27803,1835,23,22337,Rocky Mount,"",821.506916774858,8215.06916774858,1209689022.16736,314786.382274833,202103231040
211,27804,2949,81,29160,Rocky Mount,"",1011.31687242798,10113.1687242798,1207912397.80139,237805.719395058,202103231040
212,27805,209,2,3769,Aulander,"",554.523746351817,5545.23746351818,3260348789.01416,427031.578041759,202103231040
213,27806,156,2,2441,Aurora,"",639.082343301925,6390.82343301925,3806890944.80762,575449.481817415,202103231040
214,27807,818,10,6940,Bailey,"",1178.67435158501,11786.7435158501,1393278091.89233,266050.599193056,202103231040
215,27808,190,3,2481,Bath,"",765.820233776703,7658.20233776703,1375581489.5946,320371.987641635,202103231040
216,27809,472,8,5254,Battleboro,"",898.363151884279,8983.63151884279,2127311815.53979,418206.140952668,202103231040
217,27812,249,1,2951,Bethel,"",843.781768891901,8437.81768891901,1796512894.90283,307599.921723871,202103231040
218,27813,56,0,687,Black Creek,"",815.138282387191,8151.38282387191,17954681.8726807,21851.3845296183,202103231040
219,27814,119,2,1801,Blounts Creek,"",660.744031093837,6607.44031093837,2084052221.88855,349050.345630614,202103231040
220,27816,236,3,2634,Castalia,"",895.975702353835,8959.75702353834,1727056405.90051,269780.663460198,202103231040
221,27817,614,5,7777,Chocowinity,"",789.50752218079,7895.0752218079,3011254799.10022,441922.251479678,202103231040
222,27818,103,1,1269,Como,"",811.662726556344,8116.62726556344,1775223218.97412,291672.91933713,202103231040
223,27820,194,4,3292,Conway,"",589.307411907655,5893.07411907655,1787180209.86865,300570.413456991,202103231040
224,27822,887,12,9119,Elm City,"",972.694374383156,9726.94374383156,2421416079.34338,500329.938801193,202103231040
225,27823,695,8,7812,Enfield,"",889.656938044035,8896.56938044035,5279947738.18738,591795.38238411,202103231040
226,27827,21,0,99,Falkland,"",2121.21212121212,21212.1212121212,6818760.54968262,12365.1347191574,202103231040
227,27828,794,8,9031,Farmville,"",879.193887720075,8791.93887720075,1954373169.79175,304535.643741104,202103231040
228,27829,179,1,1872,Fountain,"",956.196581196581,9561.96581196581,1242859232.87109,276952.810668188,202103231040
229,27830,309,6,4858,Fremont,"",636.064223960478,6360.64223960478,1661392631.86707,301522.072838785,202103231040
230,27831,305,5,3588,Garysburg,"",850.055741360089,8500.55741360089,1733783751.73071,369102.732751728,202103231040
231,27832,316,7,2912,Gaston,"",1085.16483516484,10851.6483516484,1029571544.94922,217897.088475999,202103231040
232,27834,5706,29,57505,Greenville,"",992.261542474567,9922.61542474567,5082356628.8689,890421.476518531,202103231040
233,27837,593,3,6506,Grimesland,"",911.466338764218,9114.66338764218,1710764546.60681,462288.004070908,202103231040
234,27839,245,4,3702,Halifax,"",661.804430037818,6618.04430037817,3728459644.54443,454921.143892168,202103231040
235,27840,55,3,535,Hamilton,"",1028.03738317757,10280.3738317757,127567387.286499,59155.8177418193,202103231040
236,27842,69,0,1436,Henrico,"",480.50139275766,4805.0139275766,414285932.678223,116849.514846702,202103231040
237,27843,107,1,946,Hobgood,"",1131.07822410148,11310.7822410148,1458584246.23853,232329.162988765,202103231040
238,27844,252,5,3039,Hollister,"",829.220138203356,8292.20138203356,1251113401.94934,274076.283965929,202103231040
239,27845,201,2,2841,Jackson,"",707.497360084477,7074.97360084477,2842001076.66528,416912.567186113,202103231040
240,27846,281,3,3069,Jamesville,"",915.607689801238,9156.07689801238,3050744149.28796,442133.927899832,202103231040
241,27847,54,0,1071,Kelford,"",504.201680672269,5042.01680672269,1048559305.60547,265580.578438826,202103231040
242,27849,98,2,1483,Lewiston Woodville,"",660.822656776804,6608.22656776804,2062202839.65674,367759.436044123,202103231040
243,27850,425,6,7413,Littleton,"",573.317145555106,5733.17145555106,5554617534.52942,570792.398502674,202103231040
244,27851,487,5,5595,Lucama,"",870.420017873101,8704.20017873101,1253082833.57764,200836.347936783,202103231040
245,27852,228,3,3454,Macclesfield,"",660.104226983208,6601.04226983208,1418996205.83582,268041.951522527,202103231040
246,27853,30,1,436,Margarettsville,"",688.073394495413,6880.73394495413,1061331085.73535,233986.055045062,202103231040
247,27855,433,6,6105,Murfreesboro,"",709.254709254709,7092.54709254709,1379257056.24951,246550.621363096,202103231040
248,27856,2211,30,17301,Nashville,"",1277.96081151379,12779.6081151379,3696764195.94336,508647.139191863,202103231040
249,27857,120,4,1601,Oak City,"",749.531542785759,7495.31542785759,2180191629.70935,354763.313675516,202103231040
250,27858,5619,18,58170,Greenville,"",965.961835997937,9659.61835997937,1683129152.90881,395293.630437,202103231040
251,27860,168,2,2062,Pantego,"",814.742967992241,8147.4296799224,4384086912.80859,475177.331131482,202103231040
252,27862,44,0,945,Pendleton,"",465.608465608466,4656.08465608466,1337735767.81812,305131.144563485,202103231040
253,27863,946,18,12670,Pikeville,"",746.645619573796,7466.45619573796,1822358483.62146,414140.550515842,202103231040
254,27864,496,6,4823,Pinetops,"",1028.40555670744,10284.0555670744,1058515929.69434,223861.53375515,202103231040
255,27865,206,5,2003,Pinetown,"",1028.45731402896,10284.5731402896,3183419700.15735,407140.115990912,202103231040
256,27866,70,1,672,Pleasant Hill,"",1041.66666666667,10416.6666666667,548856343.547363,183824.668332886,202103231040
257,27869,267,14,2167,Rich Square,"",1232.11813567144,12321.1813567144,2314340977.34839,283794.508144883,202103231040
258,27870,2779,58,26633,Roanoke Rapids,"",1043.44234596178,10434.4234596178,1958976214.39966,237465.130853914,202103231040
259,27871,360,5,4466,Robersonville,"",806.090461262875,8060.90461262875,2640265625.23401,370404.169208956,202103231040
260,27874,349,9,4766,Scotland Neck,"",732.270247587075,7322.70247587075,3988089594.78687,425091.541566969,202103231040
261,27876,108,2,1290,Seaboard,"",837.209302325581,8372.09302325581,1161065802.28784,286123.221519332,202103231040
262,27880,375,0,3280,Sims,"",1143.29268292683,11432.9268292683,661768421.449585,178936.521495753,202103231040
263,27882,827,9,7927,Spring Hope,"",1043.26983726504,10432.6983726504,2721376125.90833,404465.358087667,202103231040
264,27883,322,3,4361,Stantonsburg,"",738.362760834671,7383.62760834671,2149873597.18677,378850.12800901,202103231040
265,27884,165,1,1545,Stokes,"",1067.96116504854,10679.6116504854,1118165618.53992,178810.199825372,202103231040
266,27885,300,4,859,Swanquarter,"",3492.43306169965,34924.3306169965,3236637890.30994,778832.459471456,202103231040
267,27886,2045,70,21595,Tarboro,"",946.978467237787,9469.78467237787,5534275751.92761,530150.851444626,202103231040
268,27888,241,0,2803,Walstonburg,"",859.793078844096,8597.93078844096,1661899290.0293,260588.447365408,202103231040
269,27889,2824,63,27543,Washington,"",1025.30588534292,10253.0588534292,4746901259.41052,624948.845007958,202103231040
270,27890,240,14,2398,Weldon,"",1000.83402835696,10008.3402835696,250295126.203369,88214.5142201125,202103231040
271,27891,451,7,5011,Whitakers,"",900.019956096588,9000.19956096588,3802342458.24487,551887.618669609,202103231040
272,27892,1361,22,14363,Williamston,"",947.573626679663,9475.73626679663,4740161664.64209,528153.604658045,202103231040
273,27893,4413,95,40647,Wilson,"",1085.68898073659,10856.8898073659,3134674028.43115,441390.734015219,202103231040
274,27896,2194,32,21212,Wilson,"",1034.32019611541,10343.2019611541,1013992738.34033,260787.736893695,202103231040
275,27897,120,1,2467,Woodland,"",486.420753952169,4864.20753952169,1262848506.99878,250563.523857377,202103231040
276,27909,3055,78,40958,Elizabeth City,"",745.886029591289,7458.86029591289,6356628470.42627,720925.199090358,202103231040
277,27910,1181,49,11609,Ahoskie,"",1017.31415281247,10173.1415281247,3854004911.8667,558805.248838311,202103231040
278,27915,27,0,758,Avon,"",356.200527704486,3562.00527704486,132797325.68457,159985.858445685,202103231040
279,27916,46,0,554,Aydlett,"",830.324909747292,8303.24909747292,175446906.710938,88834.9392660151,202103231040
280,27917,110,6,1084,Barco,"",1014.76014760148,10147.6014760148,583346697.773926,150643.300800981,202103231040
281,27922,74,4,1107,Cofield,"",668.473351400181,6684.73351400181,1372106941.59424,230585.938382193,202103231040
282,27924,263,3,3509,Colerain,"",749.501282416643,7495.01282416643,2545571117.46045,325068.518729581,202103231040
283,27925,305,6,4164,Columbia,"",732.468780019212,7324.68780019212,9421043776.67224,822613.133571787,202103231040
284,27926,88,1,1965,Corapeake,"",447.837150127226,4478.37150127226,1084179276.0813,176947.978129327,202103231040
285,27927,24,0,613,Corolla,"",391.517128874388,3915.17128874388,685869287.21875,1266393.74615984,202103231040
286,27928,133,4,1888,Creswell,"",704.449152542373,7044.49152542373,3736346955.86023,344143.792077436,202103231040
287,27929,110,1,1949,Currituck,"",564.391995895331,5643.91995895331,352573124.774658,146317.944454099,202103231040
288,27932,1214,21,12644,Edenton,"",960.139196456817,9601.39196456817,3509551689.6084,391797.495792958,202103231040
289,27935,100,3,1674,Eure,"",597.371565113501,5973.71565113501,1443577833.21069,213483.780281898,202103231040
290,27937,229,1,4253,Gates,"",538.443451681166,5384.43451681166,2407949124.70361,290137.740864669,202103231040
291,27938,120,7,1430,Gatesville,"",839.160839160839,8391.60839160839,1202645918.03784,229961.178585235,202103231040
292,27942,52,1,936,Harrellsville,"",555.555555555556,5555.55555555556,927451831.666504,150762.800286803,202103231040
293,27944,821,7,12230,Hertford,"",671.300081766149,6713.00081766149,5013940953.42065,828274.577378666,202103231040
294,27946,74,0,1089,Hobbsville,"",679.522497704316,6795.22497704316,1234977495.96777,250163.996071758,202103231040
295,27948,666,0,12518,Kill Devil Hills,"",532.033871225435,5320.33871225435,288939959.776123,266090.270790261,202103231040
296,27949,349,2,7235,Kitty Hawk,"",482.377332411887,4823.77332411887,426732703.740967,296487.581606319,202103231040
297,27950,57,0,2183,Knotts Island,"",261.108566193312,2611.08566193312,1009906812.90234,393684.159837613,202103231040
298,27957,100,4,1419,Merry Hill,"",704.721634954193,7047.21634954193,1345289022.66797,219570.3989813,202103231040
299,27958,664,6,12061,Moyock,"",550.534781527237,5505.34781527237,2191273226.67993,258895.732965411,202103231040
300,27959,180,1,2451,Nags Head,"",734.394124847001,7343.94124847001,464337538.219238,468359.824712585,202103231040
301,27962,615,20,7439,Plymouth,"",826.724022045974,8267.24022045974,2248894843.11377,323982.422404071,202103231040
302,27966,47,0,1473,Powells Point,"",319.07671418873,3190.7671418873,310362212.773438,140593.315765635,202103231040
303,27968,14,0,413,Rodanthe,"",338.983050847458,3389.83050847458,255307311.38855,376970.397727617,202103231040
304,27970,257,7,3214,Roper,"",799.626633478531,7996.26633478531,3979984913.95898,386215.845703473,202103231040
305,27976,230,1,3561,South Mills,"",645.88598708228,6458.8598708228,2739484648.62012,348819.066033239,202103231040
306,27979,87,0,1813,Sunbury,"",479.867622724766,4798.67622724766,2196378526.26221,272849.595585558,202103231040
307,27982,4,0,0,Waves,Population <500 and Cases <5,,,5381164.09509277,11228.317119066,202103231040
308,27983,924,27,10633,Windsor,"",868.99275839368,8689.9275839368,9431469996.22351,861662.756904591,202103231040
309,27986,164,3,2650,Winton,"",618.867924528302,6188.67924528302,374234308.870117,153016.850399202,202103231040
310,28001,3078,79,28360,Albemarle,"",1085.33145275035,10853.3145275035,3791255242.38873,479491.354130006,202103231040
311,28006,117,1,1136,Alexis,"",1029.92957746479,10299.2957746479,126883649.701416,88485.0702727942,202103231040
312,28012,2564,21,24276,Belmont,"",1056.18718075465,10561.8718075465,865729022.118042,170607.841876971,202103231040
313,28016,1446,24,14526,Bessemer City,"",995.456422965717,9954.56422965717,1271825919.55414,236943.686135101,202103231040
314,28018,536,19,5943,Bostic,"",901.901396601043,9019.01396601043,2694770404.83051,433562.153950885,202103231040
315,28020,230,1,2464,Casar,"",933.441558441558,9334.41558441558,1475633951.64899,260515.821792163,202103231040
316,28021,1362,34,13436,Cherryville,"",1013.69455194999,10136.9455194999,1626380587.60425,391038.422631114,202103231040
317,28023,1565,17,14843,China Grove,"",1054.36906285791,10543.6906285791,1273875684.14087,277795.952246167,202103231040
318,28025,5209,72,55325,Concord,"",941.527338454586,9415.27338454586,2992149162.05573,466210.81613651,202103231040
319,28027,6500,71,74072,Concord,"",877.524570687979,8775.24570687979,1903468707.60345,332965.289746403,202103231040
320,28031,2617,24,31049,Cornelius,"",842.861283777255,8428.61283777255,672168572.25116,151594.592125485,202103231040
321,28032,351,1,3249,Cramerton,"",1080.3324099723,10803.324099723,59161626.1264038,51515.5503878613,202103231040
322,28033,373,4,3362,Crouse,"",1109.45865556217,11094.5865556217,509703222.739563,189532.085619349,202103231040
323,28034,2258,30,17859,Dallas,"",1264.34850775519,12643.4850775519,1273410668.68243,215322.291269956,202103231040
324,28036,1503,15,18554,Davidson,"",810.067909884661,8100.67909884661,669928559.48645,197029.793668161,202103231040
325,28037,2445,7,23834,Denver,"",1025.84543089704,10258.4543089704,1521729514.62848,312689.389421741,202103231040
326,28039,49,4,428,East Spencer,"",1144.85981308411,11448.5981308411,13759835.5942383,34526.6128305972,202103231040
327,28040,693,10,8270,Ellenboro,"",837.968561064087,8379.68561064087,1773879551.02985,348064.117544275,202103231040
328,28043,2324,72,21472,Forest City,"",1082.33979135618,10823.3979135618,1816346053.52002,348394.442075552,202103231040
329,28052,3869,80,36823,Gastonia,"",1050.70200689786,10507.0200689786,1165429048.27631,189783.469072903,202103231040
330,28054,4260,76,40184,Gastonia,"",1060.12343221183,10601.2343221183,562652947.772949,139549.083675328,202103231040
331,28056,3792,41,35595,Gastonia,"",1065.3181626633,10653.181626633,1342394953.02258,344787.60681341,202103231040
332,28071,306,4,3198,Gold Hill,"",956.848030018762,9568.48030018762,1345839018.92865,236923.074375116,202103231040
333,28073,513,10,5606,Grover,"",915.090973956475,9150.90973956475,702973243.533203,143952.911566798,202103231040
334,28075,1654,14,19174,Harrisburg,"",862.626473349327,8626.26473349327,656107496.741638,238150.023406484,202103231040
335,28078,5350,47,66079,Huntersville,"",809.636949711709,8096.36949711709,1870251820.14679,316647.648839996,202103231040
336,28079,3562,29,39813,Indian Trail,"",894.682641348303,8946.82641348303,1221176124.08392,283660.370334182,202103231040
337,28080,771,4,8157,Iron Station,"",945.200441338727,9452.00441338727,1095921164.38501,240845.709042299,202103231040
338,28081,2662,37,28249,Kannapolis,"",942.334241920068,9423.34241920068,862858421.935425,200259.108957382,202103231040
339,28083,2484,37,25877,Kannapolis,"",959.925802836496,9599.25802836496,582493569.448059,145983.725103448,202103231040
340,28086,3096,62,26988,Kings Mountain,"",1147.17652289907,11471.7652289907,2467878462.36133,329807.139806484,202103231040
341,28088,383,1,3059,Landis,"",1252.04315135665,12520.4315135665,72787169.9580688,52885.3256566675,202103231040
342,28090,678,12,8506,Lawndale,"",797.084411003997,7970.84411003997,2661358061.4715,458218.963524002,202103231040
343,28091,176,1,2353,Lilesville,"",747.981300467488,7479.81300467488,2694411423.45477,313074.926269122,202103231040
344,28092,4281,48,40052,Lincolnton,"",1068.86048137421,10688.6048137421,3216596915.74634,535483.341451103,202103231040
345,28097,708,3,6124,Locust,"",1156.10711952972,11561.0711952972,836579136.406799,181830.474266294,202103231040
346,28098,374,2,4010,Lowell,"",932.668329177057,9326.68329177057,99103128.4535522,49283.194148661,202103231040
347,28103,1113,24,11346,Marshville,"",980.962453728186,9809.62453728186,4253866560.83563,449440.107851782,202103231040
348,28104,2533,10,32469,Matthews,"",780.128738181034,7801.28738181034,824578845.587585,325979.692599077,202103231040
349,28105,3452,70,45346,Matthews,"",761.257883826578,7612.57883826578,668165195.784729,278013.840820393,202103231040
350,28107,851,8,8210,Midland,"",1036.54080389769,10365.4080389769,1388640520.38739,250943.513182056,202103231040
351,28110,5704,63,55536,Monroe,"",1027.08153269951,10270.8153269951,3676478383.48267,422255.233862207,202103231040
352,28112,2971,43,28060,Monroe,"",1058.80256593015,10588.0256593015,3713382117.46545,318461.97727687,202103231040
353,28114,729,5,9034,Mooresboro,"",806.951516493248,8069.51516493248,1900066101.23077,346437.871140422,202103231040
354,28115,3527,27,41536,Mooresville,"",849.142912172573,8491.42912172573,2057262512.61176,327151.756863337,202103231040
355,28117,4134,20,47608,Mooresville,"",868.34145521761,8683.41455217611,1555969690.69189,234425.757349855,202103231040
356,28119,279,8,3034,Morven,"",919.578114700066,9195.78114700066,1970357677.74512,298425.648226889,202103231040
357,28120,2403,35,24318,Mount Holly,"",988.156920799408,9881.56920799408,1001654680.08618,272689.093586748,202103231040
358,28124,605,8,7015,Mount Pleasant,"",862.437633642195,8624.37633642195,1620148303.23315,301866.136666845,202103231040
359,28125,266,1,2657,Mount Ulla,"",1001.12909296199,10011.2909296199,1169162879.13867,198953.955252748,202103231040
360,28127,1067,8,7631,New London,"",1398.2440047176,13982.440047176,2159940152.89789,468250.659328753,202103231040
361,28128,754,9,8098,Norwood,"",931.094097307977,9310.94097307977,2054286113.35083,282114.674844027,202103231040
362,28129,569,6,6031,Oakboro,"",943.458796219532,9434.58796219532,1226619926.53345,219035.034364981,202103231040
363,28133,261,4,2713,Peachland,"",962.034647991154,9620.34647991154,2384968915.9574,421295.337069002,202103231040
364,28134,1188,20,11817,Pineville,"",1005.33130236101,10053.3130236101,248618254.324951,88085.4538299007,202103231040
365,28135,510,6,5968,Polkton,"",854.55764075067,8545.5764075067,2916374106.84241,475980.429437206,202103231040
366,28137,317,4,3843,Richfield,"",824.87639864689,8248.7639864689,1223676252.05975,291589.496037827,202103231040
367,28138,1058,19,11659,Rockwell,"",907.453469422764,9074.53469422764,1278406256.12445,357387.534646104,202103231040
368,28139,1986,75,20134,Rutherfordton,"",986.39117910003,9863.9117910003,5078697342.95056,674832.691106946,202103231040
369,28144,2614,65,25846,Salisbury,"",1011.37506770874,10113.7506770874,867982991.287292,279505.654446658,202103231040
370,28146,2970,48,30382,Salisbury,"",977.552498189718,9775.52498189718,3012969418.7887,452196.720325258,202103231040
371,28147,3270,81,26204,Salisbury,"",1247.901083804,12479.01083804,2146390330.37,312495.471896358,202103231040
372,28150,3107,87,29296,Shelby,"",1060.55434188968,10605.5434188968,3159764942.52783,579453.815714684,202103231040
373,28152,2616,42,26078,Shelby,"",1003.1444129151,10031.444129151,2247420971.2251,304211.560780765,202103231040
374,28159,395,16,3126,Spencer,"",1263.59564939219,12635.9564939219,51886096.1330566,42602.5220628392,202103231040
375,28160,512,12,4015,Spindale,"",1275.21793275218,12752.1793275218,170326604.450989,70799.3749654705,202103231040
376,28163,512,3,5814,Stanfield,"",880.632954936361,8806.32954936361,970276414.142883,191731.821086023,202103231040
377,28164,1516,40,15447,Stanley,"",981.420340519195,9814.20340519195,1144736813.58362,324856.854746788,202103231040
378,28166,933,18,9868,Troutman,"",945.480340494528,9454.80340494528,911716953.816406,217041.310552798,202103231040
379,28167,206,3,2418,Union Mills,"",851.943755169562,8519.43755169562,1934997992.23633,347927.953502144,202103231040
380,28168,1125,13,10437,Vale,"",1077.89594711124,10778.9594711124,2469130589.68384,340004.345415379,202103231040
381,28170,1125,33,12494,Wadesboro,"",900.432207459581,9004.32207459581,5053183842.2157,655726.472285971,202103231040
382,28173,4876,30,63837,Waxhaw,"",763.820354966556,7638.20354966556,3045162637.21796,318858.064536165,202103231040
383,28174,1113,5,9287,Wingate,"",1198.4494454614,11984.494454614,985461754.807983,246986.820118662,202103231040
384,28202,1835,1,16755,Charlotte,"",1095.19546404059,10951.9546404058,50452583.9099121,34485.9053855683,202103231040
385,28203,2121,5,19070,Charlotte,"",1112.21814368117,11122.1814368117,91001089.479126,54761.2733662689,202103231040
386,28204,992,6,8738,Charlotte,"",1135.27122911421,11352.7122911421,48899100.5548096,40761.7265321132,202103231040
387,28205,4538,59,51821,Charlotte,"",875.7067598078,8757.067598078,335820474.82135,104910.810677792,202103231040
388,28206,1501,8,15244,Charlotte,"",984.649698241931,9846.49698241931,182577260.697876,71458.050216539,202103231040
389,28207,794,5,9761,Charlotte,"",813.441245773999,8134.41245773999,68333859.7921753,36157.3958026361,202103231040
390,28208,4074,41,39944,Charlotte,"",1019.92789905868,10199.2789905868,595973347.5495,157267.598078636,202103231040
391,28209,2108,11,26012,Charlotte,"",810.395202214363,8103.95202214363,157335764.525879,72359.4847682198,202103231040
392,28210,4011,35,44704,Charlotte,"",897.235146743021,8972.35146743021,342547124.476257,112745.958411282,202103231040
393,28211,2421,66,31253,Charlotte,"",774.645634019134,7746.45634019134,292827786.05603,102838.759144167,202103231040
394,28212,4385,33,42744,Charlotte,"",1025.8749766049,10258.749766049,237710291.866211,96077.3791004252,202103231040
395,28213,4755,44,45338,Charlotte,"",1048.7890952402,10487.890952402,412614569.613403,162252.089416931,202103231040
396,28214,4558,30,41208,Charlotte,"",1106.09590370802,11060.9590370802,965554836.030151,224926.880987091,202103231040
397,28215,6399,56,60256,Charlotte,"",1061.96893255443,10619.6893255443,782010510.903748,222976.412140327,202103231040
398,28216,5576,54,58744,Charlotte,"",949.203322892551,9492.03322892551,857978895.941772,184761.316525275,202103231040
399,28217,3143,18,30875,Charlotte,"",1017.97570850202,10179.7570850202,428067925.271423,132462.900799897,202103231040
400,28226,2974,33,40227,Charlotte,"",739.304447261789,7393.04447261789,430471271.22644,131097.087702525,202103231040
401,28227,5542,46,57319,Charlotte,"",966.86962438284,9668.6962438284,1173416755.00244,297066.255269002,202103231040
402,28262,3914,40,43683,Charlotte,"",896.00073255042,8960.0073255042,593648477.600464,159979.41236041,202103231040
403,28269,6844,48,81464,Charlotte,"",840.125699695571,8401.25699695571,840640266.840637,192155.045229048,202103231040
404,28270,2166,26,34753,Charlotte,"",623.255546283774,6232.55546283774,345778417.622314,161555.486865571,202103231040
405,28273,4189,36,40544,Charlotte,"",1033.19850039463,10331.9850039463,614626385.142517,192801.276498243,202103231040
406,28277,4853,21,72020,Charlotte,"",673.84059983338,6738.4059983338,675381884.726379,144850.675101077,202103231040
407,28278,2809,11,32539,Charlotte,"",863.271766188266,8632.71766188266,902762098.137573,246465.469761239,202103231040
408,28301,1511,59,17717,Fayetteville,"",852.853191849636,8528.53191849636,348717238.9104,130217.445212828,202103231040
409,28303,2158,29,34600,Fayetteville,"",623.699421965318,6236.99421965318,540160738.043701,179304.154504403,202103231040
410,28304,2584,28,39651,Fayetteville,"",651.685960001009,6516.85960001009,491742944.185852,186465.416198877,202103231040
411,28305,405,4,5010,Fayetteville,"",808.383233532934,8083.83233532934,69895111.336731,49443.8950343603,202103231040
412,28306,3238,29,42565,Fayetteville,"",760.71890050511,7607.1890050511,2090603260.31519,562860.488861907,202103231040
413,28307,894,0,15486,Fort Bragg,"",577.295621851995,5772.95621851995,174879596.356018,92732.9092032322,202103231040
414,28310,983,0,8861,Fort Bragg,"",1109.35560320506,11093.5560320506,506286340.902344,200733.090413706,202103231040
415,28311,2507,21,36046,Fayetteville,"",695.500194196305,6955.00194196305,1336136656.04889,240844.864072535,202103231040
416,28312,1519,32,18419,Fayetteville,"",824.691894239644,8246.91894239644,4341373681.0871,556260.336471475,202103231040
417,28314,4041,31,53642,Fayetteville,"",753.327616419969,7533.27616419969,816473670.87677,185615.29020179,202103231040
418,28315,1134,18,13329,Aberdeen,"",850.776502363268,8507.76502363268,2049308469.85626,494397.056686911,202103231040
419,28318,423,4,4579,Autryville,"",923.78248525879,9237.8248525879,2217851356.83313,372935.466158955,202103231040
420,28320,739,8,9381,Bladenboro,"",787.762498667519,7877.62498667519,3248490168.58801,381864.201698899,202103231040
421,28323,326,1,4578,Bunnlevel,"",712.101354303189,7121.01354303189,1112191308.33496,301931.807656215,202103231040
422,28326,1504,6,22382,Cameron,"",671.968546153159,6719.68546153159,3242119864.63824,488036.1730633,202103231040
423,28327,1502,28,18273,Carthage,"",821.977781426148,8219.77781426148,5396542091.08795,586939.342565835,202103231040
424,28328,3244,49,26951,Clinton,"",1203.66591221105,12036.6591221105,6810728499.67102,657248.933701038,202103231040
425,28333,1076,24,10709,Dudley,"",1004.76234942572,10047.6234942572,1249687746.85376,213915.020571421,202103231040
426,28334,2890,50,26215,Dunn,"",1102.42227732214,11024.2227732214,4497238669.98419,544402.158241248,202103231040
427,28337,1035,20,11927,Elizabethtown,"",867.77898884883,8677.7898884883,5069041872.41577,577770.225904475,202103231040
428,28338,373,5,4804,Ellerbe,"",776.436303080766,7764.36303080766,3935542448.08881,492508.044174153,202103231040
429,28339,686,8,7226,Erwin,"",949.349570993634,9493.49570993634,1064553458.41333,310656.999787592,202103231040
430,28340,1178,26,10738,Fairmont,"",1097.03855466567,10970.3855466567,3757196814.59872,450516.228420329,202103231040
431,28341,463,4,5080,Faison,"",911.417322834646,9114.17322834646,2787115249.34564,421094.619116887,202103231040
432,28343,154,5,1567,Gibson,"",982.769623484365,9827.69623484365,458723474.164063,106909.663733147,202103231040
433,28344,363,6,3814,Godwin,"",951.756685894074,9517.56685894075,1128755315.22852,269142.265002464,202103231040
434,28345,1236,25,12656,Hamlet,"",976.61188369153,9766.1188369153,2126402412.95966,332606.523883072,202103231040
435,28347,205,0,1826,Hoffman,"",1122.67250821468,11226.7250821468,747268691.675964,194334.44204749,202103231040
436,28348,2966,28,36052,Hope Mills,"",822.700543659159,8227.00543659159,1166315651.14276,329846.853315969,202103231040
437,28349,399,14,3955,Kenansville,"",1008.84955752212,10088.4955752212,1959246504.78113,326624.538750416,202103231040
438,28350,28,0,70,Lakeview,"",4000,40000,7876659.25891113,11657.1581787366,202103231040
439,28351,421,1,5269,Laurel Hill,"",799.013095464035,7990.13095464035,1788599136.13666,386362.394376361,202103231040
440,28352,2585,66,25298,Laurinburg,"",1021.81990671199,10218.1990671199,3264782876.16284,438869.872406896,202103231040
441,28356,394,6,4914,Linden,"",801.790801790802,8017.90801790802,1497885580.84283,286294.988335977,202103231040
442,28357,234,3,3224,Lumber Bridge,"",725.806451612903,7258.06451612903,998095899.747498,200973.924425577,202103231040
443,28358,4443,80,38517,Lumberton,"",1153.51662902095,11535.1662902095,5499536726.32037,504386.804277589,202103231040
444,28360,1801,22,14944,Lumberton,"",1205.16595289079,12051.6595289079,1985862696.58282,363920.117329658,202103231040
445,28363,114,1,1079,Marston,"",1056.53382761817,10565.3382761817,1736455559.11224,383927.716730152,202103231040
446,28364,1545,14,15170,Maxton,"",1018.45748187212,10184.5748187212,3845135736.01221,464303.223304611,202103231040
447,28365,1597,44,17063,Mount Olive,"",935.943269061713,9359.43269061713,5449867058.99634,617077.136427741,202103231040
448,28366,580,10,5153,Newton Grove,"",1125.55792742092,11255.5792742092,2293381130.24042,414618.719505341,202103231040
449,28369,225,5,2241,Orrum,"",1004.01606425703,10040.1606425703,1800121585.61136,401393.305842191,202103231040
450,28371,571,5,7085,Parkton,"",805.928016937191,8059.28016937191,1005950088.08063,229991.086519014,202103231040
451,28372,1853,16,15254,Pembroke,"",1214.76334076308,12147.6334076308,1147770145.91595,255857.280522167,202103231040
452,28373,195,1,2552,Pinebluff,"",764.1065830721,7641.065830721,460329066.992676,140223.621385681,202103231040
453,28374,1267,45,18171,Pinehurst,"",697.264872599197,6972.64872599197,609888351.153748,186776.563275303,202103231040
454,28376,3565,46,43831,Raeford,"",813.351281056786,8133.51281056786,8255601209.37079,618028.253174215,202103231040
455,28377,1442,26,13036,Red Springs,"",1106.167536054,11061.67536054,2872865768.25568,446034.002241504,202103231040
456,28379,2362,62,25804,Rockingham,"",915.361959386142,9153.61959386142,4156662320.34821,486165.084209016,202103231040
457,28382,612,10,8006,Roseboro,"",764.426679990008,7644.26679990008,3525739741.42773,652666.741452106,202103231040
458,28383,853,8,7713,Rowland,"",1105.92506158434,11059.2506158434,2904453853.97415,460017.981876533,202103231040
459,28384,1403,14,12414,Saint Pauls,"",1130.17560818431,11301.7560818431,2850567240.80182,480450.415018018,202103231040
460,28385,323,2,3005,Salemburg,"",1074.87520798669,10748.7520798669,1040463355.97156,321938.125650219,202103231040
461,28386,799,9,6068,Shannon,"",1316.74357284113,13167.4357284113,1134602512.8537,354913.796549299,202103231040
462,28387,1312,51,17139,Southern Pines,"",765.505572087053,7655.05572087053,810260751.658813,181010.127281146,202103231040
463,28390,1435,11,23494,Spring Lake,"",610.794245339236,6107.94245339236,1630867413.08136,287302.836124697,202103231040
464,28391,374,6,5326,Stedman,"",702.215546376267,7022.15546376267,1084470955.12604,202263.555324582,202103231040
465,28392,158,1,1554,Tar Heel,"",1016.73101673102,10167.3101673102,925384379.987671,187529.786563955,202103231040
466,28393,229,3,2160,Turkey,"",1060.18518518519,10601.8518518519,1437383838.7915,233550.655699493,202103231040
467,28394,428,4,6094,Vass,"",702.330160813915,7023.30160813915,1215312777.16113,300186.221923817,202103231040
468,28395,217,1,2657,Wade,"",816.710575837411,8167.10575837411,1382105528.22943,246616.208913961,202103231040
469,28396,190,6,2679,Wagram,"",709.219858156028,7092.19858156028,1631714382.90094,330475.243709585,202103231040
470,28398,845,23,7672,Warsaw,"",1101.40771637122,11014.0771637122,2739435952.33466,345606.723026117,202103231040
471,28399,161,2,1934,White Oak,"",832.471561530507,8324.71561530507,2338498223.40869,308489.981388208,202103231040
472,28401,1791,46,24213,Wilmington,"",739.685293024408,7396.85293024408,925590291.269562,302995.405207511,202103231040
473,28403,3263,16,41945,Wilmington,"",777.923471212302,7779.23471212302,403456249.54361,135103.298695973,202103231040
474,28405,2480,24,33719,Wilmington,"",735.49037634568,7354.9037634568,694443662.189972,212896.044608315,202103231040
475,28409,2323,14,34974,Wilmington,"",664.207697146452,6642.07697146452,678530052.059952,626246.018361276,202103231040
476,28411,2760,22,38820,Wilmington,"",710.97372488408,7109.7372488408,1477023573.08954,591854.549770877,202103231040
477,28412,2836,33,42977,Wilmington,"",659.887846987924,6598.87846987924,635947452.301941,245813.217862995,202103231040
478,28420,358,11,5116,Ash,"",699.765441751368,6997.65441751368,4030119174.4476,622951.504256467,202103231040
479,28421,122,4,2040,Atkinson,"",598.039215686275,5980.39215686275,1701084244.28595,246250.995159075,202103231040
480,28422,426,8,8682,Bolivia,"",490.670352453352,4906.70352453352,2520456183.00197,406510.949073508,202103231040
481,28423,189,2,2285,Bolton,"",827.133479212254,8271.33479212254,4327886518.67657,560706.23791653,202103231040
482,28425,1190,21,12625,Burgaw,"",942.574257425743,9425.74257425743,4872852970.19843,522799.098840263,202103231040
483,28428,510,1,7142,Carolina Beach,"",714.085690282834,7140.85690282834,153392950.326767,131890.839899376,202103231040
484,28429,631,3,8542,Castle Hayne,"",738.702879887614,7387.02879887614,1146009267.92944,244578.64538817,202103231040
485,28430,197,3,2055,Cerro Gordo,"",958.637469586375,9586.37469586375,1294763521.80133,235369.368885516,202103231040
486,28431,713,21,6741,Chadbourn,"",1057.70657172526,10577.0657172526,2019287633.59152,414968.282140326,202103231040
487,28432,224,3,1684,Clarendon,"",1330.16627078385,13301.6627078385,913029717.719559,381140.327621417,202103231040
488,28433,406,4,5297,Clarkton,"",766.471587691146,7664.71587691146,3257754219.81824,497145.128049416,202103231040
489,28434,84,2,1357,Council,"",619.012527634488,6190.12527634488,2209417286.23001,262045.947095385,202103231040
490,28435,227,6,2931,Currie,"",774.479699761174,7744.79699761174,2746865502.37314,418800.327512466,202103231040
491,28436,188,2,2312,Delco,"",813.148788927336,8131.48788927336,1250613651.60083,304067.898737589,202103231040
492,28438,152,3,1688,Evergreen,"",900.473933649289,9004.73933649289,1324758692.31961,354385.951020837,202103231040
493,28439,133,7,1536,Fair Bluff,"",865.885416666667,8658.85416666667,667490225.496307,213264.007900786,202103231040
494,28441,314,4,3328,Garland,"",943.509615384615,9435.09615384615,3774857745.4223,555550.533903292,202103231040
495,28442,153,3,1734,Hallsboro,"",882.352941176471,8823.52941176471,1395074837.14975,336354.405393145,202103231040
496,28443,1776,19,22483,Hampstead,"",789.930169461371,7899.30169461371,4337834719.99771,560208.032392264,202103231040
497,28444,226,0,2278,Harrells,"",992.098331870061,9920.98331870062,3251010335.70935,548979.732892781,202103231040
498,28445,683,12,8142,Holly Ridge,"",838.860230901498,8388.60230901498,2835470197.40424,676482.174744674,202103231040
499,28447,142,0,1334,Ivanhoe,"",1064.46776611694,10644.6776611694,2755654733.91089,442226.920323366,202103231040
500,28448,61,1,1216,Kelly,"",501.644736842105,5016.44736842105,2360585218.26868,400674.523076971,202103231040
501,28449,75,0,1958,Kure Beach,"",383.043922369765,3830.43922369765,112229003.875305,80695.004584803,202103231040
502,28450,209,8,2397,Lake Waccamaw,"",871.923237380058,8719.23237380058,1482484363.39343,277199.450521116,202103231040
503,28451,2472,21,39194,Leland,"",630.708781956422,6307.08781956422,5322314275.71591,771852.448618023,202103231040
504,28452,63,2,513,Longwood,"",1228.0701754386,12280.701754386,201031402.998276,76626.878203892,202103231040
505,28453,510,6,4137,Magnolia,"",1232.77737490935,12327.7737490935,2286467269.94287,428957.863476439,202103231040
506,28454,244,2,3549,Maple Hill,"",687.517610594534,6875.17610594534,3064407818.25446,319144.850869927,202103231040
507,28455,182,3,1718,Nakina,"",1059.37136204889,10593.7136204889,1802269564.75485,339624.478895421,202103231040
508,28456,337,5,3566,Riegelwood,"",945.036455412227,9450.36455412227,1872158645.14374,368901.622022321,202103231040
509,28457,872,11,12840,Rocky Point,"",679.127725856698,6791.27725856698,3397895880.78387,551931.996451502,202103231040
510,28458,633,12,7018,Rose Hill,"",901.966372185808,9019.66372185808,3025757032.09851,549753.327973728,202103231040
511,28460,944,2,10588,Sneads Ferry,"",891.575368341519,8915.75368341519,868820245.916626,505270.66774661,202103231040
512,28461,877,5,20575,Southport,"",426.245443499392,4262.45443499392,2976816159.44659,699193.3729383,202103231040
513,28462,743,13,14309,Supply,"",519.253616604934,5192.53616604934,3173815797.17624,578042.071238933,202103231040
514,28463,1466,34,9865,Tabor City,"",1486.06183476939,14860.6183476939,3441446535.6745,489113.866817469,202103231040
515,28464,260,4,2491,Teachey,"",1043.75752709755,10437.5752709755,651873569.02948,216752.818849917,202103231040
516,28465,373,6,8285,Oak Island,"",450.211225105613,4502.11225105613,278142792.540329,260764.452809295,202103231040
517,28466,998,30,10375,Wallace,"",961.927710843374,9619.27710843373,4134830722.40503,646652.750223625,202103231040
518,28467,839,16,11393,Calabash,"",736.417098218204,7364.17098218204,478052225.035095,182374.085490172,202103231040
519,28468,291,3,5394,Sunset Beach,"",539.488320355951,5394.88320355951,561581539.026329,281339.504069841,202103231040
520,28469,543,9,7481,Ocean Isle Beach,"",725.8387916054,7258.387916054,718539224.77166,397460.188245044,202103231040
521,28470,914,36,13446,Shallotte,"",679.756061282166,6797.56061282166,1182514664.27979,362760.617388835,202103231040
522,28472,1929,51,20002,Whiteville,"",964.403559644036,9644.03559644036,5336860792.21823,836470.753006454,202103231040
523,28478,359,4,4976,Willard,"",721.463022508039,7214.63022508039,3641064446.79327,420805.470689162,202103231040
524,28479,432,8,4874,Winnabow,"",886.335658596635,8863.35658596635,2117768058.25922,493774.783138492,202103231040
525,28480,280,0,2737,Wrightsville Beach,"",1023.0179028133,10230.179028133,105606171.513519,198146.556810674,202103231040
526,28501,1481,33,19507,Kinston,"",759.214640898139,7592.14640898139,2991635337.302,625626.15035165,202103231040
527,28504,2151,41,21016,Kinston,"",1023.50590026646,10235.0590026646,3402165916.96191,527051.926248194,202103231040
528,28508,263,6,2984,Albertson,"",881.367292225201,8813.67292225201,979966062.858154,216402.11543394,202103231040
529,28510,78,0,1543,Arapahoe,"",505.50874918989,5055.0874918989,492605022.366577,160146.449017413,202103231040
530,28511,25,0,628,Atlantic,"",398.089171974522,3980.89171974522,664520864.566406,632922.312503468,202103231040
531,28512,216,5,3689,Atlantic Beach,"",585.524532393603,5855.24532393603,159414908.561523,282548.210087653,202103231040
532,28513,945,3,10825,Ayden,"",872.979214780601,8729.79214780601,2611479123.85803,477095.460669019,202103231040
533,28515,285,2,3463,Bayboro,"",822.985850418712,8229.85850418712,1758589825.68518,437586.784820445,202103231040
534,28516,710,6,12482,Beaufort,"",568.819099503285,5688.19099503285,3384236686.76337,1001596.71803034,202103231040
535,28518,785,11,8803,Beulaville,"",891.741451777803,8917.41451777803,2702594658.36359,473932.945095065,202103231040
536,28521,203,9,2259,Chinquapin,"",898.627711376715,8986.27711376715,984336924.154663,232445.955683395,202103231040
537,28523,200,3,2274,Cove City,"",879.507475813544,8795.07475813544,2247611957.06177,297516.586083844,202103231040
538,28525,284,4,3309,Deep Run,"",858.265336959807,8582.65336959807,1368793733.10339,260376.07892082,202103231040
539,28526,179,3,2384,Dover,"",750.838926174497,7508.38926174497,2062614072.29626,437910.466683838,202103231040
540,28529,275,3,2539,Grantsboro,"",1083.10358408822,10831.0358408822,2523317524.60889,412017.089612736,202103231040
541,28530,649,8,7474,Grifton,"",868.343591115868,8683.43591115868,1906098626.48975,426610.065184872,202103231040
542,28531,89,1,1414,Harkers Island,"",629.420084865629,6294.20084865629,96666650.4205933,159397.370996394,202103231040
543,28532,1354,7,25868,Havelock,"",523.426627493428,5234.26627493428,5072028576.29651,874966.498361209,202103231040
544,28538,338,3,3342,Hookerton,"",1011.37043686415,10113.7043686415,837514346.679443,167225.326393657,202103231040
545,28539,1025,11,18000,Hubert,"",569.444444444444,5694.44444444444,2158531628.89203,965472.416809674,202103231040
546,28540,3847,49,52400,Jacksonville,"",734.160305343511,7341.60305343511,3283488394.35052,547729.060516664,202103231040
547,28542,569,0,6146,Camp Lejeune,"",925.805401887407,9258.05401887407,1137151211.30426,554417.951637184,202103231040
548,28543,267,2,6618,Tarawa Terrace,"",403.445149592022,4034.45149592022,101812905.851257,81799.9494086723,202103231040
549,28546,3902,37,51963,Jacksonville,"",750.918923079884,7509.18923079884,2766403023.01086,429757.095409677,202103231040
550,28547,1050,0,13868,Camp Lejeune,"",757.138736659937,7571.38736659937,321351155.112183,125030.1108688,202103231040
551,28551,1247,21,14265,La Grange,"",874.167542937259,8741.67542937259,3578620059.57935,402405.541085344,202103231040
552,28553,22,0,522,Marshallberg,"",421.455938697318,4214.55938697318,44093630.395752,64625.7950525978,202103231040
553,28555,356,0,4702,Maysville,"",757.12462781795,7571.2462781795,3623337430.05573,600372.548840717,202103231040
554,28557,1031,10,15254,Morehead City,"",675.888291595647,6758.88291595647,400526127.961975,291647.007459014,202103231040
555,28560,2506,55,28926,New Bern,"",866.348613703934,8663.48613703934,3309199654.78784,1030041.14449326,202103231040
556,28562,3390,40,38009,New Bern,"",891.894025099319,8918.94025099319,3853792240.20764,1071472.47820273,202103231040
557,28570,1530,9,22687,Newport,"",674.395027989598,6743.95027989598,4050945831.7467,612371.091717979,202103231040
558,28571,112,1,3137,Oriental,"",357.029008606949,3570.29008606949,1482289449.53186,353024.47769856,202103231040
559,28572,592,9,6379,Pink Hill,"",928.045148142342,9280.45148142342,3042675125.74115,395176.694907307,202103231040
560,28573,227,13,2475,Pollocksville,"",917.171717171717,9171.71717171717,3035889883.2348,360117.83631843,202103231040
561,28574,1502,14,17702,Richlands,"",848.491695853576,8484.91695853576,3868294357.7301,523654.71280993,202103231040
562,28577,14,0,595,Sealevel,"",235.294117647059,2352.94117647059,131607264.267456,82049.6590834025,202103231040
563,28578,562,8,7044,Seven Springs,"",797.842135150483,7978.42135150483,1837860745.29797,304549.150963809,202103231040
564,28580,1070,31,12031,Snow Hill,"",889.369129748151,8893.69129748151,3261656823.56982,373362.024423985,202103231040
565,28582,139,2,1824,Stella,"",762.061403508772,7620.61403508772,566119411.242798,233745.537488707,202103231040
566,28584,792,11,12910,Swansboro,"",613.477924089853,6134.77924089853,870417864.570801,630505.524420815,202103231040
567,28585,290,3,4170,Trenton,"",695.443645083933,6954.43645083933,5857263271.9624,616313.550954669,202103231040
568,28586,1139,7,8427,Vanceboro,"",1351.60792690163,13516.0792690163,3798727344.79224,393188.365406213,202103231040
569,28590,2631,15,26551,Winterville,"",990.923129072351,9909.23129072351,1153236268.85608,260797.112041444,202103231040
570,28594,277,3,3678,Emerald Isle,"",753.126699293094,7531.26699293094,161880563.377441,206007.39513627,202103231040
571,28601,5908,93,49848,Hickory,"",1185.2030171722,11852.030171722,1378207425.05768,365850.750506082,202103231040
572,28602,3285,74,31218,Hickory,"",1052.27753219297,10522.7753219297,1938678919.97003,319569.803956005,202103231040
573,28604,457,3,6449,Banner Elk,"",708.636997984184,7086.36997984184,1915326545.24634,325836.980718489,202103231040
574,28605,261,4,4143,Blowing Rock,"",629.978276611151,6299.78276611151,895784503.144714,248689.345104092,202103231040
575,28606,199,1,2367,Boomer,"",840.726658217153,8407.26658217153,1247639586.18042,214129.251492026,202103231040
576,28607,2625,19,37481,Boone,"",700.354846455537,7003.54846455537,2776057252.95807,555835.87368089,202103231040
577,28609,557,7,6457,Catawba,"",862.629704196995,8626.29704196995,1341728385.28827,281255.134101197,202103231040
578,28610,1065,12,10238,Claremont,"",1040.24223481149,10402.4223481149,1121879522.66571,308096.881521473,202103231040
579,28612,1380,36,14906,Connelly Springs,"",925.801690594392,9258.01690594392,2400642845.42798,441028.943696581,202103231040
580,28613,2874,49,25216,Conover,"",1139.75253807107,11397.5253807107,1220326345.78546,362168.639637895,202103231040
581,28615,99,1,1883,Creston,"",525.756771109931,5257.56771109931,1868599532.61511,272770.247470023,202103231040
582,28617,182,3,2451,Crumpler,"",742.554059567523,7425.54059567523,986888820.641235,263906.737953269,202103231040
583,28618,148,2,2480,Deep Gap,"",596.774193548387,5967.74193548387,1010729766.2395,224128.286954044,202103231040
584,28621,1114,31,10400,Elkin,"",1071.15384615385,10711.5384615385,1827310682.30029,492431.108964796,202103231040
585,28622,221,0,2638,Elk Park,"",837.755875663381,8377.55875663381,922706854.79248,228052.883765708,202103231040
586,28623,141,0,1716,Ennice,"",821.678321678322,8216.78321678322,790959225.749146,176648.995975267,202103231040
587,28624,129,3,1893,Ferguson,"",681.458003169572,6814.58003169572,1893859856.27216,280305.359064925,202103231040
588,28625,3594,75,38862,Statesville,"",924.810869229582,9248.10869229582,5528677082.18164,627405.10903711,202103231040
589,28626,117,1,3001,Fleetwood,"",389.870043318894,3898.70043318894,819063990.876587,148645.734339712,202103231040
590,28627,72,0,1534,Glade Valley,"",469.361147327249,4693.61147327249,929851696.585571,229623.659776181,202103231040
591,28630,2282,24,20369,Granite Falls,"",1120.32991310325,11203.2991310325,1749206123.14734,364175.180926025,202103231040
592,28631,61,0,536,Grassy Creek,"",1138.05970149254,11380.5970149254,666742006.060913,167245.211138671,202103231040
593,28634,455,6,5269,Harmony,"",863.541468969444,8635.41468969444,1708637469.52393,380041.00063272,202103231040
594,28635,312,4,4032,Hays,"",773.809523809524,7738.09523809524,1589254753.84888,282956.554467362,202103231040
595,28636,529,10,5186,Hiddenite,"",1020.05399151562,10200.5399151562,1563401720.00476,343683.132287545,202103231040
596,28637,290,5,1583,Hildebran,"",1831.9646241314,18319.646241314,75804105.8025513,39679.7431148789,202103231040
597,28638,1311,7,12560,Hudson,"",1043.7898089172,10437.898089172,586195125.955933,179942.259882133,202103231040
598,28640,476,18,4805,Jefferson,"",990.634755463059,9906.34755463059,1056537388.6748,302637.68949569,202103231040
599,28642,505,6,5578,Jonesville,"",905.342416636787,9053.42416636787,922184812.2677,173376.666314256,202103231040
600,28643,205,4,3443,Lansing,"",595.41097879756,5954.1097879756,2044042930.41492,275858.107391137,202103231040
601,28644,77,0,1570,Laurel Springs,"",490.445859872611,4904.45859872612,2045165288.09131,297831.475142139,202103231040
602,28645,4884,64,47621,Lenoir,"",1025.59795048403,10255.9795048403,9179149391.98291,930216.037146458,202103231040
603,28649,85,0,1034,Mc Grady,"",822.050290135396,8220.50290135397,1036137984.80469,190682.670149615,202103231040
604,28650,1358,14,13374,Maiden,"",1015.4030207866,10154.030207866,1278104496.07623,377336.649296681,202103231040
605,28651,563,10,6653,Millers Creek,"",846.234781301668,8462.34781301668,2065649255.9353,349078.290644553,202103231040
606,28654,306,4,3800,Moravian Falls,"",805.263157894737,8052.63157894737,1821577421.53857,295573.209104024,202103231040
607,28655,5567,71,58249,Morganton,"",955.724561795052,9557.24561795052,9153179930.14331,677983.745386267,202103231040
608,28657,834,14,9610,Newland,"",867.845993756504,8678.45993756504,3935578521.47217,457051.359413869,202103231040
609,28658,3229,44,25858,Newton,"",1248.74313558667,12487.4313558667,2022657893.02307,451555.722478837,202103231040
610,28659,2079,37,21013,North Wilkesboro,"",989.387522010184,9893.87522010184,2817470108.66394,743040.466864702,202103231040
611,28660,199,2,2336,Olin,"",851.883561643836,8518.83561643835,892135691.594116,224297.744075571,202103231040
612,28665,211,3,2986,Purlear,"",706.630944407234,7066.30944407234,1778038258.60608,240271.301413849,202103231040
613,28668,25,0,39,Roaring Gap,"",6410.25641025641,64102.5641025641,150579895.761963,97868.8716295681,202103231040
614,28669,227,0,3133,Roaring River,"",724.545164379189,7245.45164379189,1299426384.18799,252536.432806368,202103231040
615,28670,256,4,3183,Ronda,"",804.272698711907,8042.72698711907,1123975912.01135,257469.478215133,202103231040
616,28673,549,5,6621,Sherrills Ford,"",829.179882193022,8291.79882193022,852092289.759583,248402.605359209,202103231040
617,28675,619,5,6805,Sparta,"",909.625275532696,9096.25275532696,2977111225.9541,397880.21838125,202103231040
618,28676,324,2,3444,State Road,"",940.766550522648,9407.66550522648,830902972.436646,197653.666386266,202103231040
619,28677,3539,55,35614,Statesville,"",993.710338630875,9937.10338630875,2372250827.99042,364916.143502524,202103231040
620,28678,442,3,5252,Stony Point,"",841.584158415842,8415.84158415842,1249807753.12482,237772.476162198,202103231040
621,28679,99,1,2122,Sugar Grove,"",466.540999057493,4665.40999057493,636943392.934937,227619.317646308,202103231040
622,28681,2918,65,26959,Taylorsville,"",1082.38436143774,10823.8436143774,4726487412.65814,412700.759417833,202103231040
623,28682,100,1,1099,Terrell,"",909.918107370337,9099.18107370337,164657442.78833,108427.066369374,202103231040
624,28683,132,2,1934,Thurmond,"",682.523267838676,6825.23267838676,988749233.112671,203358.60410099,202103231040
625,28684,86,1,2175,Todd,"",395.402298850575,3954.02298850575,1383524229.94177,292392.138653963,202103231040
626,28685,138,0,1908,Traphill,"",723.270440251572,7232.70440251572,1296786088.98804,215086.939280452,202103231040
627,28689,172,0,1662,Union Grove,"",1034.89771359807,10348.9771359807,1218398001.86389,304792.24772459,202103231040
628,28690,863,14,9427,Valdese,"",915.455606237403,9154.55606237403,668624773.04187,213466.610171622,202103231040
629,28692,240,1,4504,Vilas,"",532.859680284192,5328.59680284192,1091553223.68976,286379.955820553,202103231040
630,28693,114,1,1693,Warrensville,"",673.36089781453,6733.6089781453,621923811.260986,170328.387778476,202103231040
631,28694,584,12,8033,West Jefferson,"",727.001120378439,7270.01120378439,2188720146.69934,416426.801998168,202103231040
632,28697,1280,32,13376,Wilkesboro,"",956.937799043062,9569.37799043062,1810927272.521,565265.362104433,202103231040
633,28701,276,3,4830,Alexander,"",571.428571428571,5714.28571428571,557040025.003723,178622.867954755,202103231040
634,28702,13,0,704,Almond,"",184.659090909091,1846.59090909091,749571990.457794,168899.042279792,202103231040
635,28704,1701,18,21728,Arden,"",782.860824742268,7828.60824742268,1481682958.97644,329012.999643476,202103231040
636,28705,394,1,7168,Bakersville,"",549.665178571429,5496.65178571429,3538838336.04175,376028.663142582,202103231040
637,28711,774,27,15250,Black Mountain,"",507.540983606557,5075.40983606557,2289646423.50623,432841.10713665,202103231040
638,28712,1154,23,19644,Brevard,"",587.456729790267,5874.56729790267,3743370041.24365,607196.289251344,202103231040
639,28713,584,11,9333,Bryson City,"",625.736633451195,6257.36633451195,7085157294.99072,658029.652447302,202103231040
640,28714,1336,25,17066,Burnsville,"",782.843079807805,7828.43079807805,7287599937.88281,538818.932986382,202103231040
641,28715,1705,23,27289,Candler,"",624.793872989116,6247.93872989117,1975153881.5733,274379.594297132,202103231040
642,28716,1220,43,18650,Canton,"",654.155495978552,6541.55495978552,4450693739.33826,450946.985814241,202103231040
643,28718,22,0,607,Cedar Mountain,"",362.438220757825,3624.38220757825,604740430.192017,157079.894608512,202103231040
644,28719,1016,10,6945,Cherokee,"",1462.92296616271,14629.2296616271,6313532001.74988,506970.161305604,202103231040
645,28721,659,7,10866,Clyde,"",606.478925087429,6064.78925087429,3262240884.20239,451646.750156333,202103231040
646,28722,491,9,6854,Columbus,"",716.370002918004,7163.70002918004,1330435890.70984,371441.890606651,202103231040
647,28723,915,0,11678,Cullowhee,"",783.524576126049,7835.24576126049,2829089767.59064,521400.904374382,202103231040
648,28726,326,4,3477,East Flat Rock,"",937.58987633017,9375.8987633017,62782212.3257446,52681.8363735949,202103231040
649,28729,243,1,2978,Etowah,"",815.983881799866,8159.83881799866,115914409.369507,74718.0620947517,202103231040
650,28730,498,7,10068,Fairview,"",494.636471990465,4946.36471990465,1334723772.69336,277836.650121475,202103231040
651,28731,844,14,9271,Flat Rock,"",910.365656347751,9103.65656347751,910498937.374664,308715.430561088,202103231040
652,28732,1243,5,18899,Fletcher,"",657.706756971268,6577.06756971268,1163648233.76184,268599.174805656,202103231040
653,28734,2079,21,28423,Franklin,"",731.449882137705,7314.49882137705,8413329787.90622,680710.034553254,202103231040
654,28736,46,0,740,Glenville,"",621.621621621622,6216.21621621622,845894035.551971,243241.394198335,202103231040
655,28739,1333,19,21994,Hendersonville,"",606.074383922888,6060.74383922888,1809199500.98254,354883.696935043,202103231040
656,28740,152,0,2123,Green Mountain,"",715.96796985398,7159.6796985398,2560353451.70599,391601.88482291,202103231040
657,28741,245,4,3135,Highlands,"",781.499202551834,7814.99202551834,2488322100.83908,291652.561708351,202103231040
658,28742,195,4,2834,Horse Shoe,"",688.073394495413,6880.73394495413,759756422.807678,323788.261855291,202103231040
659,28745,59,0,598,Lake Junaluska,"",986.622073578595,9866.22073578595,24208240.7459412,20619.3143809221,202103231040
660,28746,170,4,2583,Lake Lure,"",658.149438637244,6581.49438637244,1635267198.94843,301403.103342596,202103231040
661,28747,84,2,2517,Lake Toxaway,"",333.73063170441,3337.3063170441,1644170650.80768,278687.825520297,202103231040
662,28748,737,10,12684,Leicester,"",581.046988331757,5810.46988331757,2568900770.12885,433742.542694055,202103231040
663,28751,250,5,3738,Maggie Valley,"",668.80684858213,6688.0684858213,1196971956.93442,252655.252396679,202103231040
664,28752,3399,37,31501,Marion,"",1079.01336465509,10790.1336465509,6843838240.70496,729852.019397462,202103231040
665,28753,715,17,12286,Marshall,"",581.963210157903,5819.63210157903,7221367422.4903,582321.875436496,202103231040
666,28754,589,20,8823,Mars Hill,"",667.573387736598,6675.73387736597,2532637146.55933,336365.654274913,202103231040
667,28756,285,2,4770,Mill Spring,"",597.48427672956,5974.8427672956,2319967191.40479,359387.276461913,202103231040
668,28759,558,6,7867,Mills River,"",709.291979153426,7092.91979153426,710290580.507599,219074.688607406,202103231040
669,28761,915,17,8493,Nebo,"",1077.35782409043,10773.5782409043,3254647047.74689,448908.605974669,202103231040
670,28762,640,5,7603,Old Fort,"",841.772984348284,8417.72984348284,2996741187.4848,387268.208256283,202103231040
671,28763,164,2,2864,Otto,"",572.625698324022,5726.25698324022,1145043002.66425,202810.842815888,202103231040
672,28766,113,0,1526,Penrose,"",740.498034076016,7404.98034076016,159626292.482056,88900.5625977206,202103231040
673,28768,444,2,7895,Pisgah Forest,"",562.381253958201,5623.81253958201,2244655883.74216,321689.536597621,202103231040
674,28771,540,12,8212,Robbinsville,"",657.574281539211,6575.74281539211,9086438704.3884,732920.807564289,202103231040
675,28773,242,6,3508,Saluda,"",689.851767388825,6898.51767388825,1396855034.24573,267712.497423626,202103231040
676,28775,28,1,493,Scaly Mountain,"",567.951318458418,5679.51318458418,456631744.06662,130336.94180952,202103231040
677,28777,1410,17,10391,Spruce Pine,"",1356.9435088057,13569.435088057,1968811938.32007,332780.684408785,202103231040
678,28778,652,7,10803,Swannanoa,"",603.536054799593,6035.36054799593,692162823.950317,188030.795128165,202103231040
679,28779,1270,39,17610,Sylva,"",721.181147075525,7211.81147075525,3287520334.70795,472387.421611018,202103231040
680,28782,380,9,6512,Tryon,"",583.538083538083,5835.38083538084,1239852111.02036,390005.579825198,202103231040
681,28783,94,3,1905,Tuckasegee,"",493.438320209974,4934.38320209974,2507065764.50815,412465.098737654,202103231040
682,28785,381,2,8309,Waynesville,"",458.538933686364,4585.38933686364,4680111391.07288,434987.630089387,202103231040
683,28786,1301,31,21837,Waynesville,"",595.777808307002,5957.77808307002,2130537927.5513,319219.020654079,202103231040
684,28787,1354,23,20681,Weaverville,"",654.707219186693,6547.07219186693,2146776657.76654,337936.038355962,202103231040
685,28789,354,3,6551,Whittier,"",540.375515188521,5403.75515188521,1731085189.80936,281392.474737519,202103231040
686,28790,271,2,3775,Zirconia,"",717.880794701987,7178.80794701987,1184634316.47168,272368.233599775,202103231040
687,28791,1199,29,15811,Hendersonville,"",758.332806274113,7583.32806274113,466838231.125,123544.27336528,202103231040
688,28792,3127,67,37949,Hendersonville,"",824.000632427732,8240.00632427732,2892120004.20319,483608.715059927,202103231040
689,28801,805,17,16782,Asheville,"",479.680610177571,4796.80610177571,142991050.123962,66531.4000304091,202103231040
690,28803,1961,51,34731,Asheville,"",564.625262733581,5646.25262733581,1148499781.62708,221583.067984848,202103231040
691,28804,1277,21,23302,Asheville,"",548.021629044717,5480.21629044717,818376430.368896,216401.982596761,202103231040
692,28805,919,19,20394,Asheville,"",450.62273217613,4506.2273217613,743578799.615234,203043.782551956,202103231040
693,28806,2806,54,43841,Asheville,"",640.040145069684,6400.40145069684,1123591112.45288,297671.815966071,202103231040
694,28901,432,5,6039,Andrews,"",715.350223546945,7153.50223546945,1881090750.42804,271571.032581688,202103231040
695,28902,84,0,1562,Brasstown,"",537.772087067862,5377.72087067862,645585335.657318,162521.113458697,202103231040
696,28904,565,18,9535,Hayesville,"",592.55374934452,5925.5374934452,5317145252.91805,403950.005454209,202103231040
697,28905,215,1,3548,Marble,"",605.97519729425,6059.7519729425,1058320723.96715,269002.244098821,202103231040
698,28906,1436,13,20296,Murphy,"",707.528577059519,7075.28577059519,9849733400.34212,586826.324547444,202103231040
699,28909,43,0,1068,Warne,"",402.621722846442,4026.21722846442,269492752.319427,107722.293423693,202103231040
700,27533,463,3,0,"","",,,18055719.4014893,15817.3715737294,202103231040
701,27340,3,1,34,Saxapahaw,Population <500 and Cases <5,,,694758.987792969,3852.87240074502,202103231040
702,27411,39,0,847,Greensboro,"",460.448642266824,4604.48642266824,713742.998291016,5860.23208289576,202103231040
703,27412,23,0,1886,Greensboro,"",121.951219512195,1219.51219512195,4771290.83532715,13054.7888333439,202103231040
704,27498,0,0,13,Greensboro,Population <500 and Cases <5,,,3369264.12316895,7774.18760349114,202103231040
705,27599,19,0,0,Chapel Hill,"",,,4275416.30163574,15555.1510255833,202103231040
706,27706,1,0,10,Durham,Population <500 and Cases <5,,,1281872.18347168,6816.757693542,202103231040
707,27711,0,0,62,Durham,Population <500 and Cases <5,,,11690491.0200195,25227.7794868175,202103231040
708,27810,330,4,4224,Belhaven,"",781.25,7812.5,5320714553.85889,863428.562860575,202103231040
709,27821,14,0,343,Edward,"",408.163265306122,4081.63265306122,180879118.265869,102716.617789089,202103231040
710,27824,83,0,1540,Engelhard,"",538.961038961039,5389.61038961039,5755622445.56714,766498.765242208,202103231040
711,27826,74,2,1245,Fairfield,"",594.377510040161,5943.77510040161,5502010014.61365,681909.128335756,202103231040
712,27841,5,1,84,Hassell,"",595.238095238095,5952.38095238095,5972995.94189453,12505.2057352129,202103231040
713,27872,25,1,429,Roxobel,"",582.750582750583,5827.50582750583,78668396.3901367,60062.9164687203,202103231040
714,27875,41,2,511,Scranton,"",802.348336594912,8023.48336594912,1462926064.75208,668994.049821798,202103231040
715,27881,5,0,323,Speed,"",154.798761609907,1547.98761609907,45624486.2655029,35379.3892263349,202103231040
716,27919,73,1,1211,Belvidere,"",602.80759702725,6028.0759702725,1805677755.21484,260299.205087965,202103231040
717,27920,60,0,1415,Buxton,"",424.028268551237,4240.28268551237,251417477.481567,169552.58818934,202103231040
718,27921,308,4,5366,Camden,"",573.984345881476,5739.84345881476,2216306760.15601,371309.805402765,202103231040
719,27923,37,0,990,Coinjock,"",373.737373737374,3737.37373737374,442853112.258789,222994.427279021,202103231040
720,27936,21,1,961,Frisco,"",218.522372528616,2185.22372528616,134638106.065186,108288.074251882,202103231040
721,27939,138,1,3370,Grandy,"",409.495548961424,4094.95548961424,296874050.40332,237784.484514939,202103231040
722,27941,34,0,670,Harbinger,"",507.462686567164,5074.62686567164,66348159.842041,42125.3614314887,202103231040
723,27943,15,0,491,Hatteras,"",305.498981670061,3054.98981670061,82146889.1915283,162150.406610954,202103231040
724,27947,38,1,845,Jarvisburg,"",449.704142011834,4497.04142011834,181991023.044922,117825.87149715,202103231040
725,27953,72,0,992,Manns Harbor,"",725.806451612903,7258.06451612903,4841742826.08521,775886.839802653,202103231040
726,27954,434,2,6405,Manteo,"",677.5956284153,6775.95628415301,346159524.466309,171104.045001834,202103231040
727,27956,13,0,328,Maple,"",396.341463414634,3963.41463414634,91616147.3259277,62675.9008746753,202103231040
728,27960,94,0,899,Ocracoke,"",1045.60622914349,10456.0622914349,272996211.932129,221416.979930584,202103231040
729,27964,17,0,653,Point Harbor,"",260.336906584992,2603.36906584992,40700993.1791992,29044.1496807834,202103231040
730,27965,24,0,611,Poplar Branch,"",392.798690671031,3927.98690671031,362463348.010742,286670.577035681,202103231040
731,27972,1,0,196,Salvo,Population <500 and Cases <5,,,25839959.5158691,77591.8753697891,202103231040
732,27973,82,0,1493,Shawboro,"",549.229738780978,5492.29738780978,1350823542.63281,279776.313560853,202103231040
733,27974,58,0,1375,Shiloh,"",421.818181818182,4218.18181818182,1282875105.52026,448552.234751615,202103231040
734,27978,11,0,221,Stumpy Point,"",497.737556561086,4977.37556561086,3250437066.68713,488663.160212976,202103231040
735,27980,208,2,2075,Tyner,"",1002.40963855422,10024.0963855422,1319096560.03711,208839.628959427,202103231040
736,27981,113,1,1863,Wanchese,"",606.54857756307,6065.4857756307,183167116.380371,177755.254740471,202103231040
737,28077,37,0,557,High Shoals,"",664.27289048474,6642.7289048474,25098303.871521,27989.3633622467,202103231040
738,28101,68,1,465,Mc Adenville,"",1462.36559139785,14623.6559139785,12210373.4969482,19058.3264759027,202103231040
739,28223,23,0,2941,Charlotte,"",78.2046922815369,782.046922815369,16745950.1914673,34959.7943637767,202103231040
740,28308,8,0,737,Pope Army Airfield,"",108.548168249661,1085.48168249661,90374263.7665405,45243.1542141805,202103231040
741,28375,17,0,155,Proctorville,"",1096.77419354839,10967.7419354839,16154829.5779114,21293.1141646593,202103231040
742,28519,46,1,328,Bridgeton,"",1402.43902439024,14024.3902439024,3782179.40026855,11964.2990373982,202103231040
743,28520,15,0,352,Cedar Island,"",426.136363636364,4261.36363636364,633116579.775757,427477.052966737,202103231040
744,28524,23,1,443,Davis,"",519.187358916479,5191.87358916479,547256692.822876,860357.358716607,202103231040
745,28527,111,2,905,Ernul,"",1226.51933701657,12265.1933701657,1145978492.04919,209684.397786102,202103231040
746,28528,26,0,640,Gloucester,"",406.25,4062.5,74196560.923584,79933.9347539672,202103231040
747,28533,88,0,0,Cherry Point,"",,,253735788.170532,192645.367219711,202103231040
748,28537,8,0,186,Hobucken,"",430.10752688172,4301.0752688172,891999129.25647,352204.851723086,202103231040
749,28544,372,7,5607,Midway Park,"",663.456393793472,6634.56393793472,155759986.503357,92182.0384683424,202103231040
750,28545,157,0,4010,Mccutcheon Field,"",391.521197007481,3915.21197007481,145247654.855835,101700.276162633,202103231040
751,28552,5,0,131,Lowland,"",381.679389312977,3816.79389312977,211084218.553589,104037.967496467,202103231040
752,28556,53,1,1150,Merritt,"",460.869565217391,4608.69565217391,1139666751.30212,394317.853497314,202103231040
753,28561,32,1,0,New Bern,"",,,195198.709350586,2618.49962886206,202103231040
754,28579,25,0,798,Smyrna,"",313.28320802005,3132.8320802005,633080494.557556,233023.142000653,202103231040
755,28581,16,1,224,Stacy,"",714.285714285714,7142.85714285714,2404669972.88318,703346.462367876,202103231040
756,28583,14,1,0,Stonewall,"",,,596710.740722656,3607.20989795631,202103231040
757,28587,27,0,324,Vandemere,"",833.333333333333,8333.33333333333,250612018.426636,182903.197478108,202103231040
758,28611,67,0,978,Collettsville,"",685.071574642127,6850.71574642127,2483135872.03735,419111.187381629,202103231040
759,28629,11,0,63,Glendale Springs,"",1746.03174603175,17460.3174603175,18113919.8492432,19773.9407564207,202103231040
760,28646,66,2,463,Linville,"",1425.48596112311,14254.8596112311,440709602.757813,156576.175660301,202103231040
761,28663,30,0,715,Piney Creek,"",419.58041958042,4195.8041958042,577849850.650269,137228.322788793,202103231040
762,28667,48,1,105,Rhodhiss,"",4571.42857142857,45714.2857142857,1309548.80932617,6065.66147149414,202103231040
763,28672,3,0,35,Scottville,Population <500 and Cases <5,,,62555584.7313232,47932.7256464108,202103231040
764,28698,136,0,1844,Zionville,"",737.527114967462,7375.27114967462,762471326.925049,227334.653867247,202103231040
765,28708,43,0,1340,Balsam Grove,"",320.89552238806,3208.9552238806,795626278.709686,241272.033803255,202103231040
766,28709,122,2,2308,Barnardsville,"",528.596187175043,5285.96187175043,1635213770.4093,231197.383485249,202103231040
767,28717,133,4,1471,Cashiers,"",904.146838885112,9041.46838885112,1160000231.10587,300525.403558473,202103231040
768,28720,6,0,35,Chimney Rock,"",1714.28571428571,17142.8571428571,47877696.5422974,47768.4833790312,202103231040
769,28725,18,0,36,Dillsboro,"",5000,50000,1395548.49920654,7541.63511359509,202103231040
770,28733,10,0,200,Fontana Dam,"",500,5000,498075903.916718,200917.740964481,202103231040
771,28735,7,0,294,Gerton,"",238.095238095238,2380.95238095238,137680777.623108,92735.3834552802,202103231040
772,28743,124,1,2422,Hot Springs,"",511.973575557391,5119.73575557391,2855463957.34918,351331.648547095,202103231040
773,28749,5,0,0,Little Switzerland,"",,,1713987.45050049,8852.52475284555,202103231040
774,28757,54,0,0,Montreat,"",,,129672.114624023,2617.87913210505,202103231040
775,28772,100,1,1942,Rosman,"",514.933058702369,5149.33058702369,577124059.134399,256613.212684218,202103231040
776,28774,73,1,1569,Sapphire,"",465.264499681326,4652.64499681326,1130246511.80005,224488.61951138,202103231040
777,28781,49,0,957,Topton,"",512.016718913271,5120.16718913271,2402982140.90009,297913.620657844,202103231040
778,27969,1,0,0,Roduco,Population <500 and Cases <5,,,724387.010986328,3958.82496624679,202103231040
779,28253,0,0,0,Charlotte,Population <500 and Cases <5,,,133339.295837402,3050.2273713774,202103231040
780,28608,35,0,0,Boone,"",,,274774.708862305,3583.90419251761,202103231040
