OBJECTID,ZIPCode,Cases,Deaths,TotalPop,Place,Note,RatePer10K,RatePer100K,Shape__Area,Shape__Length,DataGatherTS
1,27006,1266,7,14872,Advance,"",851.26412049489,8512.6412049489,1744189234.37061,355282.663136038,202105140540
2,27007,215,0,2136,Ararat,"",1006.5543071161,10065.543071161,592499585.594238,195922.003442792,202105140540
3,27009,287,1,2937,Belews Creek,"",977.18760640109,9771.8760640109,618093097.011353,191244.647442635,202105140540
4,27011,542,7,5411,Boonville,"",1001.66327850675,10016.6327850675,1489580093.86462,316910.589814884,202105140540
5,27012,2760,49,28954,Clemmons,"",953.236167714305,9532.36167714306,1176567385.86804,255774.303165276,202105140540
6,27013,620,7,6495,Cleveland,"",954.580446497306,9545.80446497306,2066336247.98627,379169.285246239,202105140540
7,27014,80,1,957,Cooleemee,"",835.94566353187,8359.4566353187,21479098.032959,22299.1178929161,202105140540
8,27016,155,2,1682,Danbury,"",921.521997621879,9215.21997621879,1068209590.0686,211061.413302457,202105140540
9,27017,1072,13,9499,Dobson,"",1128.53984629961,11285.3984629961,2962951682.04883,566348.974052304,202105140540
10,27018,702,5,8221,East Bend,"",853.910716457852,8539.10716457852,2331567909.96985,255811.974556888,202105140540
11,27019,332,1,4234,Germanton,"",784.128483703354,7841.28483703354,977414017.819214,270248.259734795,202105140540
12,27020,675,5,6104,Hamptonville,"",1105.83224115334,11058.3224115334,2114111622.36755,316969.486887135,202105140540
13,27021,1736,45,17979,King,"",965.57094387897,9655.7094387897,1469376476.14172,210392.900707099,202105140540
14,27022,98,2,1512,Lawsonville,"",648.148148148148,6481.48148148148,918745327.278442,200803.000966771,202105140540
15,27023,997,3,12775,Lewisville,"",780.430528375734,7804.30528375734,807172159.002075,183078.980128527,202105140540
16,27024,282,3,2683,Lowgap,"",1051.06224375699,10510.6224375699,1265827411.39758,278411.484773322,202105140540
17,27025,996,16,11117,Madison,"",895.925159665377,8959.25159665377,2714649364.33142,468723.596670606,202105140540
18,27027,350,18,4017,Mayodan,"",871.296987801842,8712.96987801842,548179131.574585,172371.363079245,202105140540
19,27028,2712,28,28039,Mocksville,"",967.224223403117,9672.24223403117,5475621774.30664,567238.136149725,202105140540
20,27030,4297,98,37641,Mount Airy,"",1141.57434712149,11415.7434712149,4824085732.75671,624989.724929863,202105140540
21,27040,999,9,13150,Pfafftown,"",759.695817490494,7596.95817490494,763349953.536133,205025.773716105,202105140540
22,27041,708,8,8020,Pilot Mountain,"",882.793017456359,8827.93017456359,1629462738.40637,324677.141569035,202105140540
23,27042,68,2,720,Pine Hall,"",944.444444444444,9444.44444444444,290758639.069458,113971.243586081,202105140540
24,27043,508,6,6442,Pinnacle,"",788.574976715306,7885.74976715306,1935795027.06067,395674.180712496,202105140540
25,27045,1020,8,9583,Rural Hall,"",1064.38484816863,10643.8484816863,666085549.25769,154538.589918543,202105140540
26,27046,149,1,1953,Sandy Ridge,"",762.928827444956,7629.28827444957,1237681699.0647,217125.573744555,202105140540
27,27047,111,0,1279,Siloam,"",867.865519937451,8678.65519937451,576295820.815674,144984.839113672,202105140540
28,27048,684,8,8902,Stoneville,"",768.366659177713,7683.66659177713,2355000804.03674,325454.766660313,202105140540
29,27050,310,4,4084,Tobaccoville,"",759.059745347698,7590.59745347698,703876500.567505,219088.1792708,202105140540
30,27051,693,5,8287,Walkertown,"",836.249547484011,8362.49547484011,524680317.775635,151066.808563308,202105140540
31,27052,957,22,10061,Walnut Cove,"",951.197694066196,9511.97694066196,2710320219.82117,403203.611044297,202105140540
32,27053,195,2,3156,Westfield,"",617.87072243346,6178.7072243346,2152815477.55933,413464.446930882,202105140540
33,27054,300,5,2608,Woodleaf,"",1150.30674846626,11503.0674846626,778193820.583862,201172.963339102,202105140540
34,27055,1706,26,14521,Yadkinville,"",1174.85021692721,11748.5021692721,3115987965.39453,403366.49229781,202105140540
35,27101,1787,33,24321,Winston Salem,"",734.75597220509,7347.5597220509,356085731.400146,162957.922513793,202105140540
36,27103,3018,39,36071,Winston Salem,"",836.683208117324,8366.83208117324,527249856.672729,146399.561156354,202105140540
37,27104,2510,32,29383,Winston Salem,"",854.235442262533,8542.35442262533,337669863.683838,130394.134288752,202105140540
38,27105,3988,36,40186,Winston Salem,"",992.385407853481,9923.85407853481,950547784.577881,208375.813794777,202105140540
39,27106,4327,53,51378,Winston Salem,"",842.189263887267,8421.89263887267,787324720.967285,203893.681115083,202105140540
40,27107,4899,41,52432,Winston Salem,"",934.353066829417,9343.53066829417,1859279716.41162,319111.813640457,202105140540
41,27127,3882,24,38510,Winston Salem,"",1008.04985717995,10080.4985717995,820319160.873047,213438.375685158,202105140540
42,27157,46,0,5,Winston Salem,"",,,827769.094482422,4216.57245655308,202105140540
43,27203,2802,52,21876,Asheboro,"",1280.85573230938,12808.5573230938,589408161.410522,188062.356665824,202105140540
44,27205,3729,47,34549,Asheboro,"",1079.33659440215,10793.3659440215,6255653514.79199,588011.232518038,202105140540
45,27207,283,2,3806,Bear Creek,"",743.562795585917,7435.62795585917,2300194678.82397,473699.237818467,202105140540
46,27208,146,2,1691,Bennett,"",863.394441159077,8633.94441159077,1029479783.1405,215638.108979383,202105140540
47,27209,707,40,4151,Biscoe,"",1703.20404721754,17032.0404721754,1198089302.20734,259108.004034657,202105140540
48,27212,381,1,1600,Blanch,"",2381.25,23812.5,1328181375.12305,277007.39975067,202105140540
49,27214,1035,10,11747,Browns Summit,"",881.076019409211,8810.76019409211,1414533235.94788,324969.092830869,202105140540
50,27215,4511,73,44892,Burlington,"",1004.85609908224,10048.5609908224,1827823774.30115,298200.358945539,202105140540
51,27217,5159,104,39111,Burlington,"",1319.06624734729,13190.6624734729,3473433663.33496,513818.51476852,202105140540
52,27229,547,17,4014,Candor,"",1362.73044344793,13627.3044344793,2747739848.89313,367384.611313313,202105140540
53,27231,123,0,2048,Cedar Grove,"",600.5859375,6005.859375,987771348.581177,209108.769362036,202105140540
54,27233,290,4,3647,Climax,"",795.174115711544,7951.74115711544,703252829.253662,187154.002103638,202105140540
55,27235,425,11,4575,Colfax,"",928.96174863388,9289.6174863388,380654027.583252,148521.339190303,202105140540
56,27239,857,13,9629,Denton,"",890.019732059404,8900.19732059404,4319759872.9696,429373.198159064,202105140540
57,27242,184,3,2668,Eagle Springs,"",689.655172413793,6896.55172413793,1480408484.01825,321391.030328654,202105140540
58,27243,294,2,4665,Efland,"",630.225080385852,6302.25080385852,1142332751.10315,311755.144165646,202105140540
59,27244,2007,24,16259,Elon,"",1234.39325911803,12343.9325911803,1541989025.453,399696.340130384,202105140540
60,27248,383,5,4835,Franklinville,"",792.140641158221,7921.40641158221,942909114.352783,215710.992817749,202105140540
61,27249,1111,8,13355,Gibsonville,"",831.898165481093,8318.98165481093,1679803774.77087,397477.611919868,202105140540
62,27252,112,2,2264,Goldston,"",494.69964664311,4946.9964664311,1142470673.17163,220926.147155476,202105140540
63,27253,3533,49,31464,Graham,"",1122.87058225273,11228.7058225273,2351372927.78931,521476.969804177,202105140540
64,27258,680,8,7740,Haw River,"",878.552971576227,8785.52971576227,473631125.268677,312686.877842211,202105140540
65,27260,2178,41,25696,High Point,"",847.602739726027,8476.02739726028,348441568.963501,133229.878739789,202105140540
66,27262,2129,60,24764,High Point,"",859.715716362462,8597.15716362462,368730084.700928,171087.864383377,202105140540
67,27263,2119,36,22320,High Point,"",949.372759856631,9493.72759856631,1121512604.52234,249658.228757679,202105140540
68,27265,4405,55,50038,High Point,"",880.330948479156,8803.30948479156,1172957282.41284,307481.490778656,202105140540
69,27268,307,0,1695,High Point,"",1811.20943952802,18112.0943952802,2495618.64758301,8251.66869064816,202105140540
70,27278,1696,19,27181,Hillsborough,"",623.965269857621,6239.65269857621,2885765742.02771,502574.675043234,202105140540
71,27281,258,0,3710,Jackson Springs,"",695.417789757412,6954.17789757412,2095606802.2608,479969.724586594,202105140540
72,27282,1429,22,16597,Jamestown,"",860.998975718503,8609.98975718503,404066994.873657,168803.970950205,202105140540
73,27283,246,4,2982,Julian,"",824.949698189135,8249.49698189135,711286368.914917,161239.518798817,202105140540
74,27284,5121,67,56201,Kernersville,"",911.193751000872,9111.93751000872,2233069317.10205,420748.080109325,202105140540
75,27288,1861,29,23585,Eden,"",789.060843756625,7890.60843756625,1951079100.05676,304615.616752016,202105140540
76,27291,131,0,1538,Leasburg,"",851.755526657997,8517.55526657997,1492904663.44434,314720.365319101,202105140540
77,27292,3769,34,41465,Lexington,"",908.959363318461,9089.59363318461,4270233445.18579,407599.915340798,202105140540
78,27295,3914,50,39191,Lexington,"",998.698680819576,9986.98680819576,3631502180.53174,466742.919509858,202105140540
79,27298,847,9,10440,Liberty,"",811.302681992337,8113.02681992337,2639148530.03284,431527.987760386,202105140540
80,27299,570,4,5254,Linwood,"",1084.88770460601,10848.8770460601,822543412.257813,203597.604040365,202105140540
81,27301,1042,16,10019,Mc Leansville,"",1040.02395448648,10400.2395448648,900133716.655151,287107.537324028,202105140540
82,27302,2626,17,32302,Mebane,"",812.952758343137,8129.52758343137,3198656461.27478,644303.59427532,202105140540
83,27305,157,1,1585,Milton,"",990.536277602524,9905.36277602524,687167820.539429,263836.485514183,202105140540
84,27306,690,16,5945,Mount Gilead,"",1160.63919259882,11606.3919259882,5305900334.83325,426306.558627535,202105140540
85,27310,648,4,8562,Oak Ridge,"",756.832515767344,7568.32515767344,526240082.103149,140986.043049622,202105140540
86,27311,259,1,3220,Pelham,"",804.347826086957,8043.47826086957,1338371966.32642,293760.993606137,202105140540
87,27312,967,25,22205,Pittsboro,"",435.487502814681,4354.87502814681,5005768374.64233,617961.777569282,202105140540
88,27313,527,21,7288,Pleasant Garden,"",723.106476399561,7231.06476399561,760352714.59021,181619.740165306,202105140540
89,27314,67,1,1138,Prospect Hill,"",588.752196836555,5887.52196836555,773578280.842896,162162.976448062,202105140540
90,27315,122,0,2140,Providence,"",570.093457943925,5700.93457943925,697810511.310425,179457.95829655,202105140540
91,27316,712,15,7156,Ramseur,"",994.969256567915,9949.69256567915,1975410509.03577,278228.393914438,202105140540
92,27317,1818,23,17851,Randleman,"",1018.43034003697,10184.3034003697,1700826686.43616,339539.515262609,202105140540
93,27320,3145,36,38894,Reidsville,"",808.608011518486,8086.08011518486,6966725984.64832,658218.836963247,202105140540
94,27325,743,6,7676,Robbins,"",967.952058363731,9679.52058363731,2401051783.47894,409075.895347679,202105140540
95,27326,314,2,3692,Ruffin,"",850.487540628386,8504.87540628386,1884156536.74561,359587.547530237,202105140540
96,27330,3928,52,39529,Sanford,"",993.70082724076,9937.0082724076,6011213414.18433,528161.840140257,202105140540
97,27332,2847,26,33549,Sanford,"",848.609496557275,8486.09496557275,2996782209.29614,417113.164836099,202105140540
98,27341,493,3,5820,Seagrove,"",847.079037800687,8470.79037800687,2678433259.4787,311632.157547413,202105140540
99,27343,132,0,1840,Semora,"",717.391304347826,7173.91304347826,1390260353.39624,348769.311430722,202105140540
100,27344,1902,36,19290,Siler City,"",986.003110419907,9860.03110419907,4591228058.44531,607903.308882544,202105140540
101,27349,522,5,5850,Snow Camp,"",892.307692307692,8923.07692307692,1831279532.651,381750.490582419,202105140540
102,27350,619,8,7508,Sophia,"",824.453915823122,8244.53915823122,1066449848.573,204602.636460839,202105140540
103,27355,224,2,3196,Staley,"",700.876095118899,7008.76095118899,1016358702.6969,245160.332752788,202105140540
104,27356,330,8,3513,Star,"",939.368061485909,9393.68061485909,1815293543.21783,348288.37985576,202105140540
105,27357,883,17,8325,Stokesdale,"",1060.66066066066,10606.6066066066,1273124268.28796,223115.118835702,202105140540
106,27358,1043,7,15960,Summerfield,"",653.508771929825,6535.08771929825,1557557662.14905,323017.176053331,202105140540
107,27360,5007,62,48331,Thomasville,"",1035.98104736091,10359.8104736091,2458732404.91687,372395.85217249,202105140540
108,27370,1565,29,14622,Trinity,"",1070.30501983313,10703.0501983313,1663817222.16028,344702.900725307,202105140540
109,27371,869,12,7778,Troy,"",1117.25379274878,11172.5379274878,4076136455.00793,473833.643450898,202105140540
110,27376,815,15,9884,West End,"",824.564953460138,8245.64953460138,1781050002.06519,320932.333330313,202105140540
111,27377,895,7,9597,Whitsett,"",932.583098885068,9325.83098885068,736936774.92627,183024.518653502,202105140540
112,27379,579,21,6057,Yanceyville,"",955.918771669143,9559.18771669143,2663338769.75159,422550.665080929,202105140540
113,27401,1921,25,20221,Greensboro,"",950.00247267692,9500.0247267692,171748092.127686,100334.769337553,202105140540
114,27403,1473,18,21278,Greensboro,"",692.264310555503,6922.64310555503,159396286.028687,87465.2545388649,202105140540
115,27405,4664,47,52510,Greensboro,"",888.211769186822,8882.11769186822,886695637.391357,284328.526421691,202105140540
116,27406,5351,110,60755,Greensboro,"",880.750555509835,8807.50555509835,1894160074.00403,327705.317343953,202105140540
117,27407,4431,68,49837,Greensboro,"",889.098460982804,8890.98460982804,840498790.451172,227731.576408348,202105140540
118,27408,1248,7,17406,Greensboro,"",716.994139951741,7169.94139951741,221403500.549561,80148.1616765212,202105140540
119,27409,1459,14,17953,Greensboro,"",812.67754692809,8126.7754692809,603872824.646484,239783.02449594,202105140540
120,27410,4027,50,56968,Greensboro,"",706.888077517203,7068.88077517203,859363574.914917,272309.563854046,202105140540
121,27455,2456,67,29197,Greensboro,"",841.182313251361,8411.82313251361,816075696.678345,198282.860420201,202105140540
122,27501,1910,17,21338,Angier,"",895.116693223357,8951.16693223357,1683348454.90833,329143.189780915,202105140540
123,27502,2483,9,43747,Apex,"",567.58177703614,5675.8177703614,840126405.51062,242725.298081049,202105140540
124,27503,186,0,7222,Bahama,"",257.546386042647,2575.46386042647,1054708975.44934,246183.053747647,202105140540
125,27504,1963,22,16320,Benson,"",1202.81862745098,12028.1862745098,2584462015.08862,486262.181304732,202105140540
126,27505,595,9,7308,Broadway,"",814.176245210728,8141.76245210728,1509842573.20557,320128.840505679,202105140540
127,27507,164,2,2053,Bullock,"",798.830979055041,7988.30979055041,1354883649.98218,266873.357504053,202105140540
128,27508,307,1,2340,Bunn,"",1311.96581196581,13119.6581196581,312599782.273071,114289.902416244,202105140540
129,27509,1679,38,6935,Butner,"",2421.05263157895,24210.5263157895,507253453.414795,156294.942704551,202105140540
130,27510,836,8,14543,Carrboro,"",574.847005432167,5748.47005432167,88705554.5671387,57867.6032694508,202105140540
131,27511,2101,27,34041,Cary,"",617.196909609001,6171.96909609001,333520579.048462,98702.6527265331,202105140540
132,27513,2423,24,49003,Cary,"",494.459522886354,4944.59522886354,474399121.186279,162336.294574525,202105140540
133,27514,1687,24,32847,Chapel Hill,"",513.593326635614,5135.93326635614,579057212.663452,190879.985276748,202105140540
134,27516,2215,17,44117,Chapel Hill,"",502.074030419113,5020.74030419113,2564236091.9281,438904.079251583,202105140540
135,27517,1209,16,28831,Chapel Hill,"",419.340293434151,4193.40293434151,1520140847.99951,299162.993678501,202105140540
136,27518,1171,19,22765,Cary,"",514.38611904239,5143.8611904239,262665807.612671,130741.025823352,202105140540
137,27519,2671,9,59960,Cary,"",445.463642428286,4454.63642428286,609072010.422363,166930.324843009,202105140540
138,27520,4668,59,43958,Clayton,"",1061.92274443787,10619.2274443787,1962402119.35425,374945.851452289,202105140540
139,27521,717,9,7149,Coats,"",1002.93747377256,10029.3747377256,721041350.168091,174373.299688566,202105140540
140,27522,1149,7,13652,Creedmoor,"",841.634925285672,8416.34925285672,2172960809.67273,361578.814896966,202105140540
141,27523,766,1,12782,Apex,"",599.280237834455,5992.80237834455,1210964088.06177,294058.887697931,202105140540
142,27524,1461,17,13532,Four Oaks,"",1079.66302098729,10796.6302098729,3831785222.9375,530912.577014992,202105140540
143,27525,1573,3,15534,Franklinton,"",1012.61748422814,10126.1748422814,2660281050.9928,421324.476104612,202105140540
144,27526,4038,49,54027,Fuquay Varina,"",747.404075739908,7474.04075739908,2787678657.25134,460586.982042285,202105140540
145,27527,2689,9,30234,Clayton,"",889.396044188662,8893.96044188662,1261348608.45837,213730.175971786,202105140540
146,27529,5000,64,53854,Garner,"",928.436142162142,9284.36142162142,1666161335.17407,336033.618547781,202105140540
147,27530,3263,76,40212,Goldsboro,"",811.44931861136,8114.4931861136,2920081393.96802,465673.796837526,202105140540
148,27531,15,0,666,Goldsboro,"",225.225225225225,2252.25225225225,123956304.007813,71472.4653387502,202105140540
149,27534,2770,75,31819,Goldsboro,"",870.549043024608,8705.49043024608,1995982542.31616,394454.137280507,202105140540
150,27536,1884,47,16459,Henderson,"",1144.66249468376,11446.6249468376,359552678.037964,148817.062353839,202105140540
151,27537,2572,36,25321,Henderson,"",1015.75767149797,10157.5767149797,5545289733.50195,795404.906342346,202105140540
152,27539,1520,6,26567,Apex,"",572.138367147213,5721.38367147213,805959451.628174,335082.894750929,202105140540
153,27540,2695,7,39075,Holly Springs,"",689.699296225208,6896.99296225208,1299006108.57275,339054.617126205,202105140540
154,27541,306,1,4044,Hurdle Mills,"",756.676557863502,7566.76557863502,1979862536.66309,328579.598479954,202105140540
155,27542,879,13,10043,Kenly,"",875.236483122573,8752.36483122573,2499059670.1123,366253.348192187,202105140540
156,27544,414,4,4291,Kittrell,"",964.810067583314,9648.10067583314,1645813165.28467,322022.503716068,202105140540
157,27545,3272,38,30327,Knightdale,"",1078.90658489135,10789.0658489135,885541868.759766,219250.012614228,202105140540
158,27546,2199,74,22436,Lillington,"",980.121233731503,9801.21233731503,3433026188.83105,510775.88711738,202105140540
159,27549,2375,33,25224,Louisburg,"",941.563590231526,9415.63590231526,6636124442.18066,817297.028533166,202105140540
160,27551,124,3,2205,Macon,"",562.358276643991,5623.58276643991,2443966870.98499,402849.299843212,202105140540
161,27553,485,0,2030,Manson,"",2389.16256157635,23891.6256157635,1245206626.07959,217969.561788749,202105140540
162,27556,23,0,298,Middleburg,"",771.812080536913,7718.12080536913,67850312.0914307,63490.7222823736,202105140540
163,27557,814,5,9214,Middlesex,"",883.438246147167,8834.38246147167,2046463550.40088,338861.342265204,202105140540
164,27559,133,1,2874,Moncure,"",462.76965901183,4627.6965901183,1458825370.29968,366837.077035256,202105140540
165,27560,1883,12,33691,Morrisville,"",558.902971119884,5589.02971119884,794384947.373291,268297.11970144,202105140540
166,27562,252,0,2791,New Hill,"",902.90218559656,9029.0218559656,1862081556.93738,349507.762295745,202105140540
167,27563,382,6,5312,Norlina,"",719.126506024096,7191.26506024096,1943381370.69177,412640.540954252,202105140540
168,27565,2491,40,26057,Oxford,"",955.981118317535,9559.81118317534,9219811779.9552,826827.222809144,202105140540
169,27569,987,6,8984,Princeton,"",1098.61976847729,10986.1976847729,2107084820.73511,313917.550563748,202105140540
170,27571,749,1,7385,Rolesville,"",1014.21800947867,10142.1800947867,149121249.193359,94251.9264704589,202105140540
171,27572,431,3,7316,Rougemont,"",589.119737561509,5891.19737561509,3003228111.9873,397658.617230022,202105140540
172,27573,1169,52,11561,Roxboro,"",1011.15820430759,10111.5820430759,501787874.430542,219611.309648669,202105140540
173,27574,1110,10,15232,Roxboro,"",728.728991596639,7287.28991596639,5527133817.3114,691755.452465683,202105140540
174,27576,2036,22,20197,Selma,"",1008.07050552062,10080.7050552062,2407427117.65723,339571.106645256,202105140540
175,27577,3055,46,25214,Smithfield,"",1211.62846037915,12116.2846037915,2877290650.99841,416726.966278933,202105140540
176,27581,311,2,3956,Stem,"",786.147623862487,7861.47623862487,1038615853.81189,246789.101888964,202105140540
177,27583,591,6,7012,Timberlake,"",842.840844266971,8428.40844266971,1327957318.65857,326956.719649922,202105140540
178,27587,6640,49,74087,Wake Forest,"",896.243605490842,8962.43605490842,3132804734.81897,700749.84181148,202105140540
179,27589,705,7,8312,Warrenton,"",848.171318575553,8481.71318575553,4790731000.68542,626837.217934379,202105140540
180,27591,2463,25,23448,Wendell,"",1050.40941658137,10504.0941658137,1913446220.02844,380727.392057269,202105140540
181,27592,1424,7,17368,Willow Spring,"",819.898664210041,8198.98664210041,1090932847.86865,312475.180771683,202105140540
182,27596,1766,6,18655,Youngsville,"",946.663093004556,9466.63093004556,1519151285.28821,344366.073155402,202105140540
183,27597,2793,21,25494,Zebulon,"",1095.55189456343,10955.5189456343,3191967656.80884,568385.679042481,202105140540
184,27601,922,7,12139,Raleigh,"",759.535381827169,7595.35381827169,49970514.2080078,41226.7428180515,202105140540
185,27603,4824,36,55479,Raleigh,"",869.51819607419,8695.1819607419,1420350588.63403,346107.072534996,202105140540
186,27604,4433,46,47645,Raleigh,"",930.422919508868,9304.22919508868,550434833.049927,194088.121184431,202105140540
187,27605,628,18,5253,Raleigh,"",1195.50732914525,11955.0732914525,26954475.7900391,26465.2700663817,202105140540
188,27606,3498,11,47938,Raleigh,"",729.69251950436,7296.9251950436,750229681.939209,267151.497057326,202105140540
189,27607,2148,12,30296,Raleigh,"",709.004489041458,7090.04489041458,519162282.902344,200611.380547666,202105140540
190,27608,943,3,11603,Raleigh,"",812.720848056537,8127.20848056537,91889809.9622803,55583.7467967219,202105140540
191,27609,3189,27,38631,Raleigh,"",825.502834511144,8255.02834511144,310136046.756592,95880.163026763,202105140540
192,27610,8764,78,74203,Raleigh,"",1181.08432273628,11810.8432273628,1211166911.84558,327751.489063642,202105140540
193,27612,2926,38,39208,Raleigh,"",746.276270148949,7462.76270148949,428868509.332275,164483.082879678,202105140540
194,27613,2984,12,46521,Raleigh,"",641.430751703532,6414.30751703532,675406849.409912,184431.643996557,202105140540
195,27614,2608,21,37689,Raleigh,"",691.979092042771,6919.79092042771,829063194.918701,218912.319813944,202105140540
196,27615,3314,49,46038,Raleigh,"",719.840132064816,7198.40132064816,525952454.993774,134192.839940925,202105140540
197,27616,5723,29,55260,Raleigh,"",1035.64965617083,10356.4965617083,646426991.218628,201092.505637391,202105140540
198,27617,1482,4,19511,Raleigh,"",759.57152375583,7595.7152375583,230483847.672241,125016.743498849,202105140540
199,27701,2155,15,26489,Durham,"",813.545245196119,8135.45245196119,147212202.097778,89264.6755119976,202105140540
200,27703,5498,30,61351,Durham,"",896.154911900377,8961.54911900377,1376809528.09961,349864.156739061,202105140540
201,27704,4176,36,39369,Durham,"",1060.73306408596,10607.3306408596,1307759376.10449,279407.953507315,202105140540
202,27705,3477,75,48078,Durham,"",723.199800324473,7231.99800324473,1155101566.94189,288440.086812307,202105140540
203,27707,3526,17,47036,Durham,"",749.638574708734,7496.38574708734,551326002.510864,228660.826032165,202105140540
204,27708,285,0,4635,Durham,"",614.886731391586,6148.86731391586,24140532.868042,39624.2440738689,202105140540
205,27709,153,0,4,Durham,"",,,166810196.870483,93465.8554704913,202105140540
206,27710,7,0,0,Durham,"",,,3645590.83996582,9509.21127183631,202105140540
207,27712,1410,28,22055,Durham,"",639.310813874405,6393.10813874405,952678558.948486,239427.124284805,202105140540
208,27713,3329,27,53996,Durham,"",616.527150159271,6165.27150159271,1004016276.63342,186930.768828538,202105140540
209,27801,2102,25,21556,Rocky Mount,"",975.134533308592,9751.34533308592,1947625744.14368,298032.749540484,202105140540
210,27803,2130,26,22337,Rocky Mount,"",953.574786229127,9535.74786229127,1209689022.16736,314786.382274833,202105140540
211,27804,3309,85,29160,Rocky Mount,"",1134.77366255144,11347.7366255144,1207912397.80139,237805.719395058,202105140540
212,27805,232,2,3769,Aulander,"",615.547890687185,6155.47890687185,3260348789.01416,427031.578041759,202105140540
213,27806,163,3,2441,Aurora,"",667.759115116755,6677.59115116755,3806890944.80762,575449.481817415,202105140540
214,27807,912,11,6940,Bailey,"",1314.12103746398,13141.2103746398,1393278091.89233,266050.599193056,202105140540
215,27808,198,4,2481,Bath,"",798.065296251512,7980.65296251512,1375581489.5946,320371.987641635,202105140540
216,27809,520,9,5254,Battleboro,"",989.72211648268,9897.2211648268,2127311815.53979,418206.140952668,202105140540
217,27812,261,1,2951,Bethel,"",884.445950525246,8844.45950525246,1796512894.90283,307599.921723871,202105140540
218,27813,77,0,687,Black Creek,"",1120.81513828239,11208.1513828239,17954681.8726807,21851.3845296183,202105140540
219,27814,120,2,1801,Blounts Creek,"",666.296501943365,6662.96501943365,2084052221.88855,349050.345630614,202105140540
220,27816,271,3,2634,Castalia,"",1028.85345482156,10288.5345482156,1727056405.90051,269780.663460198,202105140540
221,27817,638,5,7777,Chocowinity,"",820.36775106082,8203.6775106082,3011254799.10022,441922.251479678,202105140540
222,27818,111,1,1269,Como,"",874.704491725768,8747.04491725768,1775223218.97412,291672.91933713,202105140540
223,27820,206,5,3292,Conway,"",625.759416767922,6257.59416767922,1787180209.86865,300570.413456991,202105140540
224,27822,970,14,9119,Elm City,"",1063.7131264393,10637.131264393,2421416079.34338,500329.938801193,202105140540
225,27823,804,9,7812,Enfield,"",1029.18586789555,10291.8586789555,5279947738.18738,591795.38238411,202105140540
226,27827,24,0,99,Falkland,"",2424.24242424242,24242.4242424242,6818760.54968262,12365.1347191574,202105140540
227,27828,867,8,9031,Farmville,"",960.026575130107,9600.26575130107,1954373169.79175,304535.643741104,202105140540
228,27829,190,1,1872,Fountain,"",1014.95726495727,10149.5726495727,1242859232.87109,276952.810668188,202105140540
229,27830,341,7,4858,Fremont,"",701.934952655414,7019.34952655414,1661392631.86707,301522.072838785,202105140540
230,27831,338,7,3588,Garysburg,"",942.028985507246,9420.28985507246,1733783751.73071,369102.732751728,202105140540
231,27832,329,7,2912,Gaston,"",1129.80769230769,11298.0769230769,1029571544.94922,217897.088475999,202105140540
232,27834,6301,35,57505,Greenville,"",1095.73080601687,10957.3080601687,5082356628.8689,890421.476518531,202105140540
233,27837,649,3,6506,Grimesland,"",997.540731632339,9975.40731632339,1710764546.60681,462288.004070908,202105140540
234,27839,267,4,3702,Halifax,"",721.231766612642,7212.31766612642,3728459644.54443,454921.143892168,202105140540
235,27840,55,3,535,Hamilton,"",1028.03738317757,10280.3738317757,127567387.286499,59155.8177418193,202105140540
236,27842,79,0,1436,Henrico,"",550.139275766017,5501.39275766017,414285932.678223,116849.514846702,202105140540
237,27843,124,1,946,Hobgood,"",1310.7822410148,13107.822410148,1458584246.23853,232329.162988765,202105140540
238,27844,287,7,3039,Hollister,"",944.389601842711,9443.89601842711,1251113401.94934,274076.283965929,202105140540
239,27845,202,12,2841,Jackson,"",711.017247448082,7110.17247448082,2842001076.66528,416912.567186113,202105140540
240,27846,298,3,3069,Jamesville,"",971.000325839036,9710.00325839036,3050744149.28796,442133.927899832,202105140540
241,27847,54,0,1071,Kelford,"",504.201680672269,5042.01680672269,1048559305.60547,265580.578438826,202105140540
242,27849,107,2,1483,Lewiston Woodville,"",721.510451786918,7215.10451786918,2062202839.65674,367759.436044123,202105140540
243,27850,469,6,7413,Littleton,"",632.672332389046,6326.72332389046,5554617534.52942,570792.398502674,202105140540
244,27851,543,6,5595,Lucama,"",970.509383378016,9705.09383378016,1253082833.57764,200836.347936783,202105140540
245,27852,257,3,3454,Macclesfield,"",744.064852345107,7440.64852345107,1418996205.83582,268041.951522527,202105140540
246,27853,34,1,436,Margarettsville,"",779.816513761468,7798.16513761468,1061331085.73535,233986.055045062,202105140540
247,27855,477,6,6105,Murfreesboro,"",781.326781326781,7813.26781326781,1379257056.24951,246550.621363096,202105140540
248,27856,2413,32,17301,Nashville,"",1394.71706837755,13947.1706837755,3696764195.94336,508647.139191863,202105140540
249,27857,127,5,1601,Oak City,"",793.254216114928,7932.54216114928,2180191629.70935,354763.313675516,202105140540
250,27858,6228,18,58170,Greenville,"",1070.65497679216,10706.5497679216,1683129152.90881,395293.630437,202105140540
251,27860,172,2,2062,Pantego,"",834.141610087294,8341.41610087294,4384086912.80859,475177.331131482,202105140540
252,27862,47,0,945,Pendleton,"",497.354497354497,4973.54497354497,1337735767.81812,305131.144563485,202105140540
253,27863,1007,19,12670,Pikeville,"",794.790844514601,7947.90844514601,1822358483.62146,414140.550515842,202105140540
254,27864,539,7,4823,Pinetops,"",1117.56168359942,11175.6168359942,1058515929.69434,223861.53375515,202105140540
255,27865,215,3,2003,Pinetown,"",1073.38991512731,10733.8991512731,3183419700.15735,407140.115990912,202105140540
256,27866,72,1,672,Pleasant Hill,"",1071.42857142857,10714.2857142857,548856343.547363,183824.668332886,202105140540
257,27869,277,17,2167,Rich Square,"",1278.2648823258,12782.648823258,2314340977.34839,283794.508144883,202105140540
258,27870,2948,60,26633,Roanoke Rapids,"",1106.89745804078,11068.9745804078,1958976214.39966,237465.130853914,202105140540
259,27871,386,6,4466,Robersonville,"",864.308105687416,8643.08105687416,2640265625.23401,370404.169208956,202105140540
260,27874,450,12,4766,Scotland Neck,"",944.187998321444,9441.87998321444,3988089594.78687,425091.541566969,202105140540
261,27876,115,4,1290,Seaboard,"",891.472868217054,8914.72868217054,1161065802.28784,286123.221519332,202105140540
262,27880,404,0,3280,Sims,"",1231.70731707317,12317.0731707317,661768421.449585,178936.521495753,202105140540
263,27882,903,11,7927,Spring Hope,"",1139.14469534502,11391.4469534502,2721376125.90833,404465.358087667,202105140540
264,27883,344,3,4361,Stantonsburg,"",788.809905984866,7888.09905984866,2149873597.18677,378850.12800901,202105140540
265,27884,170,1,1545,Stokes,"",1100.32362459547,11003.2362459547,1118165618.53992,178810.199825372,202105140540
266,27885,309,5,859,Swanquarter,"",3597.20605355064,35972.0605355064,3236637890.30994,778832.459471456,202105140540
267,27886,2244,71,21595,Tarboro,"",1039.12942810836,10391.2942810836,5534275751.92761,530150.851444626,202105140540
268,27888,272,0,2803,Walstonburg,"",970.388869068855,9703.88869068855,1661899290.0293,260588.447365408,202105140540
269,27889,2976,69,27543,Washington,"",1080.49232109792,10804.9232109792,4746901259.41052,624948.845007958,202105140540
270,27890,246,14,2398,Weldon,"",1025.85487906589,10258.5487906589,250295126.203369,88214.5142201125,202105140540
271,27891,509,8,5011,Whitakers,"",1015.76531630413,10157.6531630413,3802342458.24487,551887.618669609,202105140540
272,27892,1410,23,14363,Williamston,"",981.689062173641,9816.89062173641,4740161664.64209,528153.604658045,202105140540
273,27893,4855,112,40647,Wilson,"",1194.43009324181,11944.3009324181,3134674028.43115,441390.734015219,202105140540
274,27896,2392,33,21212,Wilson,"",1127.66358664907,11276.6358664907,1013992738.34033,260787.736893695,202105140540
275,27897,128,1,2467,Woodland,"",518.848804215647,5188.48804215646,1262848506.99878,250563.523857377,202105140540
276,27909,3270,80,40958,Elizabeth City,"",798.378827091167,7983.78827091167,6356628470.42627,720925.199090358,202105140540
277,27910,1221,49,11609,Ahoskie,"",1051.77017830993,10517.7017830993,3854004911.8667,558805.248838311,202105140540
278,27915,32,0,758,Avon,"",422.163588390501,4221.63588390501,132797325.68457,159985.858445685,202105140540
279,27916,51,0,554,Aydlett,"",920.57761732852,9205.7761732852,175446906.710938,88834.9392660151,202105140540
280,27917,116,6,1084,Barco,"",1070.11070110701,10701.1070110701,583346697.773926,150643.300800981,202105140540
281,27922,75,4,1107,Cofield,"",677.506775067751,6775.06775067751,1372106941.59424,230585.938382193,202105140540
282,27924,287,3,3509,Colerain,"",817.896836705614,8178.96836705614,2545571117.46045,325068.518729581,202105140540
283,27925,318,6,4164,Columbia,"",763.688760806916,7636.88760806916,9421043776.67224,822613.133571787,202105140540
284,27926,90,1,1965,Corapeake,"",458.015267175573,4580.15267175573,1084179276.0813,176947.978129327,202105140540
285,27927,27,0,613,Corolla,"",440.456769983687,4404.56769983687,685869287.21875,1266393.74615984,202105140540
286,27928,138,4,1888,Creswell,"",730.932203389831,7309.3220338983,3736346955.86023,344143.792077436,202105140540
287,27929,115,1,1949,Currituck,"",590.046177526937,5900.46177526937,352573124.774658,146317.944454099,202105140540
288,27932,1282,22,12644,Edenton,"",1013.91964568175,10139.1964568175,3509551689.6084,391797.495792958,202105140540
289,27935,107,3,1674,Eure,"",639.187574671446,6391.87574671446,1443577833.21069,213483.780281898,202105140540
290,27937,248,2,4253,Gates,"",583.117799200564,5831.17799200564,2407949124.70361,290137.740864669,202105140540
291,27938,124,7,1430,Gatesville,"",867.132867132867,8671.32867132867,1202645918.03784,229961.178585235,202105140540
292,27942,56,1,936,Harrellsville,"",598.290598290598,5982.90598290598,927451831.666504,150762.800286803,202105140540
293,27944,893,9,12230,Hertford,"",730.17170891251,7301.7170891251,5013940953.42065,828274.577378666,202105140540
294,27946,78,0,1089,Hobbsville,"",716.253443526171,7162.53443526171,1234977495.96777,250163.996071758,202105140540
295,27948,725,1,12518,Kill Devil Hills,"",579.16600095862,5791.6600095862,288939959.776123,266090.270790261,202105140540
296,27949,384,3,7235,Kitty Hawk,"",530.753282653766,5307.53282653766,426732703.740967,296487.581606319,202105140540
297,27950,58,0,2183,Knotts Island,"",265.689418231791,2656.89418231791,1009906812.90234,393684.159837613,202105140540
298,27957,100,6,1419,Merry Hill,"",704.721634954193,7047.21634954193,1345289022.66797,219570.3989813,202105140540
299,27958,728,7,12061,Moyock,"",603.598374927452,6035.98374927452,2191273226.67993,258895.732965411,202105140540
300,27959,199,1,2451,Nags Head,"",811.913504691962,8119.13504691963,464337538.219238,468359.824712585,202105140540
301,27962,658,20,7439,Plymouth,"",884.527490254066,8845.27490254066,2248894843.11377,323982.422404071,202105140540
302,27966,48,0,1473,Powells Point,"",325.865580448065,3258.65580448065,310362212.773438,140593.315765635,202105140540
303,27968,15,0,413,Rodanthe,"",363.19612590799,3631.9612590799,255307311.38855,376970.397727617,202105140540
304,27970,277,7,3214,Roper,"",861.854387056627,8618.54387056627,3979984913.95898,386215.845703473,202105140540
305,27976,239,1,3561,South Mills,"",671.159786576804,6711.59786576804,2739484648.62012,348819.066033239,202105140540
306,27979,90,0,1813,Sunbury,"",496.414782129068,4964.14782129068,2196378526.26221,272849.595585558,202105140540
307,27982,5,0,0,Waves,"",,,5381164.09509277,11228.317119066,202105140540
308,27983,952,27,10633,Windsor,"",895.325872284398,8953.25872284398,9431469996.22351,861662.756904591,202105140540
309,27986,169,3,2650,Winton,"",637.735849056604,6377.35849056604,374234308.870117,153016.850399202,202105140540
310,28001,3333,94,28360,Albemarle,"",1175.24682651622,11752.4682651622,3791255242.38873,479491.354130006,202105140540
311,28006,131,1,1136,Alexis,"",1153.16901408451,11531.6901408451,126883649.701416,88485.0702727942,202105140540
312,28012,2831,26,24276,Belmont,"",1166.17235129346,11661.7235129346,865729022.118042,170607.841876971,202105140540
313,28016,1521,24,14526,Bessemer City,"",1047.08798017348,10470.8798017348,1271825919.55414,236943.686135101,202105140540
314,28018,577,19,5943,Bostic,"",970.890122833586,9708.90122833586,2694770404.83051,433562.153950885,202105140540
315,28020,241,1,2464,Casar,"",978.084415584416,9780.84415584416,1475633951.64899,260515.821792163,202105140540
316,28021,1454,34,13436,Cherryville,"",1082.16731169991,10821.6731169991,1626380587.60425,391038.422631114,202105140540
317,28023,1693,17,14843,China Grove,"",1140.60499898942,11406.0499898942,1273875684.14087,277795.952246167,202105140540
318,28025,5916,78,55325,Concord,"",1069.31766832354,10693.1766832354,2992149162.05573,466210.81613651,202105140540
319,28027,7328,76,74072,Concord,"",989.307700615617,9893.07700615617,1903468707.60345,332965.289746403,202105140540
320,28031,2858,25,31049,Cornelius,"",920.480530773938,9204.80530773938,672168572.25116,151594.592125485,202105140540
321,28032,384,1,3249,Cramerton,"",1181.90212373038,11819.0212373038,59161626.1264038,51515.5503878613,202105140540
322,28033,410,4,3362,Crouse,"",1219.51219512195,12195.1219512195,509703222.739563,189532.085619349,202105140540
323,28034,2456,32,17859,Dallas,"",1375.21697743435,13752.1697743435,1273410668.68243,215322.291269956,202105140540
324,28036,1676,15,18554,Davidson,"",903.309259458877,9033.09259458877,669928559.48645,197029.793668161,202105140540
325,28037,2652,8,23834,Denver,"",1112.69614835949,11126.9614835949,1521729514.62848,312689.389421741,202105140540
326,28039,48,4,428,East Spencer,"",1121.4953271028,11214.953271028,13759835.5942383,34526.6128305972,202105140540
327,28040,741,10,8270,Ellenboro,"",896.009673518742,8960.09673518742,1773879551.02985,348064.117544275,202105140540
328,28043,2468,78,21472,Forest City,"",1149.40387481371,11494.0387481371,1816346053.52002,348394.442075552,202105140540
329,28052,4244,84,36823,Gastonia,"",1152.54053173288,11525.4053173288,1165429048.27631,189783.469072903,202105140540
330,28054,4599,81,40184,Gastonia,"",1144.48536731037,11444.8536731037,562652947.772949,139549.083675328,202105140540
331,28056,4087,44,35595,Gastonia,"",1148.19497120382,11481.9497120382,1342394953.02258,344787.60681341,202105140540
332,28071,332,4,3198,Gold Hill,"",1038.14884302689,10381.4884302689,1345839018.92865,236923.074375116,202105140540
333,28073,562,10,5606,Grover,"",1002.4973242954,10024.973242954,702973243.533203,143952.911566798,202105140540
334,28075,1924,15,19174,Harrisburg,"",1003.44216126004,10034.4216126004,656107496.741638,238150.023406484,202105140540
335,28078,5962,50,66079,Huntersville,"",902.253363398356,9022.53363398356,1870251820.14679,316647.648839996,202105140540
336,28079,4018,30,39813,Indian Trail,"",1009.21809459222,10092.1809459222,1221176124.08392,283660.370334182,202105140540
337,28080,834,6,8157,Iron Station,"",1022.43471864656,10224.3471864656,1095921164.38501,240845.709042299,202105140540
338,28081,2953,39,28249,Kannapolis,"",1045.34673793763,10453.4673793763,862858421.935425,200259.108957382,202105140540
339,28083,2776,41,25877,Kannapolis,"",1072.76732233257,10727.6732233257,582493569.448059,145983.725103448,202105140540
340,28086,3293,67,26988,Kings Mountain,"",1220.17192826441,12201.7192826441,2467878462.36133,329807.139806484,202105140540
341,28088,427,1,3059,Landis,"",1395.88100686499,13958.8100686499,72787169.9580688,52885.3256566675,202105140540
342,28090,731,14,8506,Lawndale,"",859.393369386316,8593.93369386316,2661358061.4715,458218.963524002,202105140540
343,28091,199,1,2353,Lilesville,"",845.728856778581,8457.2885677858,2694411423.45477,313074.926269122,202105140540
344,28092,4775,53,40052,Lincolnton,"",1192.20013981824,11922.0013981824,3216596915.74634,535483.341451103,202105140540
345,28097,814,3,6124,Locust,"",1329.19660352711,13291.9660352711,836579136.406799,181830.474266294,202105140540
346,28098,416,2,4010,Lowell,"",1037.40648379052,10374.0648379052,99103128.4535522,49283.194148661,202105140540
347,28103,1244,24,11346,Marshville,"",1096.42164639521,10964.2164639521,4253866560.83563,449440.107851782,202105140540
348,28104,2846,10,32469,Matthews,"",876.528380917183,8765.28380917183,824578845.587585,325979.692599077,202105140540
349,28105,3850,71,45346,Matthews,"",849.027477616548,8490.27477616548,668165195.784729,278013.840820393,202105140540
350,28107,966,8,8210,Midland,"",1176.61388550548,11766.1388550548,1388640520.38739,250943.513182056,202105140540
351,28110,6361,69,55536,Monroe,"",1145.38317487756,11453.8317487756,3676478383.48267,422255.233862207,202105140540
352,28112,3193,48,28060,Monroe,"",1137.91874554526,11379.1874554526,3713382117.46545,318461.97727687,202105140540
353,28114,779,6,9034,Mooresboro,"",862.297985388532,8622.97985388532,1900066101.23077,346437.871140422,202105140540
354,28115,3921,29,41536,Mooresville,"",944.000385208012,9440.00385208012,2057262512.61176,327151.756863337,202105140540
355,28117,4555,20,47608,Mooresville,"",956.771971097295,9567.71971097295,1555969690.69189,234425.757349855,202105140540
356,28119,292,8,3034,Morven,"",962.425840474621,9624.25840474621,1970357677.74512,298425.648226889,202105140540
357,28120,2612,40,24318,Mount Holly,"",1074.10148860926,10741.0148860926,1001654680.08618,272689.093586748,202105140540
358,28124,673,9,7015,Mount Pleasant,"",959.372772630078,9593.72772630078,1620148303.23315,301866.136666845,202105140540
359,28125,279,1,2657,Mount Ulla,"",1050.0564546481,10500.564546481,1169162879.13867,198953.955252748,202105140540
360,28127,1126,10,7631,New London,"",1475.56021491286,14755.6021491286,2159940152.89789,468250.659328753,202105140540
361,28128,800,9,8098,Norwood,"",987.898246480613,9878.98246480613,2054286113.35083,282114.674844027,202105140540
362,28129,653,9,6031,Oakboro,"",1082.73918089869,10827.3918089869,1226619926.53345,219035.034364981,202105140540
363,28133,277,4,2713,Peachland,"",1021.00995208257,10210.0995208257,2384968915.9574,421295.337069002,202105140540
364,28134,1306,20,11817,Pineville,"",1105.18744182111,11051.8744182111,248618254.324951,88085.4538299007,202105140540
365,28135,532,6,5968,Polkton,"",891.42091152815,8914.2091152815,2916374106.84241,475980.429437206,202105140540
366,28137,333,4,3843,Richfield,"",866.510538641686,8665.10538641686,1223676252.05975,291589.496037827,202105140540
367,28138,1173,19,11659,Rockwell,"",1006.08971609915,10060.8971609915,1278406256.12445,357387.534646104,202105140540
368,28139,2134,79,20134,Rutherfordton,"",1059.89867885169,10598.9867885169,5078697342.95056,674832.691106946,202105140540
369,28144,2971,67,25846,Salisbury,"",1149.50088988625,11495.0088988625,867982991.287292,279505.654446658,202105140540
370,28146,3283,53,30382,Salisbury,"",1080.57402409321,10805.7402409321,3012969418.7887,452196.720325258,202105140540
371,28147,3466,81,26204,Salisbury,"",1322.69882460693,13226.9882460693,2146390330.37,312495.471896358,202105140540
372,28150,3332,88,29296,Shelby,"",1137.35663571819,11373.5663571819,3159764942.52783,579453.815714684,202105140540
373,28152,2764,41,26078,Shelby,"",1059.89723138277,10598.9723138277,2247420971.2251,304211.560780765,202105140540
374,28159,416,16,3126,Spencer,"",1330.77415227127,13307.7415227127,51886096.1330566,42602.5220628392,202105140540
375,28160,531,11,4015,Spindale,"",1322.5404732254,13225.404732254,170326604.450989,70799.3749654705,202105140540
376,28163,560,3,5814,Stanfield,"",963.192294461644,9631.92294461644,970276414.142883,191731.821086023,202105140540
377,28164,1659,41,15447,Stanley,"",1073.99495047582,10739.9495047582,1144736813.58362,324856.854746788,202105140540
378,28166,1039,19,9868,Troutman,"",1052.8982569923,10528.982569923,911716953.816406,217041.310552798,202105140540
379,28167,223,3,2418,Union Mills,"",922.249793217535,9222.49793217535,1934997992.23633,347927.953502144,202105140540
380,28168,1221,14,10437,Vale,"",1169.87640126473,11698.7640126473,2469130589.68384,340004.345415379,202105140540
381,28170,1234,35,12494,Wadesboro,"",987.674083560109,9876.74083560109,5053183842.2157,655726.472285971,202105140540
382,28173,5613,30,63837,Waxhaw,"",879.270642417407,8792.70642417407,3045162637.21796,318858.064536165,202105140540
383,28174,1212,6,9287,Wingate,"",1305.05006999031,13050.5006999031,985461754.807983,246986.820118662,202105140540
384,28202,2039,1,16755,Charlotte,"",1216.95016413011,12169.5016413011,50452583.9099121,34485.9053855683,202105140540
385,28203,2358,6,19070,Charlotte,"",1236.49711588883,12364.9711588883,91001089.479126,54761.2733662689,202105140540
386,28204,1092,6,8738,Charlotte,"",1249.71389333944,12497.1389333944,48899100.5548096,40761.7265321132,202105140540
387,28205,5010,63,51821,Charlotte,"",966.789525481948,9667.89525481948,335820474.82135,104910.810677792,202105140540
388,28206,1656,9,15244,Charlotte,"",1086.3290474941,10863.290474941,182577260.697876,71458.050216539,202105140540
389,28207,854,5,9761,Charlotte,"",874.910357545333,8749.10357545334,68333859.7921753,36157.3958026361,202105140540
390,28208,4569,44,39944,Charlotte,"",1143.85139194873,11438.5139194873,595973347.5495,157267.598078636,202105140540
391,28209,2355,13,26012,Charlotte,"",905.351376287867,9053.51376287867,157335764.525879,72359.4847682198,202105140540
392,28210,4370,36,44704,Charlotte,"",977.541159627774,9775.41159627774,342547124.476257,112745.958411282,202105140540
393,28211,2594,67,31253,Charlotte,"",830.000319969283,8300.00319969283,292827786.05603,102838.759144167,202105140540
394,28212,4787,33,42744,Charlotte,"",1119.92326408385,11199.2326408385,237710291.866211,96077.3791004252,202105140540
395,28213,5365,45,45338,Charlotte,"",1183.33406855177,11833.3406855177,412614569.613403,162252.089416931,202105140540
396,28214,5136,32,41208,Charlotte,"",1246.35993011066,12463.5993011066,965554836.030151,224926.880987091,202105140540
397,28215,7058,62,60256,Charlotte,"",1171.3356346256,11713.356346256,782010510.903748,222976.412140327,202105140540
398,28216,6261,57,58744,Charlotte,"",1065.81097644015,10658.1097644015,857978895.941772,184761.316525275,202105140540
399,28217,3413,19,30875,Charlotte,"",1105.42510121457,11054.2510121457,428067925.271423,132462.900799897,202105140540
400,28226,3255,34,40227,Charlotte,"",809.158028190022,8091.58028190022,430471271.22644,131097.087702525,202105140540
401,28227,6180,53,57319,Charlotte,"",1078.1765208744,10781.765208744,1173416755.00244,297066.255269002,202105140540
402,28262,4544,41,43683,Charlotte,"",1040.22159650207,10402.2159650207,593648477.600464,159979.41236041,202105140540
403,28269,7762,52,81464,Charlotte,"",952.813512717274,9528.13512717274,840640266.840637,192155.045229048,202105140540
404,28270,2438,27,34753,Charlotte,"",701.522170747849,7015.22170747849,345778417.622314,161555.486865571,202105140540
405,28273,4687,36,40544,Charlotte,"",1156.02801894238,11560.2801894238,614626385.142517,192801.276498243,202105140540
406,28277,5429,24,72020,Charlotte,"",753.818383782283,7538.18383782283,675381884.726379,144850.675101077,202105140540
407,28278,3150,16,32539,Charlotte,"",968.069086327177,9680.69086327177,902762098.137573,246465.469761239,202105140540
408,28301,1695,60,17717,Fayetteville,"",956.708246317097,9567.08246317097,348717238.9104,130217.445212828,202105140540
409,28303,2501,30,34600,Fayetteville,"",722.832369942196,7228.32369942197,540160738.043701,179304.154504403,202105140540
410,28304,2898,28,39651,Fayetteville,"",730.876900960884,7308.76900960884,491742944.185852,186465.416198877,202105140540
411,28305,449,5,5010,Fayetteville,"",896.207584830339,8962.07584830339,69895111.336731,49443.8950343603,202105140540
412,28306,3662,32,42565,Fayetteville,"",860.331258075884,8603.31258075884,2090603260.31519,562860.488861907,202105140540
413,28307,1045,0,15486,Fort Bragg,"",674.803047914245,6748.03047914245,174879596.356018,92732.9092032322,202105140540
414,28310,1116,0,8861,Fort Bragg,"",1259.45152917278,12594.5152917278,506286340.902344,200733.090413706,202105140540
415,28311,2849,22,36046,Fayetteville,"",790.3789602175,7903.789602175,1336136656.04889,240844.864072535,202105140540
416,28312,1722,36,18419,Fayetteville,"",934.904175036647,9349.04175036647,4341373681.0871,556260.336471475,202105140540
417,28314,4683,32,53642,Fayetteville,"",873.009954886097,8730.09954886097,816473670.87677,185615.29020179,202105140540
418,28315,1271,18,13329,Aberdeen,"",953.559906969765,9535.59906969765,2049308469.85626,494397.056686911,202105140540
419,28318,468,4,4579,Autryville,"",1022.05721773313,10220.5721773313,2217851356.83313,372935.466158955,202105140540
420,28320,807,8,9381,Bladenboro,"",860.249440358171,8602.49440358171,3248490168.58801,381864.201698899,202105140540
421,28323,369,1,4578,Bunnlevel,"",806.028833551769,8060.28833551769,1112191308.33496,301931.807656215,202105140540
422,28326,1698,7,22382,Cameron,"",758.645340005362,7586.45340005362,3242119864.63824,488036.1730633,202105140540
423,28327,1653,29,18273,Carthage,"",904.613363979642,9046.13363979642,5396542091.08795,586939.342565835,202105140540
424,28328,3450,56,26951,Clinton,"",1280.10092389893,12801.0092389893,6810728499.67102,657248.933701038,202105140540
425,28333,1138,24,10709,Dudley,"",1062.65757773835,10626.5757773835,1249687746.85376,213915.020571421,202105140540
426,28334,3194,53,26215,Dunn,"",1218.38641998856,12183.8641998856,4497238669.98419,544402.158241248,202105140540
427,28337,1096,20,11927,Elizabethtown,"",918.923450993544,9189.23450993544,5069041872.41577,577770.225904475,202105140540
428,28338,394,5,4804,Ellerbe,"",820.14987510408,8201.4987510408,3935542448.08881,492508.044174153,202105140540
429,28339,766,10,7226,Erwin,"",1060.06089122613,10600.6089122613,1064553458.41333,310656.999787592,202105140540
430,28340,1233,27,10738,Fairmont,"",1148.25852113988,11482.5852113988,3757196814.59872,450516.228420329,202105140540
431,28341,489,4,5080,Faison,"",962.59842519685,9625.9842519685,2787115249.34564,421094.619116887,202105140540
432,28343,166,5,1567,Gibson,"",1059.34907466497,10593.4907466497,458723474.164063,106909.663733147,202105140540
433,28344,400,6,3814,Godwin,"",1048.7676979549,10487.676979549,1128755315.22852,269142.265002464,202105140540
434,28345,1326,26,12656,Hamlet,"",1047.72439949431,10477.2439949431,2126402412.95966,332606.523883072,202105140540
435,28347,207,0,1826,Hoffman,"",1133.62541073384,11336.2541073384,747268691.675964,194334.44204749,202105140540
436,28348,3374,29,36052,Hope Mills,"",935.870409408632,9358.70409408632,1166315651.14276,329846.853315969,202105140540
437,28349,424,15,3955,Kenansville,"",1072.06068268015,10720.6068268015,1959246504.78113,326624.538750416,202105140540
438,28350,31,0,70,Lakeview,"",4428.57142857143,44285.7142857143,7876659.25891113,11657.1581787366,202105140540
439,28351,450,1,5269,Laurel Hill,"",854.052002277472,8540.52002277472,1788599136.13666,386362.394376361,202105140540
440,28352,2759,69,25298,Laurinburg,"",1090.60004743458,10906.0004743458,3264782876.16284,438869.872406896,202105140540
441,28356,453,5,4914,Linden,"",921.855921855922,9218.55921855922,1497885580.84283,286294.988335977,202105140540
442,28357,252,4,3224,Lumber Bridge,"",781.637717121588,7816.37717121588,998095899.747498,200973.924425577,202105140540
443,28358,4669,84,38517,Lumberton,"",1212.19201910845,12121.9201910845,5499536726.32037,504386.804277589,202105140540
444,28360,1887,22,14944,Lumberton,"",1262.71413276231,12627.1413276231,1985862696.58282,363920.117329658,202105140540
445,28363,123,1,1079,Marston,"",1139.94439295644,11399.4439295644,1736455559.11224,383927.716730152,202105140540
446,28364,1687,18,15170,Maxton,"",1112.06328279499,11120.6328279499,3845135736.01221,464303.223304611,202105140540
447,28365,1707,45,17063,Mount Olive,"",1000.41024438844,10004.1024438844,5449867058.99634,617077.136427741,202105140540
448,28366,659,10,5153,Newton Grove,"",1278.86667960411,12788.6667960411,2293381130.24042,414618.719505341,202105140540
449,28369,247,5,2241,Orrum,"",1102.18652387327,11021.8652387327,1800121585.61136,401393.305842191,202105140540
450,28371,633,6,7085,Parkton,"",893.436838390967,8934.36838390967,1005950088.08063,229991.086519014,202105140540
451,28372,1937,18,15254,Pembroke,"",1269.83086403566,12698.3086403566,1147770145.91595,255857.280522167,202105140540
452,28373,216,1,2552,Pinebluff,"",846.394984326019,8463.94984326019,460329066.992676,140223.621385681,202105140540
453,28374,1361,47,18171,Pinehurst,"",748.995652413186,7489.95652413186,609888351.153748,186776.563275303,202105140540
454,28376,3890,46,43831,Raeford,"",887.499714813716,8874.99714813716,8255601209.37079,618028.253174215,202105140540
455,28377,1522,26,13036,Red Springs,"",1167.5360540043,11675.360540043,2872865768.25568,446034.002241504,202105140540
456,28379,2603,62,25804,Rockingham,"",1008.75833204154,10087.5833204154,4156662320.34821,486165.084209016,202105140540
457,28382,705,13,8006,Roseboro,"",880.589557831626,8805.89557831626,3525739741.42773,652666.741452106,202105140540
458,28383,899,8,7713,Rowland,"",1165.56463114223,11655.6463114223,2904453853.97415,460017.981876533,202105140540
459,28384,1482,16,12414,Saint Pauls,"",1193.81343644273,11938.1343644273,2850567240.80182,480450.415018018,202105140540
460,28385,365,2,3005,Salemburg,"",1214.64226289517,12146.4226289517,1040463355.97156,321938.125650219,202105140540
461,28386,846,9,6068,Shannon,"",1394.19907712591,13941.9907712591,1134602512.8537,354913.796549299,202105140540
462,28387,1384,55,17139,Southern Pines,"",807.515024213781,8075.15024213781,810260751.658813,181010.127281146,202105140540
463,28390,1654,13,23494,Spring Lake,"",704.009534349196,7040.09534349195,1630867413.08136,287302.836124697,202105140540
464,28391,438,6,5326,Stedman,"",822.38077356365,8223.8077356365,1084470955.12604,202263.555324582,202105140540
465,28392,164,1,1554,Tar Heel,"",1055.34105534106,10553.4105534106,925384379.987671,187529.786563955,202105140540
466,28393,252,5,2160,Turkey,"",1166.66666666667,11666.6666666667,1437383838.7915,233550.655699493,202105140540
467,28394,472,4,6094,Vass,"",774.532326878897,7745.32326878897,1215312777.16113,300186.221923817,202105140540
468,28395,239,1,2657,Wade,"",899.510726383139,8995.10726383139,1382105528.22943,246616.208913961,202105140540
469,28396,214,8,2679,Wagram,"",798.805524449421,7988.05524449422,1631714382.90094,330475.243709585,202105140540
470,28398,916,24,7672,Warsaw,"",1193.95203336809,11939.5203336809,2739435952.33466,345606.723026117,202105140540
471,28399,178,2,1934,White Oak,"",920.372285418821,9203.72285418821,2338498223.40869,308489.981388208,202105140540
472,28401,2009,47,24213,Wilmington,"",829.719572130674,8297.19572130674,925590291.269562,302995.405207511,202105140540
473,28403,3714,17,41945,Wilmington,"",885.445225891048,8854.45225891048,403456249.54361,135103.298695973,202105140540
474,28405,2795,25,33719,Wilmington,"",828.909516889587,8289.09516889587,694443662.189972,212896.044608315,202105140540
475,28409,2566,15,34974,Wilmington,"",733.687882426946,7336.87882426946,678530052.059952,626246.018361276,202105140540
476,28411,3072,23,38820,Wilmington,"",791.344667697063,7913.44667697063,1477023573.08954,591854.549770877,202105140540
477,28412,3153,34,42977,Wilmington,"",733.648230448845,7336.48230448845,635947452.301941,245813.217862995,202105140540
478,28420,376,12,5116,Ash,"",734.94917904613,7349.4917904613,4030119174.4476,622951.504256467,202105140540
479,28421,133,4,2040,Atkinson,"",651.960784313726,6519.60784313726,1701084244.28595,246250.995159075,202105140540
480,28422,472,9,8682,Bolivia,"",543.653536051601,5436.53536051601,2520456183.00197,406510.949073508,202105140540
481,28423,209,2,2285,Bolton,"",914.660831509847,9146.60831509847,4327886518.67657,560706.23791653,202105140540
482,28425,1293,22,12625,Burgaw,"",1024.15841584158,10241.5841584158,4872852970.19843,522799.098840263,202105140540
483,28428,558,1,7142,Carolina Beach,"",781.29375525063,7812.9375525063,153392950.326767,131890.839899376,202105140540
484,28429,724,3,8542,Castle Hayne,"",847.576679934442,8475.76679934442,1146009267.92944,244578.64538817,202105140540
485,28430,210,3,2055,Cerro Gordo,"",1021.89781021898,10218.9781021898,1294763521.80133,235369.368885516,202105140540
486,28431,742,22,6741,Chadbourn,"",1100.72689511942,11007.2689511942,2019287633.59152,414968.282140326,202105140540
487,28432,235,3,1684,Clarendon,"",1395.48693586698,13954.8693586698,913029717.719559,381140.327621417,202105140540
488,28433,421,5,5297,Clarkton,"",794.789503492543,7947.89503492543,3257754219.81824,497145.128049416,202105140540
489,28434,88,2,1357,Council,"",648.489314664702,6484.89314664701,2209417286.23001,262045.947095385,202105140540
490,28435,248,5,2931,Currie,"",846.127601501194,8461.27601501194,2746865502.37314,418800.327512466,202105140540
491,28436,211,2,2312,Delco,"",912.629757785467,9126.29757785467,1250613651.60083,304067.898737589,202105140540
492,28438,160,3,1688,Evergreen,"",947.867298578199,9478.67298578199,1324758692.31961,354385.951020837,202105140540
493,28439,140,7,1536,Fair Bluff,"",911.458333333333,9114.58333333333,667490225.496307,213264.007900786,202105140540
494,28441,343,4,3328,Garland,"",1030.64903846154,10306.4903846154,3774857745.4223,555550.533903292,202105140540
495,28442,157,3,1734,Hallsboro,"",905.420991926182,9054.20991926182,1395074837.14975,336354.405393145,202105140540
496,28443,1953,20,22483,Hampstead,"",868.656318107014,8686.56318107014,4337834719.99771,560208.032392264,202105140540
497,28444,237,0,2278,Harrells,"",1040.38630377524,10403.8630377524,3251010335.70935,548979.732892781,202105140540
498,28445,713,12,8142,Holly Ridge,"",875.706214689265,8757.06214689265,2835470197.40424,676482.174744674,202105140540
499,28447,145,0,1334,Ivanhoe,"",1086.95652173913,10869.5652173913,2755654733.91089,442226.920323366,202105140540
500,28448,64,1,1216,Kelly,"",526.315789473684,5263.15789473684,2360585218.26868,400674.523076971,202105140540
501,28449,88,0,1958,Kure Beach,"",449.438202247191,4494.38202247191,112229003.875305,80695.004584803,202105140540
502,28450,213,8,2397,Lake Waccamaw,"",888.610763454318,8886.10763454318,1482484363.39343,277199.450521116,202105140540
503,28451,2749,22,39194,Leland,"",701.382864724192,7013.82864724193,5322314275.71591,771852.448618023,202105140540
504,28452,70,2,513,Longwood,"",1364.522417154,13645.22417154,201031402.998276,76626.878203892,202105140540
505,28453,546,7,4137,Magnolia,"",1319.79695431472,13197.9695431472,2286467269.94287,428957.863476439,202105140540
506,28454,266,2,3549,Maple Hill,"",749.506903353057,7495.06903353057,3064407818.25446,319144.850869927,202105140540
507,28455,191,3,1718,Nakina,"",1111.75785797439,11117.5785797439,1802269564.75485,339624.478895421,202105140540
508,28456,356,5,3566,Riegelwood,"",998.317442512619,9983.17442512619,1872158645.14374,368901.622022321,202105140540
509,28457,987,11,12840,Rocky Point,"",768.691588785047,7686.91588785047,3397895880.78387,551931.996451502,202105140540
510,28458,678,12,7018,Rose Hill,"",966.087204331718,9660.87204331718,3025757032.09851,549753.327973728,202105140540
511,28460,1014,2,10588,Sneads Ferry,"",957.68794862108,9576.8794862108,868820245.916626,505270.66774661,202105140540
512,28461,985,7,20575,Southport,"",478.736330498177,4787.36330498177,2976816159.44659,699193.3729383,202105140540
513,28462,810,14,14309,Supply,"",566.077294010762,5660.77294010762,3173815797.17624,578042.071238933,202105140540
514,28463,1499,35,9865,Tabor City,"",1519.51343132286,15195.1343132286,3441446535.6745,489113.866817469,202105140540
515,28464,274,4,2491,Teachey,"",1099.95985547973,10999.5985547973,651873569.02948,216752.818849917,202105140540
516,28465,403,6,8285,Oak Island,"",486.421243210622,4864.21243210622,278142792.540329,260764.452809295,202105140540
517,28466,1072,31,10375,Wallace,"",1033.25301204819,10332.5301204819,4134830722.40503,646652.750223625,202105140540
518,28467,878,17,11393,Calabash,"",770.648643904152,7706.48643904152,478052225.035095,182374.085490172,202105140540
519,28468,310,3,5394,Sunset Beach,"",574.712643678161,5747.12643678161,561581539.026329,281339.504069841,202105140540
520,28469,570,10,7481,Ocean Isle Beach,"",761.930223232188,7619.30223232188,718539224.77166,397460.188245044,202105140540
521,28470,973,38,13446,Shallotte,"",723.635281868214,7236.35281868214,1182514664.27979,362760.617388835,202105140540
522,28472,2016,53,20002,Whiteville,"",1007.89921007899,10078.9921007899,5336860792.21823,836470.753006454,202105140540
523,28478,408,4,4976,Willard,"",819.935691318328,8199.35691318328,3641064446.79327,420805.470689162,202105140540
524,28479,476,9,4874,Winnabow,"",976.610586787033,9766.10586787033,2117768058.25922,493774.783138492,202105140540
525,28480,317,0,2737,Wrightsville Beach,"",1158.20241139934,11582.0241139934,105606171.513519,198146.556810674,202105140540
526,28501,1625,37,19507,Kinston,"",833.034295381145,8330.34295381145,2991635337.302,625626.15035165,202105140540
527,28504,2293,41,21016,Kinston,"",1091.07346783403,10910.7346783403,3402165916.96191,527051.926248194,202105140540
528,28508,275,6,2984,Albertson,"",921.581769436997,9215.81769436997,979966062.858154,216402.11543394,202105140540
529,28510,81,0,1543,Arapahoe,"",524.951393389501,5249.51393389501,492605022.366577,160146.449017413,202105140540
530,28511,26,0,628,Atlantic,"",414.012738853503,4140.12738853503,664520864.566406,632922.312503468,202105140540
531,28512,233,5,3689,Atlantic Beach,"",631.607481702358,6316.07481702358,159414908.561523,282548.210087653,202105140540
532,28513,998,3,10825,Ayden,"",921.939953810623,9219.39953810623,2611479123.85803,477095.460669019,202105140540
533,28515,332,2,3463,Bayboro,"",958.706323996535,9587.06323996535,1758589825.68518,437586.784820445,202105140540
534,28516,813,7,12482,Beaufort,"",651.337926614325,6513.37926614325,3384236686.76337,1001596.71803034,202105140540
535,28518,832,11,8803,Beulaville,"",945.132341247302,9451.32341247302,2702594658.36359,473932.945095065,202105140540
536,28521,217,9,2259,Chinquapin,"",960.602036299248,9606.02036299247,984336924.154663,232445.955683395,202105140540
537,28523,210,3,2274,Cove City,"",923.482849604222,9234.82849604222,2247611957.06177,297516.586083844,202105140540
538,28525,302,4,3309,Deep Run,"",912.662435781203,9126.62435781203,1368793733.10339,260376.07892082,202105140540
539,28526,185,5,2384,Dover,"",776.006711409396,7760.06711409396,2062614072.29626,437910.466683838,202105140540
540,28529,298,4,2539,Grantsboro,"",1173.69042930288,11736.9042930288,2523317524.60889,412017.089612736,202105140540
541,28530,704,9,7474,Grifton,"",941.932031040942,9419.32031040942,1906098626.48975,426610.065184872,202105140540
542,28531,103,2,1414,Harkers Island,"",728.429985855728,7284.29985855729,96666650.4205933,159397.370996394,202105140540
543,28532,1505,6,25868,Havelock,"",581.799907221277,5817.99907221277,5072028576.29651,874966.498361209,202105140540
544,28538,360,3,3342,Hookerton,"",1077.19928186715,10771.9928186715,837514346.679443,167225.326393657,202105140540
545,28539,1220,12,18000,Hubert,"",677.777777777778,6777.77777777778,2158531628.89203,965472.416809674,202105140540
546,28540,4277,50,52400,Jacksonville,"",816.221374045802,8162.21374045802,3283488394.35052,547729.060516664,202105140540
547,28542,618,0,6146,Camp Lejeune,"",1005.53205336804,10055.3205336804,1137151211.30426,554417.951637184,202105140540
548,28543,316,2,6618,Tarawa Terrace,"",477.485645210033,4774.85645210033,101812905.851257,81799.9494086723,202105140540
549,28546,4430,38,51963,Jacksonville,"",852.529684583261,8525.29684583261,2766403023.01086,429757.095409677,202105140540
550,28547,1248,0,13868,Camp Lejeune,"",899.913469858667,8999.13469858667,321351155.112183,125030.1108688,202105140540
551,28551,1337,21,14265,La Grange,"",937.259025587101,9372.59025587101,3578620059.57935,402405.541085344,202105140540
552,28553,23,1,522,Marshallberg,"",440.613026819923,4406.13026819923,44093630.395752,64625.7950525978,202105140540
553,28555,393,1,4702,Maysville,"",835.814547001276,8358.14547001276,3623337430.05573,600372.548840717,202105140540
554,28557,1127,11,15254,Morehead City,"",738.822603907172,7388.22603907172,400526127.961975,291647.007459014,202105140540
555,28560,2628,57,28926,New Bern,"",908.525202240199,9085.25202240199,3309199654.78784,1030041.14449326,202105140540
556,28562,3570,45,38009,New Bern,"",939.251229971849,9392.51229971849,3853792240.20764,1071472.47820273,202105140540
557,28570,1712,14,22687,Newport,"",754.617181645876,7546.17181645876,4050945831.7467,612371.091717979,202105140540
558,28571,119,1,3137,Oriental,"",379.343321644884,3793.43321644884,1482289449.53186,353024.47769856,202105140540
559,28572,629,11,6379,Pink Hill,"",986.047969901238,9860.47969901238,3042675125.74115,395176.694907307,202105140540
560,28573,246,17,2475,Pollocksville,"",993.939393939394,9939.39393939394,3035889883.2348,360117.83631843,202105140540
561,28574,1656,15,17702,Richlands,"",935.487515534968,9354.87515534968,3868294357.7301,523654.71280993,202105140540
562,28577,14,0,595,Sealevel,"",235.294117647059,2352.94117647059,131607264.267456,82049.6590834025,202105140540
563,28578,573,8,7044,Seven Springs,"",813.458262350937,8134.58262350937,1837860745.29797,304549.150963809,202105140540
564,28580,1170,33,12031,Snow Hill,"",972.487740004987,9724.87740004987,3261656823.56982,373362.024423985,202105140540
565,28582,150,2,1824,Stella,"",822.368421052632,8223.68421052632,566119411.242798,233745.537488707,202105140540
566,28584,894,11,12910,Swansboro,"",692.486444616576,6924.86444616576,870417864.570801,630505.524420815,202105140540
567,28585,324,7,4170,Trenton,"",776.978417266187,7769.78417266187,5857263271.9624,616313.550954669,202105140540
568,28586,1225,8,8427,Vanceboro,"",1453.66085202326,14536.6085202326,3798727344.79224,393188.365406213,202105140540
569,28590,2878,15,26551,Winterville,"",1083.95164023954,10839.5164023954,1153236268.85608,260797.112041444,202105140540
570,28594,291,3,3678,Emerald Isle,"",791.190864600326,7911.90864600326,161880563.377441,206007.39513627,202105140540
571,28601,6326,100,49848,Hickory,"",1269.05793612582,12690.5793612582,1378207425.05768,365850.750506082,202105140540
572,28602,3566,77,31218,Hickory,"",1142.28970465757,11422.8970465757,1938678919.97003,319569.803956005,202105140540
573,28604,527,3,6449,Banner Elk,"",817.180958288107,8171.80958288107,1915326545.24634,325836.980718489,202105140540
574,28605,278,4,4143,Blowing Rock,"",671.011344436399,6710.11344436399,895784503.144714,248689.345104092,202105140540
575,28606,202,1,2367,Boomer,"",853.400929446557,8534.00929446557,1247639586.18042,214129.251492026,202105140540
576,28607,2985,20,37481,Boone,"",796.403511112297,7964.03511112297,2776057252.95807,555835.87368089,202105140540
577,28609,608,7,6457,Catawba,"",941.613752516649,9416.13752516649,1341728385.28827,281255.134101197,202105140540
578,28610,1157,12,10238,Claremont,"",1130.10353584685,11301.0353584685,1121879522.66571,308096.881521473,202105140540
579,28612,1483,39,14906,Connelly Springs,"",994.901381993828,9949.01381993828,2400642845.42798,441028.943696581,202105140540
580,28613,3075,51,25216,Conover,"",1219.46383248731,12194.6383248731,1220326345.78546,362168.639637895,202105140540
581,28615,105,1,1883,Creston,"",557.620817843866,5576.20817843866,1868599532.61511,272770.247470023,202105140540
582,28617,203,3,2451,Crumpler,"",828.233374133007,8282.33374133007,986888820.641235,263906.737953269,202105140540
583,28618,166,2,2480,Deep Gap,"",669.354838709677,6693.54838709677,1010729766.2395,224128.286954044,202105140540
584,28621,1252,33,10400,Elkin,"",1203.84615384615,12038.4615384615,1827310682.30029,492431.108964796,202105140540
585,28622,234,0,2638,Elk Park,"",887.035633055345,8870.35633055345,922706854.79248,228052.883765708,202105140540
586,28623,162,0,1716,Ennice,"",944.055944055944,9440.55944055944,790959225.749146,176648.995975267,202105140540
587,28624,141,3,1893,Ferguson,"",744.849445324881,7448.49445324881,1893859856.27216,280305.359064925,202105140540
588,28625,3964,76,38862,Statesville,"",1020.01955637898,10200.1955637898,5528677082.18164,627405.10903711,202105140540
589,28626,149,1,3001,Fleetwood,"",496.501166277907,4965.01166277907,819063990.876587,148645.734339712,202105140540
590,28627,83,0,1534,Glade Valley,"",541.069100391134,5410.69100391134,929851696.585571,229623.659776181,202105140540
591,28630,2417,29,20369,Granite Falls,"",1186.60709902303,11866.0709902303,1749206123.14734,364175.180926025,202105140540
592,28631,63,0,536,Grassy Creek,"",1175.37313432836,11753.7313432836,666742006.060913,167245.211138671,202105140540
593,28634,503,7,5269,Harmony,"",954.640349212374,9546.40349212374,1708637469.52393,380041.00063272,202105140540
594,28635,337,4,4032,Hays,"",835.813492063492,8358.13492063492,1589254753.84888,282956.554467362,202105140540
595,28636,570,12,5186,Hiddenite,"",1099.11299652912,10991.1299652912,1563401720.00476,343683.132287545,202105140540
596,28637,302,5,1583,Hildebran,"",1907.77005685407,19077.7005685407,75804105.8025513,39679.7431148789,202105140540
597,28638,1406,7,12560,Hudson,"",1119.42675159236,11194.2675159236,586195125.955933,179942.259882133,202105140540
598,28640,514,19,4805,Jefferson,"",1069.71904266389,10697.1904266389,1056537388.6748,302637.68949569,202105140540
599,28642,534,6,5578,Jonesville,"",957.332377196128,9573.32377196128,922184812.2677,173376.666314256,202105140540
600,28643,226,4,3443,Lansing,"",656.404298576823,6564.04298576823,2044042930.41492,275858.107391137,202105140540
601,28644,88,0,1570,Laurel Springs,"",560.509554140127,5605.09554140127,2045165288.09131,297831.475142139,202105140540
602,28645,5112,66,47621,Lenoir,"",1073.47598748451,10734.7598748451,9179149391.98291,930216.037146458,202105140540
603,28649,91,0,1034,Mc Grady,"",880.077369439072,8800.77369439071,1036137984.80469,190682.670149615,202105140540
604,28650,1463,15,13374,Maiden,"",1093.91356363093,10939.1356363093,1278104496.07623,377336.649296681,202105140540
605,28651,638,10,6653,Millers Creek,"",958.965880054111,9589.65880054111,2065649255.9353,349078.290644553,202105140540
606,28654,318,4,3800,Moravian Falls,"",836.842105263158,8368.42105263158,1821577421.53857,295573.209104024,202105140540
607,28655,5851,75,58249,Morganton,"",1004.48076361826,10044.8076361826,9153179930.14331,677983.745386267,202105140540
608,28657,913,13,9610,Newland,"",950.052029136316,9500.52029136316,3935578521.47217,457051.359413869,202105140540
609,28658,3451,44,25858,Newton,"",1334.5966432052,13345.966432052,2022657893.02307,451555.722478837,202105140540
610,28659,2205,42,21013,North Wilkesboro,"",1049.35040213201,10493.5040213201,2817470108.66394,743040.466864702,202105140540
611,28660,215,2,2336,Olin,"",920.376712328767,9203.76712328767,892135691.594116,224297.744075571,202105140540
612,28665,229,3,2986,Purlear,"",766.912257200268,7669.12257200268,1778038258.60608,240271.301413849,202105140540
613,28668,25,0,39,Roaring Gap,"",6410.25641025641,64102.5641025641,150579895.761963,97868.8716295681,202105140540
614,28669,236,1,3133,Roaring River,"",753.271624640919,7532.71624640919,1299426384.18799,252536.432806368,202105140540
615,28670,266,4,3183,Ronda,"",835.689601005341,8356.89601005341,1123975912.01135,257469.478215133,202105140540
616,28673,604,5,6621,Sherrills Ford,"",912.248904999245,9122.48904999245,852092289.759583,248402.605359209,202105140540
617,28675,689,5,6805,Sparta,"",1012.49081557678,10124.9081557678,2977111225.9541,397880.21838125,202105140540
618,28676,339,3,3444,State Road,"",984.320557491289,9843.20557491289,830902972.436646,197653.666386266,202105140540
619,28677,3841,55,35614,Statesville,"",1078.50845173246,10785.0845173246,2372250827.99042,364916.143502524,202105140540
620,28678,479,3,5252,Stony Point,"",912.033511043412,9120.33511043412,1249807753.12482,237772.476162198,202105140540
621,28679,104,1,2122,Sugar Grove,"",490.103675777568,4901.03675777568,636943392.934937,227619.317646308,202105140540
622,28681,3179,66,26959,Taylorsville,"",1179.19804147038,11791.9804147038,4726487412.65814,412700.759417833,202105140540
623,28682,111,1,1099,Terrell,"",1010.00909918107,10100.0909918107,164657442.78833,108427.066369374,202105140540
624,28683,140,2,1934,Thurmond,"",723.888314374354,7238.88314374354,988749233.112671,203358.60410099,202105140540
625,28684,98,1,2175,Todd,"",450.574712643678,4505.74712643678,1383524229.94177,292392.138653963,202105140540
626,28685,152,0,1908,Traphill,"",796.64570230608,7966.4570230608,1296786088.98804,215086.939280452,202105140540
627,28689,177,0,1662,Union Grove,"",1064.98194945848,10649.8194945848,1218398001.86389,304792.24772459,202105140540
628,28690,923,15,9427,Valdese,"",979.102577702344,9791.02577702344,668624773.04187,213466.610171622,202105140540
629,28692,271,1,4504,Vilas,"",601.687388987567,6016.87388987567,1091553223.68976,286379.955820553,202105140540
630,28693,124,1,1693,Warrensville,"",732.427643236858,7324.27643236858,621923811.260986,170328.387778476,202105140540
631,28694,636,12,8033,West Jefferson,"",791.734096850492,7917.34096850492,2188720146.69934,416426.801998168,202105140540
632,28697,1377,33,13376,Wilkesboro,"",1029.45574162679,10294.5574162679,1810927272.521,565265.362104433,202105140540
633,28701,303,3,4830,Alexander,"",627.329192546584,6273.29192546584,557040025.003723,178622.867954755,202105140540
634,28702,13,0,704,Almond,"",184.659090909091,1846.59090909091,749571990.457794,168899.042279792,202105140540
635,28704,1887,19,21728,Arden,"",868.464653902798,8684.64653902798,1481682958.97644,329012.999643476,202105140540
636,28705,465,1,7168,Bakersville,"",648.716517857143,6487.16517857143,3538838336.04175,376028.663142582,202105140540
637,28711,859,31,15250,Black Mountain,"",563.27868852459,5632.7868852459,2289646423.50623,432841.10713665,202105140540
638,28712,1380,26,19644,Brevard,"",702.504581551619,7025.04581551619,3743370041.24365,607196.289251344,202105140540
639,28713,609,12,9333,Bryson City,"",652.523304403729,6525.23304403729,7085157294.99072,658029.652447302,202105140540
640,28714,1445,27,17066,Burnsville,"",846.712762217274,8467.12762217274,7287599937.88281,538818.932986382,202105140540
641,28715,1838,23,27289,Candler,"",673.531459562461,6735.31459562461,1975153881.5733,274379.594297132,202105140540
642,28716,1324,43,18650,Canton,"",709.919571045576,7099.19571045576,4450693739.33826,450946.985814241,202105140540
643,28718,29,0,607,Cedar Mountain,"",477.759472817133,4777.59472817133,604740430.192017,157079.894608512,202105140540
644,28719,1061,10,6945,Cherokee,"",1527.71778257739,15277.1778257739,6313532001.74988,506970.161305604,202105140540
645,28721,739,10,10866,Clyde,"",680.103073808209,6801.03073808209,3262240884.20239,451646.750156333,202105140540
646,28722,511,10,6854,Columbus,"",745.550043770061,7455.50043770061,1330435890.70984,371441.890606651,202105140540
647,28723,960,0,11678,Cullowhee,"",822.058571673232,8220.58571673232,2829089767.59064,521400.904374382,202105140540
648,28726,355,4,3477,East Flat Rock,"",1020.99511072764,10209.9511072764,62782212.3257446,52681.8363735949,202105140540
649,28729,286,1,2978,Etowah,"",960.376091336467,9603.76091336467,115914409.369507,74718.0620947517,202105140540
650,28730,543,9,10068,Fairview,"",539.332538736591,5393.32538736591,1334723772.69336,277836.650121475,202105140540
651,28731,890,14,9271,Flat Rock,"",959.982741883292,9599.82741883292,910498937.374664,308715.430561088,202105140540
652,28732,1386,8,18899,Fletcher,"",733.372136091857,7333.72136091857,1163648233.76184,268599.174805656,202105140540
653,28734,2459,28,28423,Franklin,"",865.144425289378,8651.44425289378,8413329787.90622,680710.034553254,202105140540
654,28736,47,0,740,Glenville,"",635.135135135135,6351.35135135135,845894035.551971,243241.394198335,202105140540
655,28739,1463,20,21994,Hendersonville,"",665.181413112667,6651.81413112667,1809199500.98254,354883.696935043,202105140540
656,28740,162,0,2123,Green Mountain,"",763.071125765426,7630.71125765426,2560353451.70599,391601.88482291,202105140540
657,28741,274,5,3135,Highlands,"",874.003189792664,8740.03189792664,2488322100.83908,291652.561708351,202105140540
658,28742,212,4,2834,Horse Shoe,"",748.059280169372,7480.59280169372,759756422.807678,323788.261855291,202105140540
659,28745,60,0,598,Lake Junaluska,"",1003.34448160535,10033.4448160535,24208240.7459412,20619.3143809221,202105140540
660,28746,177,4,2583,Lake Lure,"",685.249709639954,6852.49709639954,1635267198.94843,301403.103342596,202105140540
661,28747,97,2,2517,Lake Toxaway,"",385.379419944378,3853.79419944378,1644170650.80768,278687.825520297,202105140540
662,28748,799,11,12684,Leicester,"",629.927467675812,6299.27467675812,2568900770.12885,433742.542694055,202105140540
663,28751,266,6,3738,Maggie Valley,"",711.610486891386,7116.10486891386,1196971956.93442,252655.252396679,202105140540
664,28752,3517,39,31501,Marion,"",1116.47249293673,11164.7249293673,6843838240.70496,729852.019397462,202105140540
665,28753,773,17,12286,Marshall,"",629.171414618265,6291.71414618265,7221367422.4903,582321.875436496,202105140540
666,28754,683,22,8823,Mars Hill,"",774.113113453474,7741.13113453474,2532637146.55933,336365.654274913,202105140540
667,28756,306,2,4770,Mill Spring,"",641.509433962264,6415.09433962264,2319967191.40479,359387.276461913,202105140540
668,28759,615,7,7867,Mills River,"",781.746536163722,7817.46536163722,710290580.507599,219074.688607406,202105140540
669,28761,969,17,8493,Nebo,"",1140.93959731544,11409.3959731544,3254647047.74689,448908.605974669,202105140540
670,28762,670,5,7603,Old Fort,"",881.231092989609,8812.31092989609,2996741187.4848,387268.208256283,202105140540
671,28763,185,2,2864,Otto,"",645.949720670391,6459.49720670391,1145043002.66425,202810.842815888,202105140540
672,28766,141,1,1526,Penrose,"",923.984272608126,9239.84272608126,159626292.482056,88900.5625977206,202105140540
673,28768,509,3,7895,Pisgah Forest,"",644.711842938569,6447.11842938569,2244655883.74216,321689.536597621,202105140540
674,28771,565,12,8212,Robbinsville,"",688.017535314174,6880.17535314174,9086438704.3884,732920.807564289,202105140540
675,28773,274,6,3508,Saluda,"",781.071835803877,7810.71835803877,1396855034.24573,267712.497423626,202105140540
676,28775,30,2,493,Scaly Mountain,"",608.519269776876,6085.19269776876,456631744.06662,130336.94180952,202105140540
677,28777,1514,17,10391,Spruce Pine,"",1457.03012222115,14570.3012222115,1968811938.32007,332780.684408785,202105140540
678,28778,706,8,10803,Swannanoa,"",653.522169767657,6535.22169767657,692162823.950317,188030.795128165,202105140540
679,28779,1334,40,17610,Sylva,"",757.524134014764,7575.24134014764,3287520334.70795,472387.421611018,202105140540
680,28782,398,9,6512,Tryon,"",611.179361179361,6111.79361179361,1239852111.02036,390005.579825198,202105140540
681,28783,98,3,1905,Tuckasegee,"",514.435695538058,5144.35695538058,2507065764.50815,412465.098737654,202105140540
682,28785,424,3,8309,Waynesville,"",510.290046937056,5102.90046937056,4680111391.07288,434987.630089387,202105140540
683,28786,1426,32,21837,Waynesville,"",653.02010349407,6530.2010349407,2130537927.5513,319219.020654079,202105140540
684,28787,1471,25,20681,Weaverville,"",711.280885837242,7112.80885837242,2146776657.76654,337936.038355962,202105140540
685,28789,374,4,6551,Whittier,"",570.905205312166,5709.05205312166,1731085189.80936,281392.474737519,202105140540
686,28790,304,2,3775,Zirconia,"",805.298013245033,8052.98013245033,1184634316.47168,272368.233599775,202105140540
687,28791,1265,31,15811,Hendersonville,"",800.075896527734,8000.75896527734,466838231.125,123544.27336528,202105140540
688,28792,3381,68,37949,Hendersonville,"",890.93256739308,8909.3256739308,2892120004.20319,483608.715059927,202105140540
689,28801,895,19,16782,Asheville,"",533.309498271958,5333.09498271958,142991050.123962,66531.4000304091,202105140540
690,28803,2157,53,34731,Asheville,"",621.058996285739,6210.58996285739,1148499781.62708,221583.067984848,202105140540
691,28804,1349,21,23302,Asheville,"",578.920264354991,5789.20264354991,818376430.368896,216401.982596761,202105140540
692,28805,1019,20,20394,Asheville,"",499.656761792684,4996.56761792684,743578799.615234,203043.782551956,202105140540
693,28806,3102,57,43841,Asheville,"",707.55685317397,7075.5685317397,1123591112.45288,297671.815966071,202105140540
694,28901,517,8,6039,Andrews,"",856.102003642987,8561.02003642987,1881090750.42804,271571.032581688,202105140540
695,28902,91,0,1562,Brasstown,"",582.58642765685,5825.8642765685,645585335.657318,162521.113458697,202105140540
696,28904,645,18,9535,Hayesville,"",676.455165180912,6764.55165180912,5317145252.91805,403950.005454209,202105140540
697,28905,264,4,3548,Marble,"",744.081172491545,7440.81172491545,1058320723.96715,269002.244098821,202105140540
698,28906,1671,21,20296,Murphy,"",823.314938904218,8233.14938904218,9849733400.34212,586826.324547444,202105140540
699,28909,46,0,1068,Warne,"",430.711610486891,4307.11610486891,269492752.319427,107722.293423693,202105140540
700,27533,470,3,0,"","",,,18055719.4014893,15817.3715737294,202105140540
701,27340,5,1,34,Saxapahaw,"",1470.58823529412,14705.8823529412,694758.987792969,3852.87240074502,202105140540
702,27411,169,0,847,Greensboro,"",1995.2774498229,19952.774498229,713742.998291016,5860.23208289576,202105140540
703,27412,29,0,1886,Greensboro,"",153.764581124072,1537.64581124072,4771290.83532715,13054.7888333439,202105140540
704,27498,,,13,Greensboro,Population <500 and Cases <5,,,3369264.12316895,7774.18760349114,202105140540
705,27599,18,0,0,Chapel Hill,"",,,4275416.30163574,15555.1510255833,202105140540
706,27706,,,10,Durham,Population <500 and Cases <5,,,1281872.18347168,6816.757693542,202105140540
707,27711,,,62,Durham,Population <500 and Cases <5,,,11690491.0200195,25227.7794868175,202105140540
708,27810,344,6,4224,Belhaven,"",814.393939393939,8143.93939393939,5320714553.85889,863428.562860575,202105140540
709,27821,17,0,343,Edward,"",495.626822157434,4956.26822157434,180879118.265869,102716.617789089,202105140540
710,27824,99,0,1540,Engelhard,"",642.857142857143,6428.57142857143,5755622445.56714,766498.765242208,202105140540
711,27826,74,2,1245,Fairfield,"",594.377510040161,5943.77510040161,5502010014.61365,681909.128335756,202105140540
712,27841,6,1,84,Hassell,"",714.285714285714,7142.85714285714,5972995.94189453,12505.2057352129,202105140540
713,27872,26,1,429,Roxobel,"",606.060606060606,6060.60606060606,78668396.3901367,60062.9164687203,202105140540
714,27875,55,2,511,Scranton,"",1076.32093933464,10763.2093933464,1462926064.75208,668994.049821798,202105140540
715,27881,5,0,323,Speed,"",154.798761609907,1547.98761609907,45624486.2655029,35379.3892263349,202105140540
716,27919,76,1,1211,Belvidere,"",627.580511973576,6275.80511973576,1805677755.21484,260299.205087965,202105140540
717,27920,64,0,1415,Buxton,"",452.296819787986,4522.96819787986,251417477.481567,169552.58818934,202105140540
718,27921,328,4,5366,Camden,"",611.256056653,6112.56056653,2216306760.15601,371309.805402765,202105140540
719,27923,39,0,990,Coinjock,"",393.939393939394,3939.39393939394,442853112.258789,222994.427279021,202105140540
720,27936,23,1,961,Frisco,"",239.334027055151,2393.34027055151,134638106.065186,108288.074251882,202105140540
721,27939,149,1,3370,Grandy,"",442.136498516321,4421.36498516321,296874050.40332,237784.484514939,202105140540
722,27941,34,0,670,Harbinger,"",507.462686567164,5074.62686567164,66348159.842041,42125.3614314887,202105140540
723,27943,16,0,491,Hatteras,"",325.865580448065,3258.65580448065,82146889.1915283,162150.406610954,202105140540
724,27947,44,1,845,Jarvisburg,"",520.710059171598,5207.10059171598,181991023.044922,117825.87149715,202105140540
725,27953,77,0,992,Manns Harbor,"",776.209677419355,7762.09677419355,4841742826.08521,775886.839802653,202105140540
726,27954,462,2,6405,Manteo,"",721.311475409836,7213.11475409836,346159524.466309,171104.045001834,202105140540
727,27956,14,0,328,Maple,"",426.829268292683,4268.29268292683,91616147.3259277,62675.9008746753,202105140540
728,27960,97,0,899,Ocracoke,"",1078.9766407119,10789.766407119,272996211.932129,221416.979930584,202105140540
729,27964,18,0,653,Point Harbor,"",275.650842266462,2756.50842266462,40700993.1791992,29044.1496807834,202105140540
730,27965,26,0,611,Poplar Branch,"",425.531914893617,4255.31914893617,362463348.010742,286670.577035681,202105140540
731,27972,,,196,Salvo,Population <500 and Cases <5,,,25839959.5158691,77591.8753697891,202105140540
732,27973,86,0,1493,Shawboro,"",576.02143335566,5760.2143335566,1350823542.63281,279776.313560853,202105140540
733,27974,74,0,1375,Shiloh,"",538.181818181818,5381.81818181818,1282875105.52026,448552.234751615,202105140540
734,27978,11,0,221,Stumpy Point,"",497.737556561086,4977.37556561086,3250437066.68713,488663.160212976,202105140540
735,27980,213,3,2075,Tyner,"",1026.50602409639,10265.0602409639,1319096560.03711,208839.628959427,202105140540
736,27981,123,1,1863,Wanchese,"",660.225442834138,6602.25442834139,183167116.380371,177755.254740471,202105140540
737,28077,41,0,557,High Shoals,"",736.086175942549,7360.86175942549,25098303.871521,27989.3633622467,202105140540
738,28101,75,2,465,Mc Adenville,"",1612.90322580645,16129.0322580645,12210373.4969482,19058.3264759027,202105140540
739,28223,24,0,2941,Charlotte,"",81.6048962937776,816.048962937776,16745950.1914673,34959.7943637767,202105140540
740,28308,11,0,737,Pope Army Airfield,"",149.253731343284,1492.53731343284,90374263.7665405,45243.1542141805,202105140540
741,28375,18,0,155,Proctorville,"",1161.29032258065,11612.9032258065,16154829.5779114,21293.1141646593,202105140540
742,28519,49,1,328,Bridgeton,"",1493.90243902439,14939.0243902439,3782179.40026855,11964.2990373982,202105140540
743,28520,14,0,352,Cedar Island,"",397.727272727273,3977.27272727273,633116579.775757,427477.052966737,202105140540
744,28524,34,1,443,Davis,"",767.494356659142,7674.94356659142,547256692.822876,860357.358716607,202105140540
745,28527,115,2,905,Ernul,"",1270.7182320442,12707.182320442,1145978492.04919,209684.397786102,202105140540
746,28528,32,0,640,Gloucester,"",500,5000,74196560.923584,79933.9347539672,202105140540
747,28533,97,0,0,Cherry Point,"",,,253735788.170532,192645.367219711,202105140540
748,28537,10,0,186,Hobucken,"",537.634408602151,5376.34408602151,891999129.25647,352204.851723086,202105140540
749,28544,442,7,5607,Midway Park,"",788.300338862137,7883.00338862137,155759986.503357,92182.0384683424,202105140540
750,28545,183,0,4010,Mccutcheon Field,"",456.359102244389,4563.59102244389,145247654.855835,101700.276162633,202105140540
751,28552,6,0,131,Lowland,"",458.015267175573,4580.15267175573,211084218.553589,104037.967496467,202105140540
752,28556,57,1,1150,Merritt,"",495.652173913043,4956.52173913043,1139666751.30212,394317.853497314,202105140540
753,28561,33,1,0,New Bern,"",,,195198.709350586,2618.49962886206,202105140540
754,28579,33,0,798,Smyrna,"",413.533834586466,4135.33834586466,633080494.557556,233023.142000653,202105140540
755,28581,17,1,224,Stacy,"",758.928571428571,7589.28571428571,2404669972.88318,703346.462367876,202105140540
756,28583,14,1,0,Stonewall,"",,,596710.740722656,3607.20989795631,202105140540
757,28587,31,1,324,Vandemere,"",956.79012345679,9567.9012345679,250612018.426636,182903.197478108,202105140540
758,28611,69,0,978,Collettsville,"",705.521472392638,7055.21472392638,2483135872.03735,419111.187381629,202105140540
759,28629,10,0,63,Glendale Springs,"",1587.30158730159,15873.0158730159,18113919.8492432,19773.9407564207,202105140540
760,28646,75,2,463,Linville,"",1619.87041036717,16198.7041036717,440709602.757813,156576.175660301,202105140540
761,28663,38,0,715,Piney Creek,"",531.468531468532,5314.68531468531,577849850.650269,137228.322788793,202105140540
762,28667,52,1,105,Rhodhiss,"",4952.38095238095,49523.8095238095,1309548.80932617,6065.66147149414,202105140540
763,28672,5,0,35,Scottville,"",1428.57142857143,14285.7142857143,62555584.7313232,47932.7256464108,202105140540
764,28698,150,0,1844,Zionville,"",813.449023861171,8134.49023861171,762471326.925049,227334.653867247,202105140540
765,28708,49,0,1340,Balsam Grove,"",365.671641791045,3656.71641791045,795626278.709686,241272.033803255,202105140540
766,28709,134,2,2308,Barnardsville,"",580.589254766031,5805.89254766031,1635213770.4093,231197.383485249,202105140540
767,28717,138,4,1471,Cashiers,"",938.137321549966,9381.37321549966,1160000231.10587,300525.403558473,202105140540
768,28720,6,0,35,Chimney Rock,"",1714.28571428571,17142.8571428571,47877696.5422974,47768.4833790312,202105140540
769,28725,20,0,36,Dillsboro,"",5555.55555555556,55555.5555555556,1395548.49920654,7541.63511359509,202105140540
770,28733,10,0,200,Fontana Dam,"",500,5000,498075903.916718,200917.740964481,202105140540
771,28735,9,0,294,Gerton,"",306.122448979592,3061.22448979592,137680777.623108,92735.3834552802,202105140540
772,28743,132,1,2422,Hot Springs,"",545.004128819158,5450.04128819158,2855463957.34918,351331.648547095,202105140540
773,28749,8,0,0,Little Switzerland,"",,,1713987.45050049,8852.52475284555,202105140540
774,28757,56,0,0,Montreat,"",,,129672.114624023,2617.87913210505,202105140540
775,28772,113,1,1942,Rosman,"",581.874356333677,5818.74356333677,577124059.134399,256613.212684218,202105140540
776,28774,80,1,1569,Sapphire,"",509.878903760357,5098.78903760357,1130246511.80005,224488.61951138,202105140540
777,28781,64,0,957,Topton,"",668.756530825496,6687.56530825496,2402982140.90009,297913.620657844,202105140540
778,27969,5,0,0,Roduco,"",,,724387.010986328,3958.82496624679,202105140540
779,28253,,,0,Charlotte,Population <500 and Cases <5,,,133339.295837402,3050.2273713774,202105140540
780,28608,38,0,0,Boone,"",,,274774.708862305,3583.90419251761,202105140540
