OBJECTID,ZIPCode,Cases,Deaths,TotalPop,Place,Note,RatePer10K,RatePer100K,Shape__Area,Shape__Length,DataGatherTS
1,27006,1908,15,14872,Advance,"",1282.94782140936,12829.4782140936,1744189234.37061,355282.663136038,202110140540
2,27007,302,2,2136,Ararat,"",1413.85767790262,14138.5767790262,592499585.594238,195922.003442792,202110140540
3,27009,413,5,2937,Belews Creek,"",1406.19679945523,14061.9679945523,618093097.011353,191244.647442635,202110140540
4,27011,817,7,5411,Boonville,"",1509.88726667899,15098.8726667899,1489580093.86462,316910.589814884,202110140540
5,27012,3897,60,28954,Clemmons,"",1345.92802376183,13459.2802376183,1176567385.86804,255774.303165276,202110140540
6,27013,1003,12,6495,Cleveland,"",1544.26481909161,15442.6481909161,2066336247.98627,379169.285246239,202110140540
7,27014,161,5,957,Cooleemee,"",1682.34064785789,16823.4064785789,21479098.032959,22299.1178929161,202110140540
8,27016,272,4,1682,Danbury,"",1617.12247324614,16171.2247324614,1068209590.0686,211061.413302457,202110140540
9,27017,1611,21,9499,Dobson,"",1695.96799663122,16959.6799663122,2962951682.04883,566348.974052304,202110140540
10,27018,1044,10,8221,East Bend,"",1269.91850139886,12699.1850139886,2331567909.96985,255811.974556888,202110140540
11,27019,502,2,4234,Germanton,"",1185.64005668399,11856.4005668399,977414017.819214,270248.259734795,202110140540
12,27020,1017,11,6104,Hamptonville,"",1666.12057667104,16661.2057667104,2114111622.36755,316969.486887135,202110140540
13,27021,2479,54,17979,King,"",1378.83085822348,13788.3085822348,1469376476.14172,210392.900707099,202110140540
14,27022,151,3,1512,Lawsonville,"",998.677248677249,9986.77248677249,918745327.278442,200803.000966771,202110140540
15,27023,1444,8,12775,Lewisville,"",1130.33268101761,11303.3268101761,807172159.002075,183078.980128527,202110140540
16,27024,420,4,2683,Lowgap,"",1565.41185240403,15654.1185240403,1265827411.39758,278411.484773322,202110140540
17,27025,1408,32,11117,Madison,"",1266.52873976792,12665.2873976792,2714649364.33142,468723.596670606,202110140540
18,27027,472,19,4017,Mayodan,"",1175.00622354991,11750.0622354991,548179131.574585,172371.363079245,202110140540
19,27028,4161,47,28039,Mocksville,"",1484.00442241164,14840.0442241164,5475621774.30664,567238.136149725,202110140540
20,27030,6128,132,37641,Mount Airy,"",1628.01200818257,16280.1200818257,4824085732.75671,624989.724929863,202110140540
21,27040,1467,13,13150,Pfafftown,"",1115.58935361217,11155.8935361217,763349953.536133,205025.773716105,202110140540
22,27041,1145,10,8020,Pilot Mountain,"",1427.68079800499,14276.8079800499,1629462738.40637,324677.141569035,202110140540
23,27042,90,2,720,Pine Hall,"",1250,12500,290758639.069458,113971.243586081,202110140540
24,27043,824,9,6442,Pinnacle,"",1279.10586774294,12791.0586774294,1935795027.06067,395674.180712496,202110140540
25,27045,1400,12,9583,Rural Hall,"",1460.9203798393,14609.203798393,666085549.25769,154538.589918543,202110140540
26,27046,226,3,1953,Sandy Ridge,"",1157.19406041987,11571.9406041987,1237681699.0647,217125.573744555,202110140540
27,27047,170,2,1279,Siloam,"",1329.16340891321,13291.6340891321,576295820.815674,144984.839113672,202110140540
28,27048,1023,12,8902,Stoneville,"",1149.17995955965,11491.7995955965,2355000804.03674,325454.766660313,202110140540
29,27050,515,6,4084,Tobaccoville,"",1261.01860920666,12610.1860920666,703876500.567505,219088.1792708,202110140540
30,27051,1082,10,8287,Walkertown,"",1305.65946663449,13056.5946663449,524680317.775635,151066.808563308,202110140540
31,27052,1368,28,10061,Walnut Cove,"",1359.70579465262,13597.0579465262,2710320219.82117,403203.611044297,202110140540
32,27053,330,4,3156,Westfield,"",1045.62737642586,10456.2737642586,2152815477.55933,413464.446930882,202110140540
33,27054,462,6,2608,Woodleaf,"",1771.47239263804,17714.7239263804,778193820.583862,201172.963339102,202110140540
34,27055,2326,32,14521,Yadkinville,"",1601.81805660767,16018.1805660767,3115987965.39453,403366.49229781,202110140540
35,27101,2557,48,24321,Winston Salem,"",1051.3547962666,10513.547962666,356085731.400146,162957.922513793,202110140540
36,27103,4286,48,36071,Winston Salem,"",1188.21213717391,11882.1213717391,527249856.672729,146399.561156354,202110140540
37,27104,3359,43,29383,Winston Salem,"",1143.17802811149,11431.7802811149,337669863.683838,130394.134288752,202110140540
38,27105,5728,55,40186,Winston Salem,"",1425.3720201065,14253.720201065,950547784.577881,208375.813794777,202110140540
39,27106,5810,66,51378,Winston Salem,"",1130.8342091946,11308.342091946,787324720.967285,203893.681115083,202110140540
40,27107,7129,63,52432,Winston Salem,"",1359.66585291425,13596.6585291425,1859279716.41162,319111.813640457,202110140540
41,27127,5439,32,38510,Winston Salem,"",1412.36042586341,14123.6042586341,820319160.873047,213438.375685158,202110140540
42,27157,51,0,5,Winston Salem,"",,,827769.094482422,4216.57245655308,202110140540
43,27203,3586,61,21876,Asheboro,"",1639.23934905833,16392.3934905833,589408161.410522,188062.356665824,202110140540
44,27205,5135,56,34549,Asheboro,"",1486.29482763611,14862.9482763611,6255653514.79199,588011.232518038,202110140540
45,27207,457,2,3806,Bear Creek,"",1200.73568050447,12007.3568050447,2300194678.82397,473699.237818467,202110140540
46,27208,237,3,1691,Bennett,"",1401.53755174453,14015.3755174453,1029479783.1405,215638.108979383,202110140540
47,27209,875,43,4151,Biscoe,"",2107.9258010118,21079.258010118,1198089302.20734,259108.004034657,202110140540
48,27212,419,1,1600,Blanch,"",2618.75,26187.5,1328181375.12305,277007.39975067,202110140540
49,27214,1513,17,11747,Browns Summit,"",1287.98842257598,12879.8842257598,1414533235.94788,324969.092830869,202110140540
50,27215,6407,82,44892,Burlington,"",1427.2030651341,14272.030651341,1827823774.30115,298200.358945539,202110140540
51,27217,6891,110,39111,Burlington,"",1761.90841451254,17619.0841451254,3473433663.33496,513818.51476852,202110140540
52,27229,693,18,4014,Candor,"",1726.45739910314,17264.5739910314,2747739848.89313,367384.611313313,202110140540
53,27231,159,1,2048,Cedar Grove,"",776.3671875,7763.671875,987771348.581177,209108.769362036,202110140540
54,27233,458,4,3647,Climax,"",1255.82670688237,12558.2670688237,703252829.253662,187154.002103638,202110140540
55,27235,584,14,4575,Colfax,"",1276.50273224044,12765.0273224044,380654027.583252,148521.339190303,202110140540
56,27239,1338,20,9629,Denton,"",1389.55239381036,13895.5239381036,4319759872.9696,429373.198159064,202110140540
57,27242,292,5,2668,Eagle Springs,"",1094.45277361319,10944.5277361319,1480408484.01825,321391.030328654,202110140540
58,27243,431,4,4665,Efland,"",923.90139335477,9239.0139335477,1142332751.10315,311755.144165646,202110140540
59,27244,2896,29,16259,Elon,"",1781.16735346577,17811.6735346577,1541989025.453,399696.340130384,202110140540
60,27248,636,6,4835,Franklinville,"",1315.40847983454,13154.0847983454,942909114.352783,215710.992817749,202110140540
61,27249,1744,19,13355,Gibsonville,"",1305.87794833396,13058.7794833396,1679803774.77087,397477.611919868,202110140540
62,27252,187,2,2264,Goldston,"",825.971731448763,8259.71731448763,1142470673.17163,220926.147155476,202110140540
63,27253,5000,61,31464,Graham,"",1589.11772184083,15891.1772184083,2351372927.78931,521476.969804177,202110140540
64,27258,982,8,7740,Haw River,"",1268.7338501292,12687.338501292,473631125.268677,312686.877842211,202110140540
65,27260,3172,51,25696,High Point,"",1234.43337484433,12344.3337484433,348441568.963501,133229.878739789,202110140540
66,27262,2929,67,24764,High Point,"",1182.76530447424,11827.6530447424,368730084.700928,171087.864383377,202110140540
67,27263,2996,50,22320,High Point,"",1342.29390681004,13422.9390681004,1121512604.52234,249658.228757679,202110140540
68,27265,6134,68,50038,High Point,"",1225.86834006155,12258.6834006155,1172957282.41284,307481.490778656,202110140540
69,27268,337,0,1695,High Point,"",1988.2005899705,19882.005899705,2495618.64758301,8251.66869064816,202110140540
70,27278,2326,23,27181,Hillsborough,"",855.744821750488,8557.44821750487,2885765742.02771,502574.675043234,202110140540
71,27281,375,4,3710,Jackson Springs,"",1010.78167115903,10107.8167115903,2095606802.2608,479969.724586594,202110140540
72,27282,1919,28,16597,Jamestown,"",1156.23305416642,11562.3305416642,404066994.873657,168803.970950205,202110140540
73,27283,412,5,2982,Julian,"",1381.62307176392,13816.2307176392,711286368.914917,161239.518798817,202110140540
74,27284,7452,101,56201,Kernersville,"",1325.95505418053,13259.5505418053,2233069317.10205,420748.080109325,202110140540
75,27288,2945,64,23585,Eden,"",1248.67500529998,12486.7500529998,1951079100.05676,304615.616752016,202110140540
76,27291,179,1,1538,Leasburg,"",1163.84915474642,11638.4915474642,1492904663.44434,314720.365319101,202110140540
77,27292,5993,61,41465,Lexington,"",1445.3153261787,14453.153261787,4270233445.18579,407599.915340798,202110140540
78,27295,6118,77,39191,Lexington,"",1561.07269526167,15610.7269526167,3631502180.53174,466742.919509858,202110140540
79,27298,1343,13,10440,Liberty,"",1286.39846743295,12863.9846743295,2639148530.03284,431527.987760386,202110140540
80,27299,952,10,5254,Linwood,"",1811.95279786829,18119.5279786829,822543412.257813,203597.604040365,202110140540
81,27301,1499,22,10019,Mc Leansville,"",1496.15730112786,14961.5730112786,900133716.655151,287107.537324028,202110140540
82,27302,3890,26,32302,Mebane,"",1204.25979815491,12042.5979815491,3198656461.27478,644303.59427532,202110140540
83,27305,207,1,1585,Milton,"",1305.99369085174,13059.9369085173,687167820.539429,263836.485514183,202110140540
84,27306,988,21,5945,Mount Gilead,"",1661.9007569386,16619.007569386,5305900334.83325,426306.558627535,202110140540
85,27310,880,4,8562,Oak Ridge,"",1027.79724363466,10277.9724363466,526240082.103149,140986.043049622,202110140540
86,27311,440,5,3220,Pelham,"",1366.45962732919,13664.5962732919,1338371966.32642,293760.993606137,202110140540
87,27312,1420,26,22205,Pittsboro,"",639.49560909705,6394.9560909705,5005768374.64233,617961.777569282,202110140540
88,27313,816,26,7288,Pleasant Garden,"",1119.64873765093,11196.4873765093,760352714.59021,181619.740165306,202110140540
89,27314,112,1,1138,Prospect Hill,"",984.182776801406,9841.82776801406,773578280.842896,162162.976448062,202110140540
90,27315,198,1,2140,Providence,"",925.233644859813,9252.33644859813,697810511.310425,179457.95829655,202110140540
91,27316,985,17,7156,Ramseur,"",1376.46730016769,13764.6730016769,1975410509.03577,278228.393914438,202110140540
92,27317,2671,34,17851,Randleman,"",1496.27471850316,14962.7471850316,1700826686.43616,339539.515262609,202110140540
93,27320,4936,59,38894,Reidsville,"",1269.09034812567,12690.9034812568,6966725984.64832,658218.836963247,202110140540
94,27325,1083,15,7676,Robbins,"",1410.89108910891,14108.9108910891,2401051783.47894,409075.895347679,202110140540
95,27326,501,2,3692,Ruffin,"",1356.9880823402,13569.880823402,1884156536.74561,359587.547530237,202110140540
96,27330,5996,66,39529,Sanford,"",1516.86103873106,15168.6103873106,6011213414.18433,528161.840140257,202110140540
97,27332,4498,37,33549,Sanford,"",1340.72550597633,13407.2550597633,2996782209.29614,417113.164836099,202110140540
98,27341,727,5,5820,Seagrove,"",1249.14089347079,12491.4089347079,2678433259.4787,311632.157547413,202110140540
99,27343,169,0,1840,Semora,"",918.478260869565,9184.78260869565,1390260353.39624,348769.311430722,202110140540
100,27344,2636,37,19290,Siler City,"",1366.51114567133,13665.1114567133,4591228058.44531,607903.308882544,202110140540
101,27349,829,6,5850,Snow Camp,"",1417.09401709402,14170.9401709402,1831279532.651,381750.490582419,202110140540
102,27350,949,11,7508,Sophia,"",1263.98508257858,12639.8508257858,1066449848.573,204602.636460839,202110140540
103,27355,342,2,3196,Staley,"",1070.08760951189,10700.8760951189,1016358702.6969,245160.332752788,202110140540
104,27356,470,8,3513,Star,"",1337.8878451466,13378.878451466,1815293543.21783,348288.37985576,202110140540
105,27357,1233,22,8325,Stokesdale,"",1481.08108108108,14810.8108108108,1273124268.28796,223115.118835702,202110140540
106,27358,1539,8,15960,Summerfield,"",964.285714285714,9642.85714285714,1557557662.14905,323017.176053331,202110140540
107,27360,7219,94,48331,Thomasville,"",1493.65831453932,14936.5831453932,2458732404.91687,372395.85217249,202110140540
108,27370,2259,42,14622,Trinity,"",1544.93229380386,15449.3229380386,1663817222.16028,344702.900725307,202110140540
109,27371,1160,17,7778,Troy,"",1491.38596040113,14913.8596040113,4076136455.00793,473833.643450898,202110140540
110,27376,1226,23,9884,West End,"",1240.38850667746,12403.8850667746,1781050002.06519,320932.333330313,202110140540
111,27377,1406,12,9597,Whitsett,"",1465.04115869543,14650.4115869543,736936774.92627,183024.518653502,202110140540
112,27379,785,25,6057,Yanceyville,"",1296.02113257388,12960.2113257388,2663338769.75159,422550.665080929,202110140540
113,27401,2602,32,20221,Greensboro,"",1286.7810691855,12867.810691855,171748092.127686,100334.769337553,202110140540
114,27403,2052,23,21278,Greensboro,"",964.376351160823,9643.76351160823,159396286.028687,87465.2545388649,202110140540
115,27405,6790,66,52510,Greensboro,"",1293.08703104171,12930.8703104171,886695637.391357,284328.526421691,202110140540
116,27406,7821,127,60755,Greensboro,"",1287.30145667023,12873.0145667023,1894160074.00403,327705.317343953,202110140540
117,27407,6033,79,49837,Greensboro,"",1210.54638120272,12105.4638120272,840498790.451172,227731.576408348,202110140540
118,27408,1668,9,17406,Greensboro,"",958.290244743192,9582.90244743192,221403500.549561,80148.1616765212,202110140540
119,27409,2101,20,17953,Greensboro,"",1170.27794797527,11702.7794797527,603872824.646484,239783.02449594,202110140540
120,27410,5478,58,56968,Greensboro,"",961.59247296728,9615.9247296728,859363574.914917,272309.563854046,202110140540
121,27455,3282,71,29197,Greensboro,"",1124.08809124225,11240.8809124225,816075696.678345,198282.860420201,202110140540
122,27501,2992,29,21338,Angier,"",1402.19327022214,14021.9327022214,1683348454.90833,329143.189780915,202110140540
123,27502,3634,12,43747,Apex,"",830.685532722244,8306.85532722244,840126405.51062,242725.298081049,202110140540
124,27503,304,1,7222,Bahama,"",420.936028800886,4209.36028800886,1054708975.44934,246183.053747647,202110140540
125,27504,2922,34,16320,Benson,"",1790.44117647059,17904.4117647059,2584462015.08862,486262.181304732,202110140540
126,27505,924,16,7308,Broadway,"",1264.36781609195,12643.6781609195,1509842573.20557,320128.840505679,202110140540
127,27507,203,3,2053,Bullock,"",988.796882610813,9887.96882610813,1354883649.98218,266873.357504053,202110140540
128,27508,364,1,2340,Bunn,"",1555.55555555556,15555.5555555556,312599782.273071,114289.902416244,202110140540
129,27509,2065,39,6935,Butner,"",2977.64960346071,29776.4960346071,507253453.414795,156294.942704551,202110140540
130,27510,1060,8,14543,Carrboro,"",728.872997318298,7288.72997318298,88705554.5671387,57867.6032694508,202110140540
131,27511,2810,29,34041,Cary,"",825.47516230428,8254.7516230428,333520579.048462,98702.6527265331,202110140540
132,27513,3353,25,49003,Cary,"",684.243821806828,6842.43821806828,474399121.186279,162336.294574525,202110140540
133,27514,2384,24,32847,Chapel Hill,"",725.789265381922,7257.89265381922,579057212.663452,190879.985276748,202110140540
134,27516,2971,17,44117,Chapel Hill,"",673.436543735975,6734.36543735975,2564236091.9281,438904.079251583,202110140540
135,27517,1620,17,28831,Chapel Hill,"",561.895182269085,5618.95182269085,1520140847.99951,299162.993678501,202110140540
136,27518,1637,19,22765,Cary,"",719.086316714254,7190.86316714254,262665807.612671,130741.025823352,202110140540
137,27519,3718,11,59960,Cary,"",620.080053368913,6200.80053368913,609072010.422363,166930.324843009,202110140540
138,27520,6853,78,43958,Clayton,"",1558.98812502844,15589.8812502844,1962402119.35425,374945.851452289,202110140540
139,27521,1029,12,7149,Coats,"",1439.36214855225,14393.6214855225,721041350.168091,174373.299688566,202110140540
140,27522,1571,10,13652,Creedmoor,"",1150.74714327571,11507.4714327571,2172960809.67273,361578.814896966,202110140540
141,27523,1136,2,12782,Apex,"",888.749804412455,8887.49804412455,1210964088.06177,294058.887697931,202110140540
142,27524,2184,32,13532,Four Oaks,"",1613.95211350872,16139.5211350872,3831785222.9375,530912.577014992,202110140540
143,27525,2398,5,15534,Franklinton,"",1543.71057036179,15437.1057036179,2660281050.9928,421324.476104612,202110140540
144,27526,6316,68,54027,Fuquay Varina,"",1169.04510707609,11690.4510707609,2787678657.25134,460586.982042285,202110140540
145,27527,4218,17,30234,Clayton,"",1395.11807898393,13951.1807898393,1261348608.45837,213730.175971786,202110140540
146,27529,7427,83,53854,Garner,"",1379.09904556765,13790.9904556765,1666161335.17407,336033.618547781,202110140540
147,27530,4636,91,40212,Goldsboro,"",1152.88968467124,11528.8968467124,2920081393.96802,465673.796837526,202110140540
148,27531,21,0,666,Goldsboro,"",315.315315315315,3153.15315315315,123956304.007813,71472.4653387502,202110140540
149,27534,3855,89,31819,Goldsboro,"",1211.54027467865,12115.4027467865,1995982542.31616,394454.137280507,202110140540
150,27536,2537,50,16459,Henderson,"",1541.40591773498,15414.0591773498,359552678.037964,148817.062353839,202110140540
151,27537,3412,41,25321,Henderson,"",1347.49812408673,13474.9812408673,5545289733.50195,795404.906342346,202110140540
152,27539,2373,10,26567,Apex,"",893.213385026537,8932.13385026537,805959451.628174,335082.894750929,202110140540
153,27540,4168,13,39075,Holly Springs,"",1066.66666666667,10666.6666666667,1299006108.57275,339054.617126205,202110140540
154,27541,492,3,4044,Hurdle Mills,"",1216.61721068249,12166.1721068249,1979862536.66309,328579.598479954,202110140540
155,27542,1342,20,10043,Kenly,"",1336.25410733844,13362.5410733844,2499059670.1123,366253.348192187,202110140540
156,27544,537,4,4291,Kittrell,"",1251.45653693778,12514.5653693778,1645813165.28467,322022.503716068,202110140540
157,27545,4621,44,30327,Knightdale,"",1523.72473373562,15237.2473373562,885541868.759766,219250.012614228,202110140540
158,27546,3295,87,22436,Lillington,"",1468.62185772865,14686.2185772865,3433026188.83105,510775.88711738,202110140540
159,27549,3225,39,25224,Louisburg,"",1278.54424357755,12785.4424357755,6636124442.18066,817297.028533166,202110140540
160,27551,163,3,2205,Macon,"",739.229024943311,7392.29024943311,2443966870.98499,402849.299843212,202110140540
161,27553,541,1,2030,Manson,"",2665.02463054187,26650.2463054187,1245206626.07959,217969.561788749,202110140540
162,27556,35,0,298,Middleburg,"",1174.4966442953,11744.966442953,67850312.0914307,63490.7222823736,202110140540
163,27557,1219,11,9214,Middlesex,"",1322.98675927936,13229.8675927936,2046463550.40088,338861.342265204,202110140540
164,27559,194,1,2874,Moncure,"",675.017397355602,6750.17397355602,1458825370.29968,366837.077035256,202110140540
165,27560,2604,15,33691,Morrisville,"",772.906710991066,7729.06710991066,794384947.373291,268297.11970144,202110140540
166,27562,352,1,2791,New Hill,"",1261.19670369043,12611.9670369043,1862081556.93738,349507.762295745,202110140540
167,27563,518,10,5312,Norlina,"",975.150602409639,9751.50602409639,1943381370.69177,412640.540954252,202110140540
168,27565,3380,52,26057,Oxford,"",1297.15623440918,12971.5623440918,9219811779.9552,826827.222809144,202110140540
169,27569,1386,12,8984,Princeton,"",1542.74265360641,15427.4265360641,2107084820.73511,313917.550563748,202110140540
170,27571,1142,1,7385,Rolesville,"",1546.37779282329,15463.7779282329,149121249.193359,94251.9264704589,202110140540
171,27572,629,3,7316,Rougemont,"",859.75943138327,8597.5943138327,3003228111.9873,397658.617230022,202110140540
172,27573,1697,58,11561,Roxboro,"",1467.86610154831,14678.6610154831,501787874.430542,219611.309648669,202110140540
173,27574,1663,16,15232,Roxboro,"",1091.78046218487,10917.8046218487,5527133817.3114,691755.452465683,202110140540
174,27576,2921,25,20197,Selma,"",1446.25439421696,14462.5439421696,2407427117.65723,339571.106645256,202110140540
175,27577,4318,58,25214,Smithfield,"",1712.54065201872,17125.4065201872,2877290650.99841,416726.966278933,202110140540
176,27581,441,2,3956,Stem,"",1114.76238624874,11147.6238624874,1038615853.81189,246789.101888964,202110140540
177,27583,885,9,7012,Timberlake,"",1262.12207644039,12621.2207644039,1327957318.65857,326956.719649922,202110140540
178,27587,9912,61,74087,Wake Forest,"",1337.88653879898,13378.8653879898,3132804734.81897,700749.84181148,202110140540
179,27589,945,11,8312,Warrenton,"",1136.91049085659,11369.1049085659,4790731000.68542,626837.217934379,202110140540
180,27591,3716,31,23448,Wendell,"",1584.78335039236,15847.8335039236,1913446220.02844,380727.392057269,202110140540
181,27592,2250,11,17368,Willow Spring,"",1295.48595117457,12954.8595117457,1090932847.86865,312475.180771683,202110140540
182,27596,2668,7,18655,Youngsville,"",1430.17957652104,14301.7957652104,1519151285.28821,344366.073155402,202110140540
183,27597,4409,28,25494,Zebulon,"",1729.42653173296,17294.2653173296,3191967656.80884,568385.679042481,202110140540
184,27601,1295,8,12139,Raleigh,"",1066.80945712167,10668.0945712167,49970514.2080078,41226.7428180515,202110140540
185,27603,7045,47,55479,Raleigh,"",1269.84985309757,12698.4985309757,1420350588.63403,346107.072534996,202110140540
186,27604,6122,54,47645,Raleigh,"",1284.91971875328,12849.1971875328,550434833.049927,194088.121184431,202110140540
187,27605,797,19,5253,Raleigh,"",1517.22825052351,15172.2825052351,26954475.7900391,26465.2700663817,202110140540
188,27606,4759,13,47938,Raleigh,"",992.740623305102,9927.40623305102,750229681.939209,267151.497057326,202110140540
189,27607,2789,13,30296,Raleigh,"",920.58357538949,9205.8357538949,519162282.902344,200611.380547666,202110140540
190,27608,1286,3,11603,Raleigh,"",1108.3340515384,11083.340515384,91889809.9622803,55583.7467967219,202110140540
191,27609,4296,29,38631,Raleigh,"",1112.0602624835,11120.602624835,310136046.756592,95880.163026763,202110140540
192,27610,12257,97,74203,Raleigh,"",1651.82000727733,16518.2000727733,1211166911.84558,327751.489063642,202110140540
193,27612,4123,40,39208,Raleigh,"",1051.57110793716,10515.7110793716,428868509.332275,164483.082879678,202110140540
194,27613,4331,15,46521,Raleigh,"",930.977408052277,9309.77408052278,675406849.409912,184431.643996557,202110140540
195,27614,3789,23,37689,Raleigh,"",1005.33312106981,10053.3312106981,829063194.918701,218912.319813944,202110140540
196,27615,4693,51,46038,Raleigh,"",1019.37529866632,10193.7529866632,525952454.993774,134192.839940925,202110140540
197,27616,7982,39,55260,Raleigh,"",1444.44444444444,14444.4444444444,646426991.218628,201092.505637391,202110140540
198,27617,2096,3,19511,Raleigh,"",1074.26579878018,10742.6579878018,230483847.672241,125016.743498849,202110140540
199,27701,2872,18,26489,Durham,"",1084.22364000151,10842.2364000151,147212202.097778,89264.6755119976,202110140540
200,27703,7339,35,61351,Durham,"",1196.23152026862,11962.3152026862,1376809528.09961,349864.156739061,202110140540
201,27704,5406,40,39369,Durham,"",1373.16162462851,13731.6162462851,1307759376.10449,279407.953507315,202110140540
202,27705,4507,86,48078,Durham,"",937.435001455967,9374.35001455967,1155101566.94189,288440.086812307,202110140540
203,27707,4856,17,47036,Durham,"",1032.40071434646,10324.0071434646,551326002.510864,228660.826032165,202110140540
204,27708,596,0,4635,Durham,"",1285.86839266451,12858.6839266451,24140532.868042,39624.2440738689,202110140540
205,27709,228,0,4,Durham,"",,,166810196.870483,93465.8554704913,202110140540
206,27710,11,0,0,Durham,"",,,3645590.83996582,9509.21127183631,202110140540
207,27712,1949,32,22055,Durham,"",883.699841305826,8836.99841305826,952678558.948486,239427.124284805,202110140540
208,27713,4456,31,53996,Durham,"",825.246314541818,8252.46314541818,1004016276.63342,186930.768828538,202110140540
209,27801,2971,29,21556,Rocky Mount,"",1378.27055112266,13782.7055112266,1947625744.14368,298032.749540484,202110140540
210,27803,2879,35,22337,Rocky Mount,"",1288.89286833505,12888.9286833505,1209689022.16736,314786.382274833,202110140540
211,27804,4278,96,29160,Rocky Mount,"",1467.07818930041,14670.7818930041,1207912397.80139,237805.719395058,202110140540
212,27805,354,4,3769,Aulander,"",939.241178031308,9392.41178031308,3260348789.01416,427031.578041759,202110140540
213,27806,227,4,2441,Aurora,"",929.946743138058,9299.46743138058,3806890944.80762,575449.481817415,202110140540
214,27807,1217,14,6940,Bailey,"",1753.6023054755,17536.023054755,1393278091.89233,266050.599193056,202110140540
215,27808,270,6,2481,Bath,"",1088.27085852479,10882.7085852479,1375581489.5946,320371.987641635,202110140540
216,27809,657,11,5254,Battleboro,"",1250.47582794062,12504.7582794062,2127311815.53979,418206.140952668,202110140540
217,27812,360,2,2951,Bethel,"",1219.92544900034,12199.2544900034,1796512894.90283,307599.921723871,202110140540
218,27813,109,0,687,Black Creek,"",1586.60844250364,15866.0844250364,17954681.8726807,21851.3845296183,202110140540
219,27814,183,2,1801,Blounts Creek,"",1016.10216546363,10161.0216546363,2084052221.88855,349050.345630614,202110140540
220,27816,332,4,2634,Castalia,"",1260.44039483675,12604.4039483675,1727056405.90051,269780.663460198,202110140540
221,27817,1054,11,7777,Chocowinity,"",1355.27838498136,13552.7838498136,3011254799.10022,441922.251479678,202110140540
222,27818,148,1,1269,Como,"",1166.27265563436,11662.7265563436,1775223218.97412,291672.91933713,202110140540
223,27820,293,6,3292,Conway,"",890.03645200486,8900.3645200486,1787180209.86865,300570.413456991,202110140540
224,27822,1357,21,9119,Elm City,"",1488.10176554447,14881.0176554447,2421416079.34338,500329.938801193,202110140540
225,27823,1078,11,7812,Enfield,"",1379.92831541219,13799.2831541219,5279947738.18738,591795.38238411,202110140540
226,27827,35,0,99,Falkland,"",3535.35353535354,35353.5353535354,6818760.54968262,12365.1347191574,202110140540
227,27828,1357,11,9031,Farmville,"",1502.60214815635,15026.0214815635,1954373169.79175,304535.643741104,202110140540
228,27829,267,1,1872,Fountain,"",1426.28205128205,14262.8205128205,1242859232.87109,276952.810668188,202110140540
229,27830,505,8,4858,Fremont,"",1039.52243721696,10395.2243721696,1661392631.86707,301522.072838785,202110140540
230,27831,459,7,3588,Garysburg,"",1279.26421404682,12792.6421404682,1733783751.73071,369102.732751728,202110140540
231,27832,426,8,2912,Gaston,"",1462.91208791209,14629.1208791209,1029571544.94922,217897.088475999,202110140540
232,27834,9298,57,57505,Greenville,"",1616.90287801061,16169.0287801061,5082356628.8689,890421.476518531,202110140540
233,27837,984,4,6506,Grimesland,"",1512.45004611128,15124.5004611128,1710764546.60681,462288.004070908,202110140540
234,27839,388,5,3702,Halifax,"",1048.08211777418,10480.8211777418,3728459644.54443,454921.143892168,202110140540
235,27840,82,3,535,Hamilton,"",1532.71028037383,15327.1028037383,127567387.286499,59155.8177418193,202110140540
236,27842,99,0,1436,Henrico,"",689.41504178273,6894.1504178273,414285932.678223,116849.514846702,202110140540
237,27843,168,2,946,Hobgood,"",1775.89852008457,17758.9852008457,1458584246.23853,232329.162988765,202110140540
238,27844,420,7,3039,Hollister,"",1382.03356367226,13820.3356367226,1251113401.94934,274076.283965929,202110140540
239,27845,269,11,2841,Jackson,"",946.849700809574,9468.49700809574,2842001076.66528,416912.567186113,202110140540
240,27846,473,6,3069,Jamesville,"",1541.21863799283,15412.1863799283,3050744149.28796,442133.927899832,202110140540
241,27847,75,0,1071,Kelford,"",700.280112044818,7002.80112044818,1048559305.60547,265580.578438826,202110140540
242,27849,152,3,1483,Lewiston Woodville,"",1024.94942683749,10249.4942683749,2062202839.65674,367759.436044123,202110140540
243,27850,638,7,7413,Littleton,"",860.650209092135,8606.50209092135,5554617534.52942,570792.398502674,202110140540
244,27851,773,10,5595,Lucama,"",1381.59070598749,13815.9070598749,1253082833.57764,200836.347936783,202110140540
245,27852,402,4,3454,Macclesfield,"",1163.8679791546,11638.679791546,1418996205.83582,268041.951522527,202110140540
246,27853,55,1,436,Margarettsville,"",1261.46788990826,12614.6788990826,1061331085.73535,233986.055045062,202110140540
247,27855,652,6,6105,Murfreesboro,"",1067.97706797707,10679.7706797707,1379257056.24951,246550.621363096,202110140540
248,27856,3045,36,17301,Nashville,"",1760.01387203052,17600.1387203052,3696764195.94336,508647.139191863,202110140540
249,27857,196,8,1601,Oak City,"",1224.23485321674,12242.3485321674,2180191629.70935,354763.313675516,202110140540
250,27858,8892,23,58170,Greenville,"",1528.62300154719,15286.2300154719,1683129152.90881,395293.630437,202110140540
251,27860,283,4,2062,Pantego,"",1372.45392822502,13724.5392822502,4384086912.80859,475177.331131482,202110140540
252,27862,70,0,945,Pendleton,"",740.740740740741,7407.40740740741,1337735767.81812,305131.144563485,202110140540
253,27863,1579,27,12670,Pikeville,"",1246.25098658248,12462.5098658248,1822358483.62146,414140.550515842,202110140540
254,27864,760,8,4823,Pinetops,"",1575.78270785818,15757.8270785818,1058515929.69434,223861.53375515,202110140540
255,27865,330,8,2003,Pinetown,"",1647.52870693959,16475.2870693959,3183419700.15735,407140.115990912,202110140540
256,27866,109,2,672,Pleasant Hill,"",1622.02380952381,16220.2380952381,548856343.547363,183824.668332886,202110140540
257,27869,369,17,2167,Rich Square,"",1702.81495154592,17028.1495154592,2314340977.34839,283794.508144883,202110140540
258,27870,4174,72,26633,Roanoke Rapids,"",1567.2286261405,15672.286261405,1958976214.39966,237465.130853914,202110140540
259,27871,587,11,4466,Robersonville,"",1314.37527989252,13143.7527989252,2640265625.23401,370404.169208956,202110140540
260,27874,575,12,4766,Scotland Neck,"",1206.46244229962,12064.6244229962,3988089594.78687,425091.541566969,202110140540
261,27876,158,4,1290,Seaboard,"",1224.80620155039,12248.0620155039,1161065802.28784,286123.221519332,202110140540
262,27880,536,1,3280,Sims,"",1634.14634146341,16341.4634146341,661768421.449585,178936.521495753,202110140540
263,27882,1230,15,7927,Spring Hope,"",1551.65888734704,15516.5888734704,2721376125.90833,404465.358087667,202110140540
264,27883,497,11,4361,Stantonsburg,"",1139.64686998395,11396.4686998395,2149873597.18677,378850.12800901,202110140540
265,27884,221,1,1545,Stokes,"",1430.42071197411,14304.2071197411,1118165618.53992,178810.199825372,202110140540
266,27885,319,5,859,Swanquarter,"",3713.62048894063,37136.2048894063,3236637890.30994,778832.459471456,202110140540
267,27886,3083,76,21595,Tarboro,"",1427.64528826117,14276.4528826117,5534275751.92761,530150.851444626,202110140540
268,27888,370,2,2803,Walstonburg,"",1320.01427042455,13200.1427042455,1661899290.0293,260588.447365408,202110140540
269,27889,4513,82,27543,Washington,"",1638.52884580474,16385.2884580474,4746901259.41052,624948.845007958,202110140540
270,27890,320,18,2398,Weldon,"",1334.44537114262,13344.4537114262,250295126.203369,88214.5142201125,202110140540
271,27891,664,10,5011,Whitakers,"",1325.0848134105,13250.848134105,3802342458.24487,551887.618669609,202110140540
272,27892,2247,35,14363,Williamston,"",1564.43639908097,15644.3639908097,4740161664.64209,528153.604658045,202110140540
273,27893,6323,139,40647,Wilson,"",1555.58835830443,15555.8835830443,3134674028.43115,441390.734015219,202110140540
274,27896,3261,41,21212,Wilson,"",1537.33735621346,15373.3735621346,1013992738.34033,260787.736893695,202110140540
275,27897,194,1,2467,Woodland,"",786.380218889339,7863.80218889339,1262848506.99878,250563.523857377,202110140540
276,27909,4834,98,40958,Elizabeth City,"",1180.23340983446,11802.3340983446,6356628470.42627,720925.199090358,202110140540
277,27910,1549,53,11609,Ahoskie,"",1334.30958738909,13343.0958738909,3854004911.8667,558805.248838311,202110140540
278,27915,69,0,758,Avon,"",910.290237467019,9102.90237467019,132797325.68457,159985.858445685,202110140540
279,27916,88,0,554,Aydlett,"",1588.4476534296,15884.476534296,175446906.710938,88834.9392660151,202110140540
280,27917,138,6,1084,Barco,"",1273.06273062731,12730.6273062731,583346697.773926,150643.300800981,202110140540
281,27922,109,4,1107,Cofield,"",984.643179765131,9846.43179765131,1372106941.59424,230585.938382193,202110140540
282,27924,379,4,3509,Colerain,"",1080.07979481334,10800.7979481334,2545571117.46045,325068.518729581,202110140540
283,27925,529,7,4164,Columbia,"",1270.41306436119,12704.1306436119,9421043776.67224,822613.133571787,202110140540
284,27926,132,1,1965,Corapeake,"",671.75572519084,6717.5572519084,1084179276.0813,176947.978129327,202110140540
285,27927,62,0,613,Corolla,"",1011.41924959217,10114.1924959217,685869287.21875,1266393.74615984,202110140540
286,27928,214,5,1888,Creswell,"",1133.47457627119,11334.7457627119,3736346955.86023,344143.792077436,202110140540
287,27929,158,2,1949,Currituck,"",810.672139558748,8106.72139558748,352573124.774658,146317.944454099,202110140540
288,27932,1964,36,12644,Edenton,"",1553.30591584941,15533.0591584941,3509551689.6084,391797.495792958,202110140540
289,27935,147,3,1674,Eure,"",878.136200716846,8781.36200716846,1443577833.21069,213483.780281898,202110140540
290,27937,365,6,4253,Gates,"",858.217728662121,8582.17728662121,2407949124.70361,290137.740864669,202110140540
291,27938,173,8,1430,Gatesville,"",1209.79020979021,12097.9020979021,1202645918.03784,229961.178585235,202110140540
292,27942,74,1,936,Harrellsville,"",790.598290598291,7905.98290598291,927451831.666504,150762.800286803,202110140540
293,27944,1324,12,12230,Hertford,"",1082.58381030253,10825.8381030253,5013940953.42065,828274.577378666,202110140540
294,27946,107,0,1089,Hobbsville,"",982.552800734619,9825.52800734619,1234977495.96777,250163.996071758,202110140540
295,27948,1256,2,12518,Kill Devil Hills,"",1003.35516855728,10033.5516855728,288939959.776123,266090.270790261,202110140540
296,27949,685,3,7235,Kitty Hawk,"",946.786454733932,9467.86454733932,426732703.740967,296487.581606319,202110140540
297,27950,126,0,2183,Knotts Island,"",577.187356848374,5771.87356848374,1009906812.90234,393684.159837613,202110140540
298,27957,155,7,1419,Merry Hill,"",1092.318534179,10923.18534179,1345289022.66797,219570.3989813,202110140540
299,27958,1223,10,12061,Moyock,"",1014.01210513224,10140.1210513224,2191273226.67993,258895.732965411,202110140540
300,27959,306,1,2451,Nags Head,"",1248.4700122399,12484.700122399,464337538.219238,468359.824712585,202110140540
301,27962,941,24,7439,Plymouth,"",1264.95496706547,12649.5496706547,2248894843.11377,323982.422404071,202110140540
302,27966,98,0,1473,Powells Point,"",665.3088934148,6653.088934148,310362212.773438,140593.315765635,202110140540
303,27968,29,0,413,Rodanthe,"",702.179176755448,7021.79176755448,255307311.38855,376970.397727617,202110140540
304,27970,397,8,3214,Roper,"",1235.2209085252,12352.209085252,3979984913.95898,386215.845703473,202110140540
305,27976,364,1,3561,South Mills,"",1022.1847795563,10221.847795563,2739484648.62012,348819.066033239,202110140540
306,27979,130,0,1813,Sunbury,"",717.043574186431,7170.43574186431,2196378526.26221,272849.595585558,202110140540
307,27982,8,0,0,Waves,"",,,5381164.09509277,11228.317119066,202110140540
308,27983,1296,30,10633,Windsor,"",1218.84698579893,12188.4698579893,9431469996.22351,861662.756904591,202110140540
309,27986,199,4,2650,Winton,"",750.943396226415,7509.43396226415,374234308.870117,153016.850399202,202110140540
310,28001,4849,120,28360,Albemarle,"",1709.80253878702,17098.0253878702,3791255242.38873,479491.354130006,202110140540
311,28006,214,2,1136,Alexis,"",1883.80281690141,18838.0281690141,126883649.701416,88485.0702727942,202110140540
312,28012,4047,39,24276,Belmont,"",1667.07859614434,16670.7859614434,865729022.118042,170607.841876971,202110140540
313,28016,2339,35,14526,Bessemer City,"",1610.21616411951,16102.1616411951,1271825919.55414,236943.686135101,202110140540
314,28018,903,30,5943,Bostic,"",1519.43462897527,15194.3462897527,2694770404.83051,433562.153950885,202110140540
315,28020,408,2,2464,Casar,"",1655.84415584416,16558.4415584416,1475633951.64899,260515.821792163,202110140540
316,28021,2331,48,13436,Cherryville,"",1734.89133670735,17348.9133670735,1626380587.60425,391038.422631114,202110140540
317,28023,2687,33,14843,China Grove,"",1810.28094051068,18102.8094051068,1273875684.14087,277795.952246167,202110140540
318,28025,8658,95,55325,Concord,"",1564.93447808405,15649.3447808405,2992149162.05573,466210.81613651,202110140540
319,28027,10511,95,74072,Concord,"",1419.02473269252,14190.2473269252,1903468707.60345,332965.289746403,202110140540
320,28031,3942,29,31049,Cornelius,"",1269.60610647686,12696.0610647686,672168572.25116,151594.592125485,202110140540
321,28032,545,3,3249,Cramerton,"",1677.43921206525,16774.3921206525,59161626.1264038,51515.5503878613,202110140540
322,28033,617,5,3362,Crouse,"",1835.21713265913,18352.1713265913,509703222.739563,189532.085619349,202110140540
323,28034,3580,46,17859,Dallas,"",2004.59152248166,20045.9152248166,1273410668.68243,215322.291269956,202110140540
324,28036,2287,17,18554,Davidson,"",1232.61830333082,12326.1830333082,669928559.48645,197029.793668161,202110140540
325,28037,3759,12,23834,Denver,"",1577.15868087606,15771.5868087606,1521729514.62848,312689.389421741,202110140540
326,28039,70,4,428,East Spencer,"",1635.51401869159,16355.1401869159,13759835.5942383,34526.6128305972,202110140540
327,28040,1233,20,8270,Ellenboro,"",1490.93107617896,14909.3107617896,1773879551.02985,348064.117544275,202110140540
328,28043,3637,110,21472,Forest City,"",1693.83383010432,16938.3383010432,1816346053.52002,348394.442075552,202110140540
329,28052,6375,112,36823,Gastonia,"",1731.25492219537,17312.5492219537,1165429048.27631,189783.469072903,202110140540
330,28054,6849,109,40184,Gastonia,"",1704.40971530958,17044.0971530958,562652947.772949,139549.083675328,202110140540
331,28056,5788,70,35595,Gastonia,"",1626.07107739851,16260.7107739851,1342394953.02258,344787.60681341,202110140540
332,28071,514,5,3198,Gold Hill,"",1607.2545340838,16072.545340838,1345839018.92865,236923.074375116,202110140540
333,28073,960,14,5606,Grover,"",1712.45094541563,17124.5094541563,702973243.533203,143952.911566798,202110140540
334,28075,2774,18,19174,Harrisburg,"",1446.75080838636,14467.5080838636,656107496.741638,238150.023406484,202110140540
335,28078,8605,73,66079,Huntersville,"",1302.22914995687,13022.2914995687,1870251820.14679,316647.648839996,202110140540
336,28079,5777,42,39813,Indian Trail,"",1451.03358199583,14510.3358199583,1221176124.08392,283660.370334182,202110140540
337,28080,1276,7,8157,Iron Station,"",1564.30060071105,15643.0060071105,1095921164.38501,240845.709042299,202110140540
338,28081,4491,55,28249,Kannapolis,"",1589.79078905448,15897.9078905448,862858421.935425,200259.108957382,202110140540
339,28083,4261,58,25877,Kannapolis,"",1646.63600881091,16466.3600881091,582493569.448059,145983.725103448,202110140540
340,28086,5088,77,26988,Kings Mountain,"",1885.28234771009,18852.8234771009,2467878462.36133,329807.139806484,202110140540
341,28088,628,2,3059,Landis,"",2052.95848316443,20529.5848316443,72787169.9580688,52885.3256566675,202110140540
342,28090,1224,22,8506,Lawndale,"",1438.9842464143,14389.842464143,2661358061.4715,458218.963524002,202110140540
343,28091,306,4,2353,Lilesville,"",1300.46748831279,13004.6748831279,2694411423.45477,313074.926269122,202110140540
344,28092,7055,69,40052,Lincolnton,"",1761.46010186757,17614.6010186757,3216596915.74634,535483.341451103,202110140540
345,28097,1237,5,6124,Locust,"",2019.9216198563,20199.216198563,836579136.406799,181830.474266294,202110140540
346,28098,650,4,4010,Lowell,"",1620.94763092269,16209.4763092269,99103128.4535522,49283.194148661,202110140540
347,28103,1791,33,11346,Marshville,"",1578.52987837123,15785.2987837123,4253866560.83563,449440.107851782,202110140540
348,28104,4374,19,32469,Matthews,"",1347.13110967384,13471.3110967384,824578845.587585,325979.692599077,202110140540
349,28105,5393,78,45346,Matthews,"",1189.30004851586,11893.0004851586,668165195.784729,278013.840820393,202110140540
350,28107,1430,11,8210,Midland,"",1741.77831912302,17417.7831912302,1388640520.38739,250943.513182056,202110140540
351,28110,9122,100,55536,Monroe,"",1642.53817343705,16425.3817343705,3676478383.48267,422255.233862207,202110140540
352,28112,4712,68,28060,Monroe,"",1679.25873129009,16792.5873129009,3713382117.46545,318461.97727687,202110140540
353,28114,1258,16,9034,Mooresboro,"",1392.51715740536,13925.1715740536,1900066101.23077,346437.871140422,202110140540
354,28115,6058,56,41536,Mooresville,"",1458.4938366718,14584.938366718,2057262512.61176,327151.756863337,202110140540
355,28117,6602,25,47608,Mooresville,"",1386.74172407999,13867.4172407999,1555969690.69189,234425.757349855,202110140540
356,28119,419,9,3034,Morven,"",1381.01516150297,13810.1516150297,1970357677.74512,298425.648226889,202110140540
357,28120,3756,50,24318,Mount Holly,"",1544.53491241056,15445.3491241056,1001654680.08618,272689.093586748,202110140540
358,28124,1103,13,7015,Mount Pleasant,"",1572.34497505346,15723.4497505346,1620148303.23315,301866.136666845,202110140540
359,28125,393,4,2657,Mount Ulla,"",1479.11178020324,14791.1178020324,1169162879.13867,198953.955252748,202110140540
360,28127,1498,14,7631,New London,"",1963.04547241515,19630.4547241515,2159940152.89789,468250.659328753,202110140540
361,28128,1207,17,8098,Norwood,"",1490.49147937762,14904.9147937762,2054286113.35083,282114.674844027,202110140540
362,28129,980,12,6031,Oakboro,"",1624.93782125684,16249.3782125684,1226619926.53345,219035.034364981,202110140540
363,28133,393,7,2713,Peachland,"",1448.5809067453,14485.809067453,2384968915.9574,421295.337069002,202110140540
364,28134,1756,29,11817,Pineville,"",1485.99475332149,14859.9475332149,248618254.324951,88085.4538299007,202110140540
365,28135,730,7,5968,Polkton,"",1223.19034852547,12231.9034852547,2916374106.84241,475980.429437206,202110140540
366,28137,512,5,3843,Richfield,"",1332.29247983346,13322.9247983346,1223676252.05975,291589.496037827,202110140540
367,28138,1817,35,11659,Rockwell,"",1558.45269748692,15584.5269748692,1278406256.12445,357387.534646104,202110140540
368,28139,3228,109,20134,Rutherfordton,"",1603.25817025926,16032.5817025926,5078697342.95056,674832.691106946,202110140540
369,28144,4563,81,25846,Salisbury,"",1765.45693724367,17654.5693724367,867982991.287292,279505.654446658,202110140540
370,28146,5131,75,30382,Salisbury,"",1688.8289118557,16888.289118557,3012969418.7887,452196.720325258,202110140540
371,28147,5099,106,26204,Salisbury,"",1945.88612425584,19458.8612425584,2146390330.37,312495.471896358,202110140540
372,28150,4984,107,29296,Shelby,"",1701.25614418351,17012.5614418351,3159764942.52783,579453.815714684,202110140540
373,28152,4297,64,26078,Shelby,"",1647.74906051078,16477.4906051078,2247420971.2251,304211.560780765,202110140540
374,28159,626,23,3126,Spencer,"",2002.55918106206,20025.5918106206,51886096.1330566,42602.5220628392,202110140540
375,28160,785,12,4015,Spindale,"",1955.16811955168,19551.6811955168,170326604.450989,70799.3749654705,202110140540
376,28163,863,5,5814,Stanfield,"",1484.348125215,14843.48125215,970276414.142883,191731.821086023,202110140540
377,28164,2414,49,15447,Stanley,"",1562.76299605101,15627.6299605101,1144736813.58362,324856.854746788,202110140540
378,28166,1581,25,9868,Troutman,"",1602.14835832996,16021.4835832996,911716953.816406,217041.310552798,202110140540
379,28167,347,5,2418,Union Mills,"",1435.07030603805,14350.7030603805,1934997992.23633,347927.953502144,202110140540
380,28168,1850,20,10437,Vale,"",1772.54000191626,17725.4000191626,2469130589.68384,340004.345415379,202110140540
381,28170,1862,46,12494,Wadesboro,"",1490.31535136866,14903.1535136866,5053183842.2157,655726.472285971,202110140540
382,28173,8231,40,63837,Waxhaw,"",1289.37763366073,12893.7763366073,3045162637.21796,318858.064536165,202110140540
383,28174,1615,15,9287,Wingate,"",1738.98998600194,17389.8998600194,985461754.807983,246986.820118662,202110140540
384,28202,2914,3,16755,Charlotte,"",1739.18233363175,17391.8233363175,50452583.9099121,34485.9053855683,202110140540
385,28203,3011,6,19070,Charlotte,"",1578.91976927111,15789.1976927111,91001089.479126,54761.2733662689,202110140540
386,28204,1415,8,8738,Charlotte,"",1619.36369878691,16193.6369878691,48899100.5548096,40761.7265321132,202110140540
387,28205,6756,73,51821,Charlotte,"",1303.71856969182,13037.1856969182,335820474.82135,104910.810677792,202110140540
388,28206,2335,14,15244,Charlotte,"",1531.75019679874,15317.5019679874,182577260.697876,71458.050216539,202110140540
389,28207,1087,6,9761,Charlotte,"",1113.61540825735,11136.1540825735,68333859.7921753,36157.3958026361,202110140540
390,28208,6493,59,39944,Charlotte,"",1625.52573603044,16255.2573603044,595973347.5495,157267.598078636,202110140540
391,28209,3134,16,26012,Charlotte,"",1204.82854067354,12048.2854067354,157335764.525879,72359.4847682198,202110140540
392,28210,5791,48,44704,Charlotte,"",1295.4098067287,12954.098067287,342547124.476257,112745.958411282,202110140540
393,28211,3522,73,31253,Charlotte,"",1126.9318145458,11269.318145458,292827786.05603,102838.759144167,202110140540
394,28212,6340,44,42744,Charlotte,"",1483.24911098634,14832.4911098634,237710291.866211,96077.3791004252,202110140540
395,28213,7497,59,45338,Charlotte,"",1653.57977855221,16535.7977855221,412614569.613403,162252.089416931,202110140540
396,28214,7123,48,41208,Charlotte,"",1728.54785478548,17285.4785478548,965554836.030151,224926.880987091,202110140540
397,28215,9789,79,60256,Charlotte,"",1624.56850770048,16245.6850770048,782010510.903748,222976.412140327,202110140540
398,28216,8831,72,58744,Charlotte,"",1503.30246493259,15033.0246493259,857978895.941772,184761.316525275,202110140540
399,28217,4387,24,30875,Charlotte,"",1420.89068825911,14208.9068825911,428067925.271423,132462.900799897,202110140540
400,28226,4421,40,40227,Charlotte,"",1099.01310065379,10990.1310065379,430471271.22644,131097.087702525,202110140540
401,28227,8554,70,57319,Charlotte,"",1492.34983164396,14923.4983164396,1173416755.00244,297066.255269002,202110140540
402,28262,6371,49,43683,Charlotte,"",1458.46210196186,14584.6210196186,593648477.600464,159979.41236041,202110140540
403,28269,10895,68,81464,Charlotte,"",1337.40056957675,13374.0056957675,840640266.840637,192155.045229048,202110140540
404,28270,3475,31,34753,Charlotte,"",999.913676517135,9999.13676517135,345778417.622314,161555.486865571,202110140540
405,28273,6300,44,40544,Charlotte,"",1553.86740331492,15538.6740331492,614626385.142517,192801.276498243,202110140540
406,28277,7352,33,72020,Charlotte,"",1020.82754790336,10208.2754790336,675381884.726379,144850.675101077,202110140540
407,28278,4429,22,32539,Charlotte,"",1361.13586772796,13611.3586772796,902762098.137573,246465.469761239,202110140540
408,28301,2567,77,17717,Fayetteville,"",1448.89089574984,14488.9089574984,348717238.9104,130217.445212828,202110140540
409,28303,3779,42,34600,Fayetteville,"",1092.19653179191,10921.9653179191,540160738.043701,179304.154504403,202110140540
410,28304,4436,40,39651,Fayetteville,"",1118.76119139492,11187.6119139492,491742944.185852,186465.416198877,202110140540
411,28305,636,7,5010,Fayetteville,"",1269.46107784431,12694.6107784431,69895111.336731,49443.8950343603,202110140540
412,28306,5644,55,42565,Fayetteville,"",1325.97204275813,13259.7204275813,2090603260.31519,562860.488861907,202110140540
413,28307,1481,0,15486,Fort Bragg,"",956.347668862198,9563.47668862198,174879596.356018,92732.9092032322,202110140540
414,28310,1378,0,8861,Fort Bragg,"",1555.12921792123,15551.2921792123,506286340.902344,200733.090413706,202110140540
415,28311,4430,38,36046,Fayetteville,"",1228.98518559618,12289.8518559618,1336136656.04889,240844.864072535,202110140540
416,28312,2568,46,18419,Fayetteville,"",1394.21249796406,13942.1249796406,4341373681.0871,556260.336471475,202110140540
417,28314,7121,54,53642,Fayetteville,"",1327.50456731665,13275.0456731665,816473670.87677,185615.29020179,202110140540
418,28315,1947,24,13329,Aberdeen,"",1460.72473553905,14607.2473553905,2049308469.85626,494397.056686911,202110140540
419,28318,695,6,4579,Autryville,"",1517.79864599257,15177.9864599257,2217851356.83313,372935.466158955,202110140540
420,28320,1535,34,9381,Bladenboro,"",1636.28611022279,16362.8611022279,3248490168.58801,381864.201698899,202110140540
421,28323,608,2,4578,Bunnlevel,"",1328.09086937527,13280.9086937527,1112191308.33496,301931.807656215,202110140540
422,28326,2940,18,22382,Cameron,"",1313.55553569833,13135.5553569833,3242119864.63824,488036.1730633,202110140540
423,28327,2585,39,18273,Carthage,"",1414.65550265419,14146.5550265419,5396542091.08795,586939.342565835,202110140540
424,28328,4563,63,26951,Clinton,"",1693.0726132611,16930.726132611,6810728499.67102,657248.933701038,202110140540
425,28333,1521,30,10709,Dudley,"",1420.30068166962,14203.0068166962,1249687746.85376,213915.020571421,202110140540
426,28334,4740,66,26215,Dunn,"",1808.12511920656,18081.2511920656,4497238669.98419,544402.158241248,202110140540
427,28337,1713,31,11927,Elizabethtown,"",1436.23710908024,14362.3710908024,5069041872.41577,577770.225904475,202110140540
428,28338,597,9,4804,Ellerbe,"",1242.71440466278,12427.1440466278,3935542448.08881,492508.044174153,202110140540
429,28339,1134,14,7226,Erwin,"",1569.3329642956,15693.329642956,1064553458.41333,310656.999787592,202110140540
430,28340,1767,43,10738,Fairmont,"",1645.55783199851,16455.5783199851,3757196814.59872,450516.228420329,202110140540
431,28341,698,6,5080,Faison,"",1374.0157480315,13740.157480315,2787115249.34564,421094.619116887,202110140540
432,28343,248,8,1567,Gibson,"",1582.64199106573,15826.4199106573,458723474.164063,106909.663733147,202110140540
433,28344,622,7,3814,Godwin,"",1630.83377031987,16308.3377031987,1128755315.22852,269142.265002464,202110140540
434,28345,1997,39,12656,Hamlet,"",1577.90771175727,15779.0771175727,2126402412.95966,332606.523883072,202110140540
435,28347,255,1,1826,Hoffman,"",1396.49507119387,13964.9507119387,747268691.675964,194334.44204749,202110140540
436,28348,5038,45,36052,Hope Mills,"",1397.42594030844,13974.2594030844,1166315651.14276,329846.853315969,202110140540
437,28349,775,18,3955,Kenansville,"",1959.54487989886,19595.4487989886,1959246504.78113,326624.538750416,202110140540
438,28350,39,0,70,Lakeview,"",5571.42857142857,55714.2857142857,7876659.25891113,11657.1581787366,202110140540
439,28351,726,7,5269,Laurel Hill,"",1377.87056367432,13778.7056367432,1788599136.13666,386362.394376361,202110140540
440,28352,4007,80,25298,Laurinburg,"",1583.91967744486,15839.1967744486,3264782876.16284,438869.872406896,202110140540
441,28356,756,7,4914,Linden,"",1538.46153846154,15384.6153846154,1497885580.84283,286294.988335977,202110140540
442,28357,404,5,3224,Lumber Bridge,"",1253.1017369727,12531.017369727,998095899.747498,200973.924425577,202110140540
443,28358,6950,134,38517,Lumberton,"",1804.39805800036,18043.9805800036,5499536726.32037,504386.804277589,202110140540
444,28360,2779,40,14944,Lumberton,"",1859.60920770878,18596.0920770878,1985862696.58282,363920.117329658,202110140540
445,28363,175,1,1079,Marston,"",1621.87210379981,16218.7210379981,1736455559.11224,383927.716730152,202110140540
446,28364,2589,42,15170,Maxton,"",1706.65787738958,17066.5787738958,3845135736.01221,464303.223304611,202110140540
447,28365,2251,53,17063,Mount Olive,"",1319.22874054973,13192.2874054973,5449867058.99634,617077.136427741,202110140540
448,28366,961,14,5153,Newton Grove,"",1864.93304870949,18649.3304870949,2293381130.24042,414618.719505341,202110140540
449,28369,382,8,2241,Orrum,"",1704.59616242749,17045.9616242749,1800121585.61136,401393.305842191,202110140540
450,28371,1028,17,7085,Parkton,"",1450.95271700776,14509.5271700776,1005950088.08063,229991.086519014,202110140540
451,28372,2982,42,15254,Pembroke,"",1954.89707617674,19548.9707617674,1147770145.91595,255857.280522167,202110140540
452,28373,352,5,2552,Pinebluff,"",1379.31034482759,13793.1034482759,460329066.992676,140223.621385681,202110140540
453,28374,1921,54,18171,Pinehurst,"",1057.1790215178,10571.790215178,609888351.153748,186776.563275303,202110140540
454,28376,5737,65,43831,Raeford,"",1308.89096758002,13088.9096758002,8255601209.37079,618028.253174215,202110140540
455,28377,2267,40,13036,Red Springs,"",1739.03037741639,17390.3037741639,2872865768.25568,446034.002241504,202110140540
456,28379,3904,82,25804,Rockingham,"",1512.94372965432,15129.4372965432,4156662320.34821,486165.084209016,202110140540
457,28382,1052,17,8006,Roseboro,"",1314.01448913315,13140.1448913315,3525739741.42773,652666.741452106,202110140540
458,28383,1421,25,7713,Rowland,"",1842.3440943861,18423.440943861,2904453853.97415,460017.981876533,202110140540
459,28384,2216,29,12414,Saint Pauls,"",1785.08135975512,17850.8135975512,2850567240.80182,480450.415018018,202110140540
460,28385,524,3,3005,Salemburg,"",1743.76039933444,17437.6039933444,1040463355.97156,321938.125650219,202110140540
461,28386,1199,13,6068,Shannon,"",1975.93935398813,19759.3935398813,1134602512.8537,354913.796549299,202110140540
462,28387,1991,61,17139,Southern Pines,"",1161.67804422662,11616.7804422662,810260751.658813,181010.127281146,202110140540
463,28390,2719,23,23494,Spring Lake,"",1157.3167617264,11573.167617264,1630867413.08136,287302.836124697,202110140540
464,28391,717,10,5326,Stedman,"",1346.22606083365,13462.2606083365,1084470955.12604,202263.555324582,202110140540
465,28392,268,5,1554,Tar Heel,"",1724.58172458172,17245.8172458172,925384379.987671,187529.786563955,202110140540
466,28393,352,6,2160,Turkey,"",1629.62962962963,16296.2962962963,1437383838.7915,233550.655699493,202110140540
467,28394,708,6,6094,Vass,"",1161.79849031835,11617.9849031835,1215312777.16113,300186.221923817,202110140540
468,28395,381,3,2657,Wade,"",1433.94806172375,14339.4806172375,1382105528.22943,246616.208913961,202110140540
469,28396,361,8,2679,Wagram,"",1347.51773049645,13475.1773049645,1631714382.90094,330475.243709585,202110140540
470,28398,1312,25,7672,Warsaw,"",1710.11470281543,17101.1470281543,2739435952.33466,345606.723026117,202110140540
471,28399,302,3,1934,White Oak,"",1561.53050672182,15615.3050672182,2338498223.40869,308489.981388208,202110140540
472,28401,3087,67,24213,Wilmington,"",1274.93495229835,12749.3495229835,925590291.269562,302995.405207511,202110140540
473,28403,5532,32,41945,Wilmington,"",1318.8699487424,13188.699487424,403456249.54361,135103.298695973,202110140540
474,28405,4163,36,33719,Wilmington,"",1234.61549868027,12346.1549868027,694443662.189972,212896.044608315,202110140540
475,28409,3785,30,34974,Wilmington,"",1082.232515583,10822.32515583,678530052.059952,626246.018361276,202110140540
476,28411,4345,38,38820,Wilmington,"",1119.26841834106,11192.6841834106,1477023573.08954,591854.549770877,202110140540
477,28412,4738,59,42977,Wilmington,"",1102.45014775345,11024.5014775345,635947452.301941,245813.217862995,202110140540
478,28420,640,12,5116,Ash,"",1250.97732603597,12509.7732603597,4030119174.4476,622951.504256467,202110140540
479,28421,201,4,2040,Atkinson,"",985.294117647059,9852.94117647059,1701084244.28595,246250.995159075,202110140540
480,28422,936,13,8682,Bolivia,"",1078.09260539046,10780.9260539046,2520456183.00197,406510.949073508,202110140540
481,28423,324,4,2285,Bolton,"",1417.94310722101,14179.4310722101,4327886518.67657,560706.23791653,202110140540
482,28425,1800,27,12625,Burgaw,"",1425.74257425743,14257.4257425743,4872852970.19843,522799.098840263,202110140540
483,28428,764,3,7142,Carolina Beach,"",1069.72836740409,10697.2836740409,153392950.326767,131890.839899376,202110140540
484,28429,1108,13,8542,Castle Hayne,"",1297.12011238586,12971.2011238586,1146009267.92944,244578.64538817,202110140540
485,28430,331,6,2055,Cerro Gordo,"",1610.70559610706,16107.0559610706,1294763521.80133,235369.368885516,202110140540
486,28431,1223,31,6741,Chadbourn,"",1814.27087969144,18142.7087969144,2019287633.59152,414968.282140326,202110140540
487,28432,397,4,1684,Clarendon,"",2357.48218527316,23574.8218527316,913029717.719559,381140.327621417,202110140540
488,28433,696,8,5297,Clarkton,"",1313.95129318482,13139.5129318482,3257754219.81824,497145.128049416,202110140540
489,28434,134,4,1357,Council,"",987.472365512159,9874.72365512159,2209417286.23001,262045.947095385,202110140540
490,28435,355,5,2931,Currie,"",1211.19071989082,12111.9071989082,2746865502.37314,418800.327512466,202110140540
491,28436,348,4,2312,Delco,"",1505.19031141869,15051.9031141869,1250613651.60083,304067.898737589,202110140540
492,28438,305,3,1688,Evergreen,"",1806.87203791469,18068.7203791469,1324758692.31961,354385.951020837,202110140540
493,28439,257,12,1536,Fair Bluff,"",1673.17708333333,16731.7708333333,667490225.496307,213264.007900786,202110140540
494,28441,472,5,3328,Garland,"",1418.26923076923,14182.6923076923,3774857745.4223,555550.533903292,202110140540
495,28442,242,7,1734,Hallsboro,"",1395.61707035755,13956.1707035755,1395074837.14975,336354.405393145,202110140540
496,28443,3194,28,22483,Hampstead,"",1420.62891962816,14206.2891962816,4337834719.99771,560208.032392264,202110140540
497,28444,325,1,2278,Harrells,"",1426.69007901668,14266.9007901668,3251010335.70935,548979.732892781,202110140540
498,28445,1260,18,8142,Holly Ridge,"",1547.53131908622,15475.3131908622,2835470197.40424,676482.174744674,202110140540
499,28447,178,0,1334,Ivanhoe,"",1334.33283358321,13343.3283358321,2755654733.91089,442226.920323366,202110140540
500,28448,114,1,1216,Kelly,"",937.5,9375,2360585218.26868,400674.523076971,202110140540
501,28449,128,2,1958,Kure Beach,"",653.728294177732,6537.28294177732,112229003.875305,80695.004584803,202110140540
502,28450,326,11,2397,Lake Waccamaw,"",1360.03337505215,13600.3337505215,1482484363.39343,277199.450521116,202110140540
503,28451,4944,41,39194,Leland,"",1261.41756391284,12614.1756391284,5322314275.71591,771852.448618023,202110140540
504,28452,103,2,513,Longwood,"",2007.79727095517,20077.9727095517,201031402.998276,76626.878203892,202110140540
505,28453,756,7,4137,Magnolia,"",1827.41116751269,18274.1116751269,2286467269.94287,428957.863476439,202110140540
506,28454,426,6,3549,Maple Hill,"",1200.33812341505,12003.3812341505,3064407818.25446,319144.850869927,202110140540
507,28455,344,4,1718,Nakina,"",2002.3282887078,20023.282887078,1802269564.75485,339624.478895421,202110140540
508,28456,523,9,3566,Riegelwood,"",1466.62927650028,14666.2927650028,1872158645.14374,368901.622022321,202110140540
509,28457,1610,16,12840,Rocky Point,"",1253.89408099688,12538.9408099688,3397895880.78387,551931.996451502,202110140540
510,28458,1005,16,7018,Rose Hill,"",1432.03191792533,14320.3191792533,3025757032.09851,549753.327973728,202110140540
511,28460,1634,7,10588,Sneads Ferry,"",1543.25651681148,15432.5651681148,868820245.916626,505270.66774661,202110140540
512,28461,1749,21,20575,Southport,"",850.060753341434,8500.60753341434,2976816159.44659,699193.3729383,202110140540
513,28462,1564,21,14309,Supply,"",1093.01838004053,10930.1838004053,3173815797.17624,578042.071238933,202110140540
514,28463,2031,45,9865,Tabor City,"",2058.79371515459,20587.9371515459,3441446535.6745,489113.866817469,202110140540
515,28464,436,7,2491,Teachey,"",1750.30108390205,17503.0108390205,651873569.02948,216752.818849917,202110140540
516,28465,686,8,8285,Oak Island,"",828.002414001207,8280.02414001207,278142792.540329,260764.452809295,202110140540
517,28466,1709,42,10375,Wallace,"",1647.22891566265,16472.2891566265,4134830722.40503,646652.750223625,202110140540
518,28467,1277,20,11393,Calabash,"",1120.86368822961,11208.6368822961,478052225.035095,182374.085490172,202110140540
519,28468,509,3,5394,Sunset Beach,"",943.641082684464,9436.41082684464,561581539.026329,281339.504069841,202110140540
520,28469,933,20,7481,Ocean Isle Beach,"",1247.159470659,12471.59470659,718539224.77166,397460.188245044,202110140540
521,28470,1547,48,13446,Shallotte,"",1150.52803807824,11505.2803807824,1182514664.27979,362760.617388835,202110140540
522,28472,3184,79,20002,Whiteville,"",1591.84081591841,15918.4081591841,5336860792.21823,836470.753006454,202110140540
523,28478,699,7,4976,Willard,"",1404.74276527331,14047.4276527331,3641064446.79327,420805.470689162,202110140540
524,28479,809,14,4874,Winnabow,"",1659.82765695527,16598.2765695527,2117768058.25922,493774.783138492,202110140540
525,28480,374,0,2737,Wrightsville Beach,"",1366.45962732919,13664.5962732919,105606171.513519,198146.556810674,202110140540
526,28501,2705,48,19507,Kinston,"",1386.68170400369,13866.8170400369,2991635337.302,625626.15035165,202110140540
527,28504,3508,54,21016,Kinston,"",1669.20441568329,16692.0441568329,3402165916.96191,527051.926248194,202110140540
528,28508,394,7,2984,Albertson,"",1320.37533512064,13203.7533512064,979966062.858154,216402.11543394,202110140540
529,28510,152,0,1543,Arapahoe,"",985.093972780298,9850.93972780298,492605022.366577,160146.449017413,202110140540
530,28511,49,0,628,Atlantic,"",780.254777070064,7802.54777070064,664520864.566406,632922.312503468,202110140540
531,28512,352,7,3689,Atlantic Beach,"",954.188126863649,9541.88126863649,159414908.561523,282548.210087653,202110140540
532,28513,1516,5,10825,Ayden,"",1400.46189376443,14004.6189376443,2611479123.85803,477095.460669019,202110140540
533,28515,453,3,3463,Bayboro,"",1308.11435171816,13081.1435171816,1758589825.68518,437586.784820445,202110140540
534,28516,1274,11,12482,Beaufort,"",1020.66976446082,10206.6976446082,3384236686.76337,1001596.71803034,202110140540
535,28518,1438,23,8803,Beulaville,"",1633.53402249233,16335.3402249233,2702594658.36359,473932.945095065,202110140540
536,28521,372,9,2259,Chinquapin,"",1646.74634794157,16467.4634794157,984336924.154663,232445.955683395,202110140540
537,28523,352,3,2274,Cove City,"",1547.93315743184,15479.3315743184,2247611957.06177,297516.586083844,202110140540
538,28525,503,4,3309,Deep Run,"",1520.09670595346,15200.9670595346,1368793733.10339,260376.07892082,202110140540
539,28526,314,5,2384,Dover,"",1317.11409395973,13171.1409395973,2062614072.29626,437910.466683838,202110140540
540,28529,434,9,2539,Grantsboro,"",1709.3343836156,17093.343836156,2523317524.60889,412017.089612736,202110140540
541,28530,1127,16,7474,Grifton,"",1507.89403264651,15078.9403264651,1906098626.48975,426610.065184872,202110140540
542,28531,142,3,1414,Harkers Island,"",1004.243281471,10042.43281471,96666650.4205933,159397.370996394,202110140540
543,28532,2634,10,25868,Havelock,"",1018.2464821401,10182.464821401,5072028576.29651,874966.498361209,202110140540
544,28538,476,3,3342,Hookerton,"",1424.29682824656,14242.9682824656,837514346.679443,167225.326393657,202110140540
545,28539,2202,20,18000,Hubert,"",1223.33333333333,12233.3333333333,2158531628.89203,965472.416809674,202110140540
546,28540,6965,78,52400,Jacksonville,"",1329.19847328244,13291.9847328244,3283488394.35052,547729.060516664,202110140540
547,28542,677,0,6146,Camp Lejeune,"",1101.52945004881,11015.2945004881,1137151211.30426,554417.951637184,202110140540
548,28543,509,2,6618,Tarawa Terrace,"",769.114536113629,7691.14536113629,101812905.851257,81799.9494086723,202110140540
549,28546,6994,63,51963,Jacksonville,"",1345.95770067163,13459.5770067163,2766403023.01086,429757.095409677,202110140540
550,28547,1975,0,13868,Camp Lejeune,"",1424.14190943179,14241.4190943179,321351155.112183,125030.1108688,202110140540
551,28551,2063,29,14265,La Grange,"",1446.19698562916,14461.9698562916,3578620059.57935,402405.541085344,202110140540
552,28553,36,1,522,Marshallberg,"",689.655172413793,6896.55172413793,44093630.395752,64625.7950525978,202110140540
553,28555,715,4,4702,Maysville,"",1520.62951935347,15206.2951935347,3623337430.05573,600372.548840717,202110140540
554,28557,1810,16,15254,Morehead City,"",1186.57401337354,11865.7401337354,400526127.961975,291647.007459014,202110140540
555,28560,3923,63,28926,New Bern,"",1356.21931826039,13562.1931826039,3309199654.78784,1030041.14449326,202110140540
556,28562,4998,55,38009,New Bern,"",1314.95172196059,13149.5172196059,3853792240.20764,1071472.47820273,202110140540
557,28570,2764,20,22687,Newport,"",1218.31886102173,12183.1886102173,4050945831.7467,612371.091717979,202110140540
558,28571,208,3,3137,Oriental,"",663.053873127192,6630.53873127192,1482289449.53186,353024.47769856,202110140540
559,28572,1105,13,6379,Pink Hill,"",1732.24643361028,17322.4643361028,3042675125.74115,395176.694907307,202110140540
560,28573,315,17,2475,Pollocksville,"",1272.72727272727,12727.2727272727,3035889883.2348,360117.83631843,202110140540
561,28574,2887,33,17702,Richlands,"",1630.88916506609,16308.8916506609,3868294357.7301,523654.71280993,202110140540
562,28577,35,2,595,Sealevel,"",588.235294117647,5882.35294117647,131607264.267456,82049.6590834025,202110140540
563,28578,751,10,7044,Seven Springs,"",1066.15559341283,10661.5559341283,1837860745.29797,304549.150963809,202110140540
564,28580,1678,39,12031,Snow Hill,"",1394.73028010972,13947.3028010972,3261656823.56982,373362.024423985,202110140540
565,28582,248,2,1824,Stella,"",1359.64912280702,13596.4912280702,566119411.242798,233745.537488707,202110140540
566,28584,1554,17,12910,Swansboro,"",1203.71804802479,12037.1804802479,870417864.570801,630505.524420815,202110140540
567,28585,544,9,4170,Trenton,"",1304.55635491607,13045.5635491607,5857263271.9624,616313.550954669,202110140540
568,28586,1680,12,8427,Vanceboro,"",1993.5920256319,19935.920256319,3798727344.79224,393188.365406213,202110140540
569,28590,4295,21,26551,Winterville,"",1617.64152009341,16176.4152009341,1153236268.85608,260797.112041444,202110140540
570,28594,416,5,3678,Emerald Isle,"",1131.0494834149,11310.494834149,161880563.377441,206007.39513627,202110140540
571,28601,8808,126,49848,Hickory,"",1766.97159364468,17669.7159364468,1378207425.05768,365850.750506082,202110140540
572,28602,5173,100,31218,Hickory,"",1657.05682619002,16570.5682619002,1938678919.97003,319569.803956005,202110140540
573,28604,683,7,6449,Banner Elk,"",1059.07892696542,10590.7892696542,1915326545.24634,325836.980718489,202110140540
574,28605,367,4,4143,Blowing Rock,"",885.831523050929,8858.31523050929,895784503.144714,248689.345104092,202110140540
575,28606,308,3,2367,Boomer,"",1301.22517955218,13012.2517955218,1247639586.18042,214129.251492026,202110140540
576,28607,4093,22,37481,Boone,"",1092.0199567781,10920.199567781,2776057252.95807,555835.87368089,202110140540
577,28609,976,12,6457,Catawba,"",1511.53786588199,15115.3786588199,1341728385.28827,281255.134101197,202110140540
578,28610,1794,20,10238,Claremont,"",1752.29537018949,17522.9537018949,1121879522.66571,308096.881521473,202110140540
579,28612,2202,45,14906,Connelly Springs,"",1477.25748020931,14772.5748020931,2400642845.42798,441028.943696581,202110140540
580,28613,4229,70,25216,Conover,"",1677.1097715736,16771.097715736,1220326345.78546,362168.639637895,202110140540
581,28615,196,1,1883,Creston,"",1040.89219330855,10408.9219330855,1868599532.61511,272770.247470023,202110140540
582,28617,308,3,2451,Crumpler,"",1256.62994696042,12566.2994696042,986888820.641235,263906.737953269,202110140540
583,28618,231,2,2480,Deep Gap,"",931.451612903226,9314.51612903226,1010729766.2395,224128.286954044,202110140540
584,28621,1779,39,10400,Elkin,"",1710.57692307692,17105.7692307692,1827310682.30029,492431.108964796,202110140540
585,28622,307,1,2638,Elk Park,"",1163.76042456406,11637.6042456406,922706854.79248,228052.883765708,202110140540
586,28623,227,0,1716,Ennice,"",1322.84382284382,13228.4382284382,790959225.749146,176648.995975267,202110140540
587,28624,207,4,1893,Ferguson,"",1093.50237717908,10935.0237717908,1893859856.27216,280305.359064925,202110140540
588,28625,5997,112,38862,Statesville,"",1543.15269414853,15431.5269414853,5528677082.18164,627405.10903711,202110140540
589,28626,258,1,3001,Fleetwood,"",859.713428857048,8597.13428857048,819063990.876587,148645.734339712,202110140540
590,28627,130,0,1534,Glade Valley,"",847.457627118644,8474.57627118644,929851696.585571,229623.659776181,202110140540
591,28630,3201,56,20369,Granite Falls,"",1571.50571947567,15715.0571947567,1749206123.14734,364175.180926025,202110140540
592,28631,96,0,536,Grassy Creek,"",1791.0447761194,17910.447761194,666742006.060913,167245.211138671,202110140540
593,28634,720,11,5269,Harmony,"",1366.48320364396,13664.8320364396,1708637469.52393,380041.00063272,202110140540
594,28635,611,9,4032,Hays,"",1515.37698412698,15153.7698412698,1589254753.84888,282956.554467362,202110140540
595,28636,867,17,5186,Hiddenite,"",1671.80871577324,16718.0871577324,1563401720.00476,343683.132287545,202110140540
596,28637,452,5,1583,Hildebran,"",2855.33796588756,28553.3796588756,75804105.8025513,39679.7431148789,202110140540
597,28638,1997,14,12560,Hudson,"",1589.96815286624,15899.6815286624,586195125.955933,179942.259882133,202110140540
598,28640,767,19,4805,Jefferson,"",1596.25390218522,15962.5390218522,1056537388.6748,302637.68949569,202110140540
599,28642,839,11,5578,Jonesville,"",1504.12334169953,15041.2334169953,922184812.2677,173376.666314256,202110140540
600,28643,360,5,3443,Lansing,"",1045.5997676445,10455.997676445,2044042930.41492,275858.107391137,202110140540
601,28644,157,0,1570,Laurel Springs,"",1000,10000,2045165288.09131,297831.475142139,202110140540
602,28645,7261,128,47621,Lenoir,"",1524.7474853531,15247.474853531,9179149391.98291,930216.037146458,202110140540
603,28649,139,1,1034,Mc Grady,"",1344.29400386847,13442.9400386847,1036137984.80469,190682.670149615,202110140540
604,28650,2259,26,13374,Maiden,"",1689.09825033647,16890.9825033647,1278104496.07623,377336.649296681,202110140540
605,28651,984,15,6653,Millers Creek,"",1479.03201563205,14790.3201563205,2065649255.9353,349078.290644553,202110140540
606,28654,485,9,3800,Moravian Falls,"",1276.31578947368,12763.1578947368,1821577421.53857,295573.209104024,202110140540
607,28655,9078,112,58249,Morganton,"",1558.4816906728,15584.816906728,9153179930.14331,677983.745386267,202110140540
608,28657,1232,21,9610,Newland,"",1281.99791883455,12819.9791883455,3935578521.47217,457051.359413869,202110140540
609,28658,4800,58,25858,Newton,"",1856.29205661691,18562.9205661691,2022657893.02307,451555.722478837,202110140540
610,28659,3335,62,21013,North Wilkesboro,"",1587.11273973255,15871.1273973255,2817470108.66394,743040.466864702,202110140540
611,28660,329,3,2336,Olin,"",1408.3904109589,14083.904109589,892135691.594116,224297.744075571,202110140540
612,28665,371,4,2986,Purlear,"",1242.46483590087,12424.6483590087,1778038258.60608,240271.301413849,202110140540
613,28668,34,0,39,Roaring Gap,"",8717.94871794872,87179.4871794872,150579895.761963,97868.8716295681,202110140540
614,28669,425,5,3133,Roaring River,"",1356.52729013725,13565.2729013725,1299426384.18799,252536.432806368,202110140540
615,28670,455,6,3183,Ronda,"",1429.46905435124,14294.6905435124,1123975912.01135,257469.478215133,202110140540
616,28673,879,8,6621,Sherrills Ford,"",1327.59401903036,13275.9401903036,852092289.759583,248402.605359209,202110140540
617,28675,990,5,6805,Sparta,"",1454.81263776635,14548.1263776635,2977111225.9541,397880.21838125,202110140540
618,28676,499,5,3444,State Road,"",1448.89663182346,14488.9663182346,830902972.436646,197653.666386266,202110140540
619,28677,5785,74,35614,Statesville,"",1624.3612062672,16243.612062672,2372250827.99042,364916.143502524,202110140540
620,28678,779,7,5252,Stony Point,"",1483.24447829398,14832.4447829398,1249807753.12482,237772.476162198,202110140540
621,28679,174,2,2122,Sugar Grove,"",819.981149858624,8199.81149858624,636943392.934937,227619.317646308,202110140540
622,28681,4393,83,26959,Taylorsville,"",1629.51148039616,16295.1148039616,4726487412.65814,412700.759417833,202110140540
623,28682,154,2,1099,Terrell,"",1401.27388535032,14012.7388535032,164657442.78833,108427.066369374,202110140540
624,28683,220,3,1934,Thurmond,"",1137.53877973113,11375.3877973113,988749233.112671,203358.60410099,202110140540
625,28684,176,1,2175,Todd,"",809.195402298851,8091.95402298851,1383524229.94177,292392.138653963,202110140540
626,28685,252,1,1908,Traphill,"",1320.75471698113,13207.5471698113,1296786088.98804,215086.939280452,202110140540
627,28689,282,3,1662,Union Grove,"",1696.75090252708,16967.5090252708,1218398001.86389,304792.24772459,202110140540
628,28690,1512,18,9427,Valdese,"",1603.90368091652,16039.0368091652,668624773.04187,213466.610171622,202110140540
629,28692,359,1,4504,Vilas,"",797.069271758437,7970.69271758437,1091553223.68976,286379.955820553,202110140540
630,28693,221,1,1693,Warrensville,"",1305.37507383343,13053.7507383343,621923811.260986,170328.387778476,202110140540
631,28694,976,17,8033,West Jefferson,"",1214.98817378314,12149.8817378314,2188720146.69934,416426.801998168,202110140540
632,28697,2064,41,13376,Wilkesboro,"",1543.06220095694,15430.6220095694,1810927272.521,565265.362104433,202110140540
633,28701,484,4,4830,Alexander,"",1002.07039337474,10020.7039337474,557040025.003723,178622.867954755,202110140540
634,28702,34,0,704,Almond,"",482.954545454545,4829.54545454545,749571990.457794,168899.042279792,202110140540
635,28704,3097,25,21728,Arden,"",1425.34977908689,14253.4977908689,1481682958.97644,329012.999643476,202110140540
636,28705,680,2,7168,Bakersville,"",948.660714285714,9486.60714285714,3538838336.04175,376028.663142582,202110140540
637,28711,1248,36,15250,Black Mountain,"",818.360655737705,8183.60655737705,2289646423.50623,432841.10713665,202110140540
638,28712,2150,33,19644,Brevard,"",1094.48177560578,10944.8177560578,3743370041.24365,607196.289251344,202110140540
639,28713,1196,15,9333,Bryson City,"",1281.47433836923,12814.7433836923,7085157294.99072,658029.652447302,202110140540
640,28714,2445,28,17066,Burnsville,"",1432.67315129497,14326.7315129497,7287599937.88281,538818.932986382,202110140540
641,28715,2917,28,27289,Candler,"",1068.92887243944,10689.2887243944,1975153881.5733,274379.594297132,202110140540
642,28716,2138,53,18650,Canton,"",1146.38069705094,11463.8069705094,4450693739.33826,450946.985814241,202110140540
643,28718,51,0,607,Cedar Mountain,"",840.197693574959,8401.97693574959,604740430.192017,157079.894608512,202110140540
644,28719,1473,11,6945,Cherokee,"",2120.95032397408,21209.5032397408,6313532001.74988,506970.161305604,202110140540
645,28721,1232,13,10866,Clyde,"",1133.81189030002,11338.1189030002,3262240884.20239,451646.750156333,202110140540
646,28722,749,13,6854,Columbus,"",1092.79252990954,10927.9252990954,1330435890.70984,371441.890606651,202110140540
647,28723,1317,3,11678,Cullowhee,"",1127.76160301421,11277.6160301421,2829089767.59064,521400.904374382,202110140540
648,28726,516,7,3477,East Flat Rock,"",1484.03796376186,14840.3796376186,62782212.3257446,52681.8363735949,202110140540
649,28729,427,3,2978,Etowah,"",1433.84822028207,14338.4822028207,115914409.369507,74718.0620947517,202110140540
650,28730,897,10,10068,Fairview,"",890.941597139452,8909.41597139452,1334723772.69336,277836.650121475,202110140540
651,28731,1240,16,9271,Flat Rock,"",1337.5040448711,13375.040448711,910498937.374664,308715.430561088,202110140540
652,28732,2158,10,18899,Fletcher,"",1141.85935763797,11418.5935763797,1163648233.76184,268599.174805656,202110140540
653,28734,3817,43,28423,Franklin,"",1342.92650318404,13429.2650318404,8413329787.90622,680710.034553254,202110140540
654,28736,77,0,740,Glenville,"",1040.54054054054,10405.4054054054,845894035.551971,243241.394198335,202110140540
655,28739,2111,28,21994,Hendersonville,"",959.80722015095,9598.0722015095,1809199500.98254,354883.696935043,202110140540
656,28740,263,0,2123,Green Mountain,"",1238.81300047103,12388.1300047103,2560353451.70599,391601.88482291,202110140540
657,28741,402,6,3135,Highlands,"",1282.2966507177,12822.966507177,2488322100.83908,291652.561708351,202110140540
658,28742,347,5,2834,Horse Shoe,"",1224.41778405081,12244.1778405081,759756422.807678,323788.261855291,202110140540
659,28745,86,0,598,Lake Junaluska,"",1438.127090301,14381.27090301,24208240.7459412,20619.3143809221,202110140540
660,28746,262,6,2583,Lake Lure,"",1014.32442895858,10143.2442895858,1635267198.94843,301403.103342596,202110140540
661,28747,193,7,2517,Lake Toxaway,"",766.78585617799,7667.8585617799,1644170650.80768,278687.825520297,202110140540
662,28748,1389,18,12684,Leicester,"",1095.08041627247,10950.8041627247,2568900770.12885,433742.542694055,202110140540
663,28751,418,10,3738,Maggie Valley,"",1118.24505082932,11182.4505082932,1196971956.93442,252655.252396679,202110140540
664,28752,5712,77,31501,Marion,"",1813.27576902321,18132.7576902321,6843838240.70496,729852.019397462,202110140540
665,28753,1390,22,12286,Marshall,"",1131.36903792935,11313.6903792935,7221367422.4903,582321.875436496,202110140540
666,28754,1100,26,8823,Mars Hill,"",1246.74147115494,12467.4147115494,2532637146.55933,336365.654274913,202110140540
667,28756,525,4,4770,Mill Spring,"",1100.62893081761,11006.2893081761,2319967191.40479,359387.276461913,202110140540
668,28759,932,7,7867,Mills River,"",1184.6955637473,11846.955637473,710290580.507599,219074.688607406,202110140540
669,28761,1490,25,8493,Nebo,"",1754.38596491228,17543.8596491228,3254647047.74689,448908.605974669,202110140540
670,28762,1146,12,7603,Old Fort,"",1507.29975009865,15072.9975009865,2996741187.4848,387268.208256283,202110140540
671,28763,303,2,2864,Otto,"",1057.96089385475,10579.6089385475,1145043002.66425,202810.842815888,202110140540
672,28766,204,1,1526,Penrose,"",1336.82830930537,13368.2830930537,159626292.482056,88900.5625977206,202110140540
673,28768,840,3,7895,Pisgah Forest,"",1063.96453451552,10639.6453451552,2244655883.74216,321689.536597621,202110140540
674,28771,1263,27,8212,Robbinsville,"",1537.99318071115,15379.9318071115,9086438704.3884,732920.807564289,202110140540
675,28773,417,11,3508,Saluda,"",1188.71151653364,11887.1151653364,1396855034.24573,267712.497423626,202110140540
676,28775,47,2,493,Scaly Mountain,"",953.346855983773,9533.46855983773,456631744.06662,130336.94180952,202110140540
677,28777,1814,18,10391,Spruce Pine,"",1745.74150707343,17457.4150707343,1968811938.32007,332780.684408785,202110140540
678,28778,1040,13,10803,Swannanoa,"",962.695547533093,9626.95547533093,692162823.950317,188030.795128165,202110140540
679,28779,2161,48,17610,Sylva,"",1227.14366837024,12271.4366837024,3287520334.70795,472387.421611018,202110140540
680,28782,582,11,6512,Tryon,"",893.734643734644,8937.34643734644,1239852111.02036,390005.579825198,202110140540
681,28783,179,3,1905,Tuckasegee,"",939.632545931759,9396.32545931758,2507065764.50815,412465.098737654,202110140540
682,28785,743,5,8309,Waynesville,"",894.211096401492,8942.11096401492,4680111391.07288,434987.630089387,202110140540
683,28786,2428,51,21837,Waynesville,"",1111.87434171361,11118.7434171361,2130537927.5513,319219.020654079,202110140540
684,28787,2418,39,20681,Weaverville,"",1169.18911077801,11691.8911077801,2146776657.76654,337936.038355962,202110140540
685,28789,605,5,6551,Whittier,"",923.523126240269,9235.23126240269,1731085189.80936,281392.474737519,202110140540
686,28790,452,5,3775,Zirconia,"",1197.35099337748,11973.5099337748,1184634316.47168,272368.233599775,202110140540
687,28791,1708,34,15811,Hendersonville,"",1080.26057807855,10802.6057807855,466838231.125,123544.27336528,202110140540
688,28792,4940,82,37949,Hendersonville,"",1301.74708160953,13017.4708160953,2892120004.20319,483608.715059927,202110140540
689,28801,1369,27,16782,Asheville,"",815.754975569062,8157.54975569062,142991050.123962,66531.4000304091,202110140540
690,28803,3198,63,34731,Asheville,"",920.791223978578,9207.91223978578,1148499781.62708,221583.067984848,202110140540
691,28804,1914,24,23302,Asheville,"",821.388721998112,8213.88721998112,818376430.368896,216401.982596761,202110140540
692,28805,1561,30,20394,Asheville,"",765.421202314406,7654.21202314406,743578799.615234,203043.782551956,202110140540
693,28806,4515,67,43841,Asheville,"",1029.8578955772,10298.578955772,1123591112.45288,297671.815966071,202110140540
694,28901,901,17,6039,Andrews,"",1491.96886901805,14919.6886901805,1881090750.42804,271571.032581688,202110140540
695,28902,171,1,1562,Brasstown,"",1094.75032010243,10947.5032010243,645585335.657318,162521.113458697,202110140540
696,28904,1312,32,9535,Hayesville,"",1375.98321971683,13759.8321971683,5317145252.91805,403950.005454209,202110140540
697,28905,553,8,3548,Marble,"",1558.62457722661,15586.2457722661,1058320723.96715,269002.244098821,202110140540
698,28906,2866,45,20296,Murphy,"",1412.10090658258,14121.0090658258,9849733400.34212,586826.324547444,202110140540
699,28909,121,4,1068,Warne,"",1132.95880149813,11329.5880149813,269492752.319427,107722.293423693,202110140540
700,27533,484,3,0,"","",,,18055719.4014893,15817.3715737294,202110140540
701,27340,8,1,34,Saxapahaw,"",2352.94117647059,23529.4117647059,694758.987792969,3852.87240074502,202110140540
702,27411,179,0,847,Greensboro,"",2113.3412042503,21133.412042503,713742.998291016,5860.23208289576,202110140540
703,27412,52,0,1886,Greensboro,"",275.715800636267,2757.15800636267,4771290.83532715,13054.7888333439,202110140540
704,27498,,,13,Greensboro,Population <500 and Cases <5,,,3369264.12316895,7774.18760349114,202110140540
705,27599,24,0,0,Chapel Hill,"",,,4275416.30163574,15555.1510255833,202110140540
706,27706,,,10,Durham,Population <500 and Cases <5,,,1281872.18347168,6816.757693542,202110140540
707,27711,,,62,Durham,Population <500 and Cases <5,,,11690491.0200195,25227.7794868175,202110140540
708,27810,503,9,4224,Belhaven,"",1190.81439393939,11908.1439393939,5320714553.85889,863428.562860575,202110140540
709,27821,43,1,343,Edward,"",1253.6443148688,12536.443148688,180879118.265869,102716.617789089,202110140540
710,27824,147,0,1540,Engelhard,"",954.545454545455,9545.45454545455,5755622445.56714,766498.765242208,202110140540
711,27826,104,2,1245,Fairfield,"",835.341365461847,8353.41365461847,5502010014.61365,681909.128335756,202110140540
712,27841,9,1,84,Hassell,"",1071.42857142857,10714.2857142857,5972995.94189453,12505.2057352129,202110140540
713,27872,37,1,429,Roxobel,"",862.470862470862,8624.70862470862,78668396.3901367,60062.9164687203,202110140540
714,27875,72,3,511,Scranton,"",1409.00195694716,14090.0195694716,1462926064.75208,668994.049821798,202110140540
715,27881,,,323,Speed,Population <500 and Cases <5,,,45624486.2655029,35379.3892263349,202110140540
716,27919,117,1,1211,Belvidere,"",966.143682906689,9661.43682906689,1805677755.21484,260299.205087965,202110140540
717,27920,133,0,1415,Buxton,"",939.929328621908,9399.29328621908,251417477.481567,169552.58818934,202110140540
718,27921,529,7,5366,Camden,"",985.836749906821,9858.36749906821,2216306760.15601,371309.805402765,202110140540
719,27923,68,0,990,Coinjock,"",686.868686868687,6868.68686868687,442853112.258789,222994.427279021,202110140540
720,27936,59,1,961,Frisco,"",613.943808532778,6139.43808532778,134638106.065186,108288.074251882,202110140540
721,27939,291,5,3370,Grandy,"",863.501483679525,8635.01483679525,296874050.40332,237784.484514939,202110140540
722,27941,70,0,670,Harbinger,"",1044.77611940298,10447.7611940299,66348159.842041,42125.3614314887,202110140540
723,27943,29,0,491,Hatteras,"",590.631364562118,5906.31364562118,82146889.1915283,162150.406610954,202110140540
724,27947,86,1,845,Jarvisburg,"",1017.75147928994,10177.5147928994,181991023.044922,117825.87149715,202110140540
725,27953,124,0,992,Manns Harbor,"",1250,12500,4841742826.08521,775886.839802653,202110140540
726,27954,764,3,6405,Manteo,"",1192.8181108509,11928.181108509,346159524.466309,171104.045001834,202110140540
727,27956,22,1,328,Maple,"",670.731707317073,6707.31707317073,91616147.3259277,62675.9008746753,202110140540
728,27960,121,0,899,Ocracoke,"",1345.93993325918,13459.3993325918,272996211.932129,221416.979930584,202110140540
729,27964,35,0,653,Point Harbor,"",535.987748851455,5359.87748851455,40700993.1791992,29044.1496807834,202110140540
730,27965,52,0,611,Poplar Branch,"",851.063829787234,8510.63829787234,362463348.010742,286670.577035681,202110140540
731,27972,8,0,196,Salvo,"",408.163265306122,4081.63265306122,25839959.5158691,77591.8753697891,202110140540
732,27973,146,0,1493,Shawboro,"",977.896851975888,9778.96851975888,1350823542.63281,279776.313560853,202110140540
733,27974,113,0,1375,Shiloh,"",821.818181818182,8218.18181818182,1282875105.52026,448552.234751615,202110140540
734,27978,15,0,221,Stumpy Point,"",678.733031674208,6787.33031674208,3250437066.68713,488663.160212976,202110140540
735,27980,297,6,2075,Tyner,"",1431.32530120482,14313.2530120482,1319096560.03711,208839.628959427,202110140540
736,27981,197,1,1863,Wanchese,"",1057.43424584004,10574.3424584004,183167116.380371,177755.254740471,202110140540
737,28077,64,0,557,High Shoals,"",1149.01256732496,11490.1256732496,25098303.871521,27989.3633622467,202110140540
738,28101,112,2,465,Mc Adenville,"",2408.60215053763,24086.0215053763,12210373.4969482,19058.3264759027,202110140540
739,28223,26,0,2941,Charlotte,"",88.4053043182591,884.053043182591,16745950.1914673,34959.7943637767,202110140540
740,28308,19,0,737,Pope Army Airfield,"",257.801899592944,2578.01899592944,90374263.7665405,45243.1542141805,202110140540
741,28375,29,0,155,Proctorville,"",1870.96774193548,18709.6774193548,16154829.5779114,21293.1141646593,202110140540
742,28519,79,2,328,Bridgeton,"",2408.53658536585,24085.3658536585,3782179.40026855,11964.2990373982,202110140540
743,28520,31,1,352,Cedar Island,"",880.681818181818,8806.81818181818,633116579.775757,427477.052966737,202110140540
744,28524,43,1,443,Davis,"",970.654627539503,9706.54627539503,547256692.822876,860357.358716607,202110140540
745,28527,201,2,905,Ernul,"",2220.99447513812,22209.9447513812,1145978492.04919,209684.397786102,202110140540
746,28528,60,0,640,Gloucester,"",937.5,9375,74196560.923584,79933.9347539672,202110140540
747,28533,171,0,0,Cherry Point,"",,,253735788.170532,192645.367219711,202110140540
748,28537,16,0,186,Hobucken,"",860.215053763441,8602.15053763441,891999129.25647,352204.851723086,202110140540
749,28544,697,9,5607,Midway Park,"",1243.08899589798,12430.8899589798,155759986.503357,92182.0384683424,202110140540
750,28545,208,0,4010,Mccutcheon Field,"",518.703241895262,5187.03241895262,145247654.855835,101700.276162633,202110140540
751,28552,10,0,131,Lowland,"",763.358778625954,7633.58778625954,211084218.553589,104037.967496467,202110140540
752,28556,88,4,1150,Merritt,"",765.217391304348,7652.17391304348,1139666751.30212,394317.853497314,202110140540
753,28561,52,1,0,New Bern,"",,,195198.709350586,2618.49962886206,202110140540
754,28579,53,0,798,Smyrna,"",664.160401002506,6641.60401002506,633080494.557556,233023.142000653,202110140540
755,28581,22,1,224,Stacy,"",982.142857142857,9821.42857142857,2404669972.88318,703346.462367876,202110140540
756,28583,22,1,0,Stonewall,"",,,596710.740722656,3607.20989795631,202110140540
757,28587,43,1,324,Vandemere,"",1327.16049382716,13271.6049382716,250612018.426636,182903.197478108,202110140540
758,28611,108,1,978,Collettsville,"",1104.29447852761,11042.9447852761,2483135872.03735,419111.187381629,202110140540
759,28629,21,0,63,Glendale Springs,"",3333.33333333333,33333.3333333333,18113919.8492432,19773.9407564207,202110140540
760,28646,101,1,463,Linville,"",2181.42548596112,21814.2548596112,440709602.757813,156576.175660301,202110140540
761,28663,87,0,715,Piney Creek,"",1216.78321678322,12167.8321678322,577849850.650269,137228.322788793,202110140540
762,28667,69,2,105,Rhodhiss,"",6571.42857142857,65714.2857142857,1309548.80932617,6065.66147149414,202110140540
763,28672,8,0,35,Scottville,"",2285.71428571429,22857.1428571429,62555584.7313232,47932.7256464108,202110140540
764,28698,197,1,1844,Zionville,"",1068.32971800434,10683.2971800434,762471326.925049,227334.653867247,202110140540
765,28708,70,1,1340,Balsam Grove,"",522.388059701492,5223.88059701493,795626278.709686,241272.033803255,202110140540
766,28709,217,2,2308,Barnardsville,"",940.207972270364,9402.07972270364,1635213770.4093,231197.383485249,202110140540
767,28717,233,5,1471,Cashiers,"",1583.95649218219,15839.5649218219,1160000231.10587,300525.403558473,202110140540
768,28720,10,0,35,Chimney Rock,"",2857.14285714286,28571.4285714286,47877696.5422974,47768.4833790312,202110140540
769,28725,49,1,36,Dillsboro,"",,,1395548.49920654,7541.63511359509,202110140540
770,28733,11,0,200,Fontana Dam,"",550,5500,498075903.916718,200917.740964481,202110140540
771,28735,15,0,294,Gerton,"",510.204081632653,5102.04081632653,137680777.623108,92735.3834552802,202110140540
772,28743,248,7,2422,Hot Springs,"",1023.94715111478,10239.4715111478,2855463957.34918,351331.648547095,202110140540
773,28749,10,0,0,Little Switzerland,"",,,1713987.45050049,8852.52475284555,202110140540
774,28757,66,0,0,Montreat,"",,,129672.114624023,2617.87913210505,202110140540
775,28772,236,2,1942,Rosman,"",1215.24201853759,12152.4201853759,577124059.134399,256613.212684218,202110140540
776,28774,128,3,1569,Sapphire,"",815.806246016571,8158.06246016571,1130246511.80005,224488.61951138,202110140540
777,28781,99,0,957,Topton,"",1034.48275862069,10344.8275862069,2402982140.90009,297913.620657844,202110140540
778,27969,5,0,0,Roduco,"",,,724387.010986328,3958.82496624679,202110140540
779,28253,,,0,Charlotte,Population <500 and Cases <5,,,133339.295837402,3050.2273713774,202110140540
780,28608,54,0,0,Boone,"",,,274774.708862305,3583.90419251761,202110140540
