OBJECTID,ZIPCode,Cases,Deaths,TotalPop,Place,Note,RatePer10K,RatePer100K,Shape__Area,Shape__Length,DataGatherTS
1,27006,2155,18,14872,Advance,"",1449.03173749328,14490.3173749328,1744189234.37061,355282.663136038,202112162140
2,27007,369,3,2136,Ararat,"",1727.52808988764,17275.2808988764,592499585.594238,195922.003442792,202112162140
3,27009,475,6,2937,Belews Creek,"",1617.29656111679,16172.9656111679,618093097.011353,191244.647442635,202112162140
4,27011,924,10,5411,Boonville,"",1707.63260025873,17076.3260025873,1489580093.86462,316910.589814884,202112162140
5,27012,4333,67,28954,Clemmons,"",1496.51170822684,14965.1170822684,1176567385.86804,255774.303165276,202112162140
6,27013,1103,13,6495,Cleveland,"",1698.22940723634,16982.2940723634,2066336247.98627,379169.285246239,202112162140
7,27014,189,6,957,Cooleemee,"",1974.92163009404,19749.2163009404,21479098.032959,22299.1178929161,202112162140
8,27016,315,4,1682,Danbury,"",1872.77051129608,18727.7051129608,1068209590.0686,211061.413302457,202112162140
9,27017,1818,23,9499,Dobson,"",1913.88567217602,19138.8567217602,2962951682.04883,566348.974052303,202112162140
10,27018,1244,11,8221,East Bend,"",1513.19790779711,15131.979077971,2331567909.96985,255811.974556888,202112162140
11,27019,578,5,4234,Germanton,"",1365.13934813415,13651.3934813415,977414017.819214,270248.259734795,202112162140
12,27020,1153,11,6104,Hamptonville,"",1888.9252948886,18889.252948886,2114111622.36755,316969.486887135,202112162140
13,27021,2934,59,17979,King,"",1631.90388786918,16319.0388786918,1469376476.14172,210392.900707099,202112162140
14,27022,186,3,1512,Lawsonville,"",1230.15873015873,12301.5873015873,918745327.278442,200803.000966771,202112162140
15,27023,1635,8,12775,Lewisville,"",1279.84344422701,12798.4344422701,807172159.002075,183078.980128526,202112162140
16,27024,466,5,2683,Lowgap,"",1736.86172195304,17368.6172195304,1265827411.39758,278411.484773322,202112162140
17,27025,1647,36,11117,Madison,"",1481.51479715751,14815.1479715751,2714649364.33142,468723.596670607,202112162140
18,27027,552,19,4017,Mayodan,"",1374.15982076176,13741.5982076176,548179131.574585,172371.363079245,202112162140
19,27028,4713,57,28039,Mocksville,"",1680.87306965298,16808.7306965298,5475621774.30664,567238.136149726,202112162140
20,27030,7099,153,37641,Mount Airy,"",1885.9753991658,18859.753991658,4824085732.75671,624989.724929864,202112162140
21,27040,1649,13,13150,Pfafftown,"",1253.99239543726,12539.9239543726,763349953.536133,205025.773716105,202112162140
22,27041,1339,11,8020,Pilot Mountain,"",1669.57605985037,16695.7605985037,1629462738.40637,324677.141569035,202112162140
23,27042,100,2,720,Pine Hall,"",1388.88888888889,13888.8888888889,290758639.069458,113971.243586081,202112162140
24,27043,1001,13,6442,Pinnacle,"",1553.86525923626,15538.6525923626,1935795027.06067,395674.180712495,202112162140
25,27045,1618,14,9583,Rural Hall,"",1688.40655327142,16884.0655327142,666085549.25769,154538.589918543,202112162140
26,27046,281,5,1953,Sandy Ridge,"",1438.81208397337,14388.1208397337,1237681699.0647,217125.573744555,202112162140
27,27047,193,2,1279,Siloam,"",1508.99139953088,15089.9139953088,576295820.815674,144984.839113672,202112162140
28,27048,1241,16,8902,Stoneville,"",1394.06874859582,13940.6874859582,2355000804.03674,325454.766660312,202112162140
29,27050,598,7,4084,Tobaccoville,"",1464.25073457395,14642.5073457395,703876500.567505,219088.1792708,202112162140
30,27051,1230,12,8287,Walkertown,"",1484.25244358634,14842.5244358634,524680317.775635,151066.808563308,202112162140
31,27052,1577,30,10061,Walnut Cove,"",1567.43862439121,15674.3862439121,2710320219.82117,403203.611044297,202112162140
32,27053,422,5,3156,Westfield,"",1337.13561470215,13371.3561470215,2152815477.55933,413464.446930883,202112162140
33,27054,505,9,2608,Woodleaf,"",1936.34969325153,19363.4969325153,778193820.583862,201172.963339102,202112162140
34,27055,2744,38,14521,Yadkinville,"",1889.67701948902,18896.7701948902,3115987965.39453,403366.492297811,202112162140
35,27101,2829,52,24321,Winston Salem,"",1163.19230294807,11631.9230294807,356085731.400146,162957.922513792,202112162140
36,27103,4838,51,36071,Winston Salem,"",1341.2436583405,13412.436583405,527249856.672729,146399.561156354,202112162140
37,27104,3721,45,29383,Winston Salem,"",1266.37851819079,12663.7851819079,337669863.683838,130394.134288752,202112162140
38,27105,6236,61,40186,Winston Salem,"",1551.78420345394,15517.8420345394,950547784.577881,208375.813794777,202112162140
39,27106,6361,68,51378,Winston Salem,"",1238.07855502355,12380.7855502355,787324720.967285,203893.681115083,202112162140
40,27107,7919,77,52432,Winston Salem,"",1510.33719865731,15103.3719865731,1859279716.41162,319111.813640457,202112162140
41,27127,5997,37,38510,Winston Salem,"",1557.25785510257,15572.5785510257,820319160.873047,213438.375685158,202112162140
42,27157,93,0,5,Winston Salem,"",,,827769.094482422,4216.57245655308,202112162140
43,27203,3900,63,21876,Asheboro,"",1782.77564454196,17827.7564454196,589408161.410522,188062.356665824,202112162140
44,27205,5693,62,34549,Asheboro,"",1647.80456742597,16478.0456742597,6255653514.79199,588011.232518038,202112162140
45,27207,525,2,3806,Bear Creek,"",1379.40094587493,13794.0094587493,2300194678.82397,473699.237818466,202112162140
46,27208,248,4,1691,Bennett,"",1466.58781785925,14665.8781785925,1029479783.1405,215638.108979383,202112162140
47,27209,913,44,4151,Biscoe,"",2199.47000722717,21994.7000722717,1198089302.20734,259108.004034657,202112162140
48,27212,425,1,1600,Blanch,"",2656.25,26562.5,1328181375.12305,277007.399750669,202112162140
49,27214,1685,17,11747,Browns Summit,"",1434.40878522176,14344.0878522176,1414533235.94788,324969.09283087,202112162140
50,27215,7143,100,44892,Burlington,"",1591.15209836942,15911.5209836942,1827823774.30115,298200.358945539,202112162140
51,27217,7491,120,39111,Burlington,"",1915.31794124415,19153.1794124415,3473433663.33496,513818.514768521,202112162140
52,27229,741,18,4014,Candor,"",1846.03886397608,18460.3886397608,2747739848.89313,367384.611313313,202112162140
53,27231,188,1,2048,Cedar Grove,"",917.96875,9179.6875,987771348.581177,209108.769362036,202112162140
54,27233,523,7,3647,Climax,"",1434.05538799013,14340.5538799013,703252829.253662,187154.002103637,202112162140
55,27235,645,14,4575,Colfax,"",1409.83606557377,14098.3606557377,380654027.583252,148521.339190304,202112162140
56,27239,1575,25,9629,Denton,"",1635.68387163776,16356.8387163776,4319759872.9696,429373.198159065,202112162140
57,27242,319,5,2668,Eagle Springs,"",1195.65217391304,11956.5217391304,1480408484.01825,321391.030328654,202112162140
58,27243,482,4,4665,Efland,"",1033.22615219721,10332.2615219721,1142332751.10315,311755.144165645,202112162140
59,27244,3117,30,16259,Elon,"",1917.09207208315,19170.9207208315,1541989025.453,399696.340130383,202112162140
60,27248,712,8,4835,Franklinville,"",1472.59565667011,14725.9565667011,942909114.352783,215710.992817748,202112162140
61,27249,1945,22,13355,Gibsonville,"",1456.38337701235,14563.8337701235,1679803774.77087,397477.611919869,202112162140
62,27252,212,3,2264,Goldston,"",936.395759717314,9363.95759717314,1142470673.17163,220926.147155477,202112162140
63,27253,5522,74,31464,Graham,"",1755.02161200102,17550.2161200102,2351372927.78931,521476.969804175,202112162140
64,27258,1106,11,7740,Haw River,"",1428.94056847545,14289.4056847545,473631125.268677,312686.877842212,202112162140
65,27260,3449,57,25696,High Point,"",1342.23225404732,13422.3225404732,348441568.963501,133229.878739789,202112162140
66,27262,3188,73,24764,High Point,"",1287.35260862542,12873.5260862542,368730084.700928,171087.864383377,202112162140
67,27263,3306,55,22320,High Point,"",1481.18279569892,14811.8279569892,1121512604.52234,249658.228757679,202112162140
68,27265,6836,83,50038,High Point,"",1366.16171709501,13661.6171709501,1172957282.41284,307481.490778656,202112162140
69,27268,342,0,1695,High Point,"",2017.69911504425,20176.9911504425,2495618.64758301,8251.66869064816,202112162140
70,27278,2611,25,27181,Hillsborough,"",960.597476178213,9605.97476178213,2885765742.02771,502574.675043234,202112162140
71,27281,426,4,3710,Jackson Springs,"",1148.24797843666,11482.4797843666,2095606802.2608,479969.724586593,202112162140
72,27282,2137,30,16597,Jamestown,"",1287.58209314936,12875.8209314936,404066994.873657,168803.970950205,202112162140
73,27283,466,5,2982,Julian,"",1562.7095908786,15627.095908786,711286368.914917,161239.518798817,202112162140
74,27284,8409,114,56201,Kernersville,"",1496.23672176652,14962.3672176652,2233069317.10205,420748.080109326,202112162140
75,27288,3627,71,23585,Eden,"",1537.84184863261,15378.4184863261,1951079100.05676,304615.616752016,202112162140
76,27291,202,1,1538,Leasburg,"",1313.39401820546,13133.9401820546,1492904663.44434,314720.3653191,202112162140
77,27292,6655,68,41465,Lexington,"",1604.96804533944,16049.6804533944,4270233445.18579,407599.915340798,202112162140
78,27295,6807,82,39191,Lexington,"",1736.87836493072,17368.7836493072,3631502180.53174,466742.919509857,202112162140
79,27298,1520,16,10440,Liberty,"",1455.93869731801,14559.3869731801,2639148530.03284,431527.987760386,202112162140
80,27299,1056,11,5254,Linwood,"",2009.89722116483,20098.9722116483,822543412.257813,203597.604040364,202112162140
81,27301,1663,24,10019,Mc Leansville,"",1659.84629204511,16598.4629204511,900133716.655151,287107.537324028,202112162140
82,27302,4392,29,32302,Mebane,"",1359.66813200421,13596.6813200421,3198656461.27478,644303.594275321,202112162140
83,27305,224,1,1585,Milton,"",1413.24921135647,14132.4921135647,687167820.539429,263836.485514183,202112162140
84,27306,1071,22,5945,Mount Gilead,"",1801.51387720774,18015.1387720774,5305900334.83325,426306.558627535,202112162140
85,27310,1038,5,8562,Oak Ridge,"",1212.33356692362,12123.3356692362,526240082.103149,140986.043049622,202112162140
86,27311,488,6,3220,Pelham,"",1515.52795031056,15155.2795031056,1338371966.32642,293760.993606137,202112162140
87,27312,1628,28,22205,Pittsboro,"",733.168205359153,7331.68205359153,5005768374.64233,617961.777569282,202112162140
88,27313,907,27,7288,Pleasant Garden,"",1244.51152579583,12445.1152579583,760352714.59021,181619.740165306,202112162140
89,27314,120,1,1138,Prospect Hill,"",1054.48154657294,10544.8154657294,773578280.842896,162162.976448062,202112162140
90,27315,219,1,2140,Providence,"",1023.36448598131,10233.6448598131,697810511.310425,179457.95829655,202112162140
91,27316,1072,18,7156,Ramseur,"",1498.04359977641,14980.4359977641,1975410509.03577,278228.393914437,202112162140
92,27317,2996,38,17851,Randleman,"",1678.33734804773,16783.3734804773,1700826686.43616,339539.515262609,202112162140
93,27320,5679,70,38894,Reidsville,"",1460.12238391526,14601.2238391526,6966725984.64832,658218.836963247,202112162140
94,27325,1139,15,7676,Robbins,"",1483.84575299635,14838.4575299635,2401051783.47894,409075.895347678,202112162140
95,27326,580,3,3692,Ruffin,"",1570.96424702059,15709.6424702059,1884156536.74561,359587.547530237,202112162140
96,27330,6400,72,39529,Sanford,"",1619.06448430266,16190.6448430266,6011213414.18433,528161.840140258,202112162140
97,27332,4835,44,33549,Sanford,"",1441.17559390742,14411.7559390742,2996782209.29614,417113.1648361,202112162140
98,27341,831,6,5820,Seagrove,"",1427.83505154639,14278.3505154639,2678433259.4787,311632.157547413,202112162140
99,27343,182,0,1840,Semora,"",989.130434782609,9891.30434782609,1390260353.39624,348769.311430722,202112162140
100,27344,2859,41,19290,Siler City,"",1482.11508553655,14821.1508553655,4591228058.44531,607903.308882545,202112162140
101,27349,965,7,5850,Snow Camp,"",1649.57264957265,16495.7264957265,1831279532.651,381750.490582419,202112162140
102,27350,1087,12,7508,Sophia,"",1447.78902503996,14477.8902503996,1066449848.573,204602.636460839,202112162140
103,27355,382,2,3196,Staley,"",1195.24405506884,11952.4405506884,1016358702.6969,245160.332752788,202112162140
104,27356,510,8,3513,Star,"",1451.75064047822,14517.5064047822,1815293543.21783,348288.379855761,202112162140
105,27357,1464,24,8325,Stokesdale,"",1758.55855855856,17585.5855855856,1273124268.28796,223115.118835702,202112162140
106,27358,1778,10,15960,Summerfield,"",1114.0350877193,11140.350877193,1557557662.14905,323017.176053331,202112162140
107,27360,7907,108,48331,Thomasville,"",1636.01001427655,16360.1001427655,2458732404.91687,372395.85217249,202112162140
108,27370,2549,48,14622,Trinity,"",1743.26357543428,17432.6357543428,1663817222.16028,344702.900725307,202112162140
109,27371,1290,17,7778,Troy,"",1658.52404217022,16585.2404217022,4076136455.00793,473833.643450898,202112162140
110,27376,1331,24,9884,West End,"",1346.62080129502,13466.2080129502,1781050002.06519,320932.333330313,202112162140
111,27377,1592,12,9597,Whitsett,"",1658.85172449724,16588.5172449724,736936774.92627,183024.518653502,202112162140
112,27379,852,25,6057,Yanceyville,"",1406.63694898465,14066.3694898465,2663338769.75159,422550.665080929,202112162140
113,27401,2867,36,20221,Greensboro,"",1417.83294594728,14178.3294594728,171748092.127686,100334.769337553,202112162140
114,27403,2252,25,21278,Greensboro,"",1058.37014757026,10583.7014757026,159396286.028687,87465.254538865,202112162140
115,27405,7426,71,52510,Greensboro,"",1414.206817749,14142.06817749,886695637.391357,284328.52642169,202112162140
116,27406,8586,141,60755,Greensboro,"",1413.21701917538,14132.1701917538,1894160074.00403,327705.317343954,202112162140
117,27407,6643,86,49837,Greensboro,"",1332.94540201055,13329.4540201055,840498790.451172,227731.576408349,202112162140
118,27408,1846,9,17406,Greensboro,"",1060.55383201195,10605.5383201195,221403500.549561,80148.1616765213,202112162140
119,27409,2295,21,17953,Greensboro,"",1278.33788224809,12783.3788224809,603872824.646484,239783.02449594,202112162140
120,27410,6134,62,56968,Greensboro,"",1076.74483920798,10767.4483920798,859363574.914917,272309.563854046,202112162140
121,27455,3585,75,29197,Greensboro,"",1227.86587663116,12278.6587663116,816075696.678345,198282.860420202,202112162140
122,27501,3341,30,21338,Angier,"",1565.75124191583,15657.5124191583,1683348454.90833,329143.189780915,202112162140
123,27502,4119,13,43747,Apex,"",941.55027773333,9415.5027773333,840126405.51062,242725.298081049,202112162140
124,27503,349,1,7222,Bahama,"",483.245638327333,4832.45638327333,1054708975.44934,246183.053747647,202112162140
125,27504,3206,35,16320,Benson,"",1964.46078431373,19644.6078431373,2584462015.08862,486262.181304732,202112162140
126,27505,998,18,7308,Broadway,"",1365.6267104543,13656.267104543,1509842573.20557,320128.84050568,202112162140
127,27507,225,3,2053,Bullock,"",1095.95713589868,10959.5713589868,1354883649.98218,266873.357504052,202112162140
128,27508,387,1,2340,Bunn,"",1653.84615384615,16538.4615384615,312599782.273071,114289.902416244,202112162140
129,27509,2172,39,6935,Butner,"",3131.93943763518,31319.3943763518,507253453.414795,156294.942704551,202112162140
130,27510,1122,8,14543,Carrboro,"",771.505191501066,7715.05191501066,88705554.5671387,57867.6032694508,202112162140
131,27511,3101,29,34041,Cary,"",910.960312564261,9109.60312564261,333520579.048462,98702.6527265332,202112162140
132,27513,3732,29,49003,Cary,"",761.586025345387,7615.86025345387,474399121.186279,162336.294574525,202112162140
133,27514,2580,24,32847,Chapel Hill,"",785.459859347886,7854.59859347886,579057212.663452,190879.985276748,202112162140
134,27516,3187,17,44117,Chapel Hill,"",722.397261826507,7223.97261826507,2564236091.9281,438904.079251582,202112162140
135,27517,1781,17,28831,Chapel Hill,"",617.73785161805,6177.3785161805,1520140847.99951,299162.993678502,202112162140
136,27518,1834,19,22765,Cary,"",805.622666373819,8056.22666373819,262665807.612671,130741.025823352,202112162140
137,27519,4224,11,59960,Cary,"",704.469646430954,7044.69646430954,609072010.422363,166930.324843009,202112162140
138,27520,7550,80,43958,Clayton,"",1717.54856908868,17175.4856908868,1962402119.35425,374945.851452288,202112162140
139,27521,1121,14,7149,Coats,"",1568.05147573087,15680.5147573087,721041350.168091,174373.299688565,202112162140
140,27522,1771,10,13652,Creedmoor,"",1297.24582478758,12972.4582478758,2172960809.67273,361578.814896965,202112162140
141,27523,1273,2,12782,Apex,"",995.931779064309,9959.31779064309,1210964088.06177,294058.887697932,202112162140
142,27524,2394,34,13532,Four Oaks,"",1769.13981673071,17691.3981673071,3831785222.9375,530912.577014992,202112162140
143,27525,2695,7,15534,Franklinton,"",1734.9040813699,17349.040813699,2660281050.9928,421324.476104612,202112162140
144,27526,7009,68,54027,Fuquay Varina,"",1297.31430581006,12973.1430581006,2787678657.25134,460586.982042285,202112162140
145,27527,4764,20,30234,Clayton,"",1575.70946616392,15757.0946616392,1261348608.45837,213730.175971786,202112162140
146,27529,8102,89,53854,Garner,"",1504.43792475954,15044.3792475953,1666161335.17407,336033.618547781,202112162140
147,27530,5454,103,40212,Goldsboro,"",1356.31154879141,13563.1154879141,2920081393.96802,465673.796837526,202112162140
148,27531,39,0,666,Goldsboro,"",585.585585585586,5855.85585585586,123956304.007813,71472.4653387502,202112162140
149,27534,4506,95,31819,Goldsboro,"",1416.13501367108,14161.3501367108,1995982542.31616,394454.137280507,202112162140
150,27536,2822,50,16459,Henderson,"",1714.56346072058,17145.6346072058,359552678.037964,148817.062353839,202112162140
151,27537,3819,47,25321,Henderson,"",1508.23427194819,15082.3427194819,5545289733.50195,795404.906342347,202112162140
152,27539,2634,11,26567,Apex,"",991.455565174841,9914.55565174841,805959451.628174,335082.894750928,202112162140
153,27540,4740,14,39075,Holly Springs,"",1213.05182341651,12130.5182341651,1299006108.57275,339054.617126206,202112162140
154,27541,541,3,4044,Hurdle Mills,"",1337.784371909,13377.84371909,1979862536.66309,328579.598479954,202112162140
155,27542,1464,22,10043,Kenly,"",1457.73175346012,14577.3175346012,2499059670.1123,366253.348192187,202112162140
156,27544,584,6,4291,Kittrell,"",1360.98811465859,13609.8811465859,1645813165.28467,322022.503716068,202112162140
157,27545,5008,44,30327,Knightdale,"",1651.33379496818,16513.3379496818,885541868.759766,219250.012614228,202112162140
158,27546,3579,90,22436,Lillington,"",1595.20413620966,15952.0413620966,3433026188.83105,510775.88711738,202112162140
159,27549,3482,40,25224,Louisburg,"",1380.43133523628,13804.3133523628,6636124442.18066,817297.028533168,202112162140
160,27551,182,3,2205,Macon,"",825.396825396825,8253.96825396825,2443966870.98499,402849.299843211,202112162140
161,27553,565,1,2030,Manson,"",2783.25123152709,27832.5123152709,1245206626.07959,217969.561788749,202112162140
162,27556,37,0,298,Middleburg,"",1241.61073825503,12416.1073825503,67850312.0914307,63490.7222823736,202112162140
163,27557,1352,12,9214,Middlesex,"",1467.33232038203,14673.3232038203,2046463550.40088,338861.342265205,202112162140
164,27559,222,1,2874,Moncure,"",772.442588726513,7724.42588726514,1458825370.29968,366837.077035256,202112162140
165,27560,2896,16,33691,Morrisville,"",859.576741563029,8595.76741563029,794384947.373291,268297.11970144,202112162140
166,27562,414,1,2791,New Hill,"",1483.33930490863,14833.3930490863,1862081556.93738,349507.762295745,202112162140
167,27563,607,11,5312,Norlina,"",1142.69578313253,11426.9578313253,1943381370.69177,412640.540954252,202112162140
168,27565,3720,58,26057,Oxford,"",1427.6394059178,14276.394059178,9219811779.9552,826827.222809143,202112162140
169,27569,1522,12,8984,Princeton,"",1694.12288512912,16941.2288512912,2107084820.73511,313917.550563748,202112162140
170,27571,1267,3,7385,Rolesville,"",1715.63981042654,17156.3981042654,149121249.193359,94251.9264704589,202112162140
171,27572,715,3,7316,Rougemont,"",977.310005467469,9773.10005467469,3003228111.9873,397658.617230022,202112162140
172,27573,1891,58,11561,Roxboro,"",1635.67165470115,16356.7165470115,501787874.430542,219611.309648668,202112162140
173,27574,1870,19,15232,Roxboro,"",1227.67857142857,12276.7857142857,5527133817.3114,691755.452465681,202112162140
174,27576,3177,33,20197,Selma,"",1573.00589196415,15730.0589196415,2407427117.65723,339571.106645256,202112162140
175,27577,4679,62,25214,Smithfield,"",1855.71507892441,18557.1507892441,2877290650.99841,416726.966278934,202112162140
176,27581,492,2,3956,Stem,"",1243.68048533873,12436.8048533873,1038615853.81189,246789.101888964,202112162140
177,27583,1001,10,7012,Timberlake,"",1427.55276668568,14275.5276668568,1327957318.65857,326956.719649922,202112162140
178,27587,11119,63,74087,Wake Forest,"",1500.80310985733,15008.0310985733,3132804734.81897,700749.84181148,202112162140
179,27589,1037,15,8312,Warrenton,"",1247.59384023099,12475.9384023099,4790731000.68542,626837.217934377,202112162140
180,27591,4112,35,23448,Wendell,"",1753.66769020812,17536.6769020812,1913446220.02844,380727.392057269,202112162140
181,27592,2478,11,17368,Willow Spring,"",1426.7618608936,14267.618608936,1090932847.86865,312475.180771682,202112162140
182,27596,3029,8,18655,Youngsville,"",1623.69337979094,16236.9337979094,1519151285.28821,344366.073155402,202112162140
183,27597,4847,31,25494,Zebulon,"",1901.23166235193,19012.3166235193,3191967656.80884,568385.679042478,202112162140
184,27601,1419,8,12139,Raleigh,"",1168.95955185765,11689.5955185765,49970514.2080078,41226.7428180514,202112162140
185,27603,7697,51,55479,Raleigh,"",1387.37179833811,13873.7179833811,1420350588.63403,346107.072534997,202112162140
186,27604,6627,55,47645,Raleigh,"",1390.91195298562,13909.1195298562,550434833.049927,194088.121184431,202112162140
187,27605,837,19,5253,Raleigh,"",1593.37521416334,15933.7521416334,26954475.7900391,26465.2700663817,202112162140
188,27606,5188,16,47938,Raleigh,"",1082.23121531979,10822.3121531979,750229681.939209,267151.497057326,202112162140
189,27607,2970,13,30296,Raleigh,"",980.327435965144,9803.27435965144,519162282.902344,200611.380547666,202112162140
190,27608,1433,3,11603,Raleigh,"",1235.02542445919,12350.2542445919,91889809.9622803,55583.7467967219,202112162140
191,27609,4734,31,38631,Raleigh,"",1225.4407082395,12254.407082395,310136046.756592,95880.1630267631,202112162140
192,27610,13131,102,74203,Raleigh,"",1769.60500249316,17696.0500249316,1211166911.84558,327751.489063643,202112162140
193,27612,4548,42,39208,Raleigh,"",1159.96735360131,11599.6735360131,428868509.332275,164483.082879678,202112162140
194,27613,4830,15,46521,Raleigh,"",1038.24079447991,10382.4079447991,675406849.409912,184431.643996557,202112162140
195,27614,4323,24,37689,Raleigh,"",1147.01902411844,11470.1902411844,829063194.918701,218912.319813944,202112162140
196,27615,5169,52,46038,Raleigh,"",1122.76814805161,11227.6814805161,525952454.993774,134192.839940925,202112162140
197,27616,8721,41,55260,Raleigh,"",1578.17589576547,15781.7589576547,646426991.218628,201092.505637391,202112162140
198,27617,2311,3,19511,Raleigh,"",1184.46004817795,11844.6004817795,230483847.672241,125016.743498848,202112162140
199,27701,3101,19,26489,Durham,"",1170.67461965344,11706.7461965344,147212202.097778,89264.6755119976,202112162140
200,27703,7979,39,61351,Durham,"",1300.54929829995,13005.4929829995,1376809528.09961,349864.156739062,202112162140
201,27704,5836,44,39369,Durham,"",1482.38461733852,14823.8461733851,1307759376.10449,279407.953507315,202112162140
202,27705,5147,87,48078,Durham,"",1070.55201963476,10705.5201963476,1155101566.94189,288440.086812307,202112162140
203,27707,5231,18,47036,Durham,"",1112.12688153755,11121.2688153755,551326002.510864,228660.826032165,202112162140
204,27708,465,0,4635,Durham,"",1003.23624595469,10032.3624595469,24140532.868042,39624.2440738689,202112162140
205,27709,252,0,4,Durham,"",,,166810196.870483,93465.8554704914,202112162140
206,27710,9,0,0,Durham,"",,,3645590.83996582,9509.2112718363,202112162140
207,27712,2157,34,22055,Durham,"",978.009521650419,9780.09521650419,952678558.948486,239427.124284806,202112162140
208,27713,4993,31,53996,Durham,"",924.698125787095,9246.98125787095,1004016276.63342,186930.768828538,202112162140
209,27801,3143,30,21556,Rocky Mount,"",1458.06272035628,14580.6272035628,1947625744.14368,298032.749540483,202112162140
210,27803,3049,38,22337,Rocky Mount,"",1364.99977615615,13649.9977615615,1209689022.16736,314786.382274833,202112162140
211,27804,4604,97,29160,Rocky Mount,"",1578.87517146776,15788.7517146776,1207912397.80139,237805.719395059,202112162140
212,27805,375,5,3769,Aulander,"",994.958875033165,9949.58875033165,3260348789.01416,427031.578041759,202112162140
213,27806,254,4,2441,Aurora,"",1040.55714870955,10405.5714870955,3806890944.80762,575449.481817414,202112162140
214,27807,1323,16,6940,Bailey,"",1906.34005763689,19063.4005763689,1393278091.89233,266050.599193056,202112162140
215,27808,322,7,2481,Bath,"",1297.86376461104,12978.6376461104,1375581489.5946,320371.987641635,202112162140
216,27809,689,11,5254,Battleboro,"",1311.38180433955,13113.8180433955,2127311815.53979,418206.140952668,202112162140
217,27812,394,2,2951,Bethel,"",1335.14063029482,13351.4063029482,1796512894.90283,307599.92172387,202112162140
218,27813,119,0,687,Black Creek,"",1732.16885007278,17321.6885007278,17954681.8726807,21851.3845296183,202112162140
219,27814,213,3,1801,Blounts Creek,"",1182.67629094947,11826.7629094947,2084052221.88855,349050.345630614,202112162140
220,27816,342,4,2634,Castalia,"",1298.40546697039,12984.0546697039,1727056405.90051,269780.663460197,202112162140
221,27817,1203,13,7777,Chocowinity,"",1546.86897261155,15468.6897261155,3011254799.10022,441922.251479678,202112162140
222,27818,158,1,1269,Como,"",1245.07486209614,12450.7486209614,1775223218.97412,291672.91933713,202112162140
223,27820,315,7,3292,Conway,"",956.865127582017,9568.65127582017,1787180209.86865,300570.413456991,202112162140
224,27822,1441,21,9119,Elm City,"",1580.21712907117,15802.1712907117,2421416079.34338,500329.938801195,202112162140
225,27823,1132,13,7812,Enfield,"",1449.05273937532,14490.5273937532,5279947738.18738,591795.38238411,202112162140
226,27827,36,0,99,Falkland,"",3636.36363636364,36363.6363636364,6818760.54968262,12365.1347191574,202112162140
227,27828,1447,11,9031,Farmville,"",1602.25888605913,16022.5888605913,1954373169.79175,304535.643741104,202112162140
228,27829,288,1,1872,Fountain,"",1538.46153846154,15384.6153846154,1242859232.87109,276952.810668189,202112162140
229,27830,561,11,4858,Fremont,"",1154.7962124331,11547.962124331,1661392631.86707,301522.072838785,202112162140
230,27831,471,10,3588,Garysburg,"",1312.70903010033,13127.0903010033,1733783751.73071,369102.732751728,202112162140
231,27832,449,8,2912,Gaston,"",1541.8956043956,15418.956043956,1029571544.94922,217897.088475999,202112162140
232,27834,9960,58,57505,Greenville,"",1732.02330232154,17320.2330232154,5082356628.8689,890421.476518531,202112162140
233,27837,1076,4,6506,Grimesland,"",1653.85797725177,16538.5797725177,1710764546.60681,462288.004070908,202112162140
234,27839,427,5,3702,Halifax,"",1153.43057806591,11534.3057806591,3728459644.54443,454921.143892168,202112162140
235,27840,83,4,535,Hamilton,"",1551.40186915888,15514.0186915888,127567387.286499,59155.8177418193,202112162140
236,27842,105,0,1436,Henrico,"",731.197771587744,7311.97771587744,414285932.678223,116849.514846702,202112162140
237,27843,175,3,946,Hobgood,"",1849.89429175476,18498.9429175476,1458584246.23853,232329.162988765,202112162140
238,27844,457,7,3039,Hollister,"",1503.78413951958,15037.8413951958,1251113401.94934,274076.283965929,202112162140
239,27845,280,11,2841,Jackson,"",985.568461809222,9855.68461809222,2842001076.66528,416912.567186113,202112162140
240,27846,511,7,3069,Jamesville,"",1665.03747148908,16650.3747148908,3050744149.28796,442133.927899832,202112162140
241,27847,77,0,1071,Kelford,"",718.954248366013,7189.54248366013,1048559305.60547,265580.578438826,202112162140
242,27849,158,3,1483,Lewiston Woodville,"",1065.40795684423,10654.0795684423,2062202839.65674,367759.436044124,202112162140
243,27850,690,7,7413,Littleton,"",930.797248077701,9307.97248077701,5554617534.52942,570792.398502674,202112162140
244,27851,818,12,5595,Lucama,"",1462.01966041108,14620.1966041108,1253082833.57764,200836.347936783,202112162140
245,27852,428,4,3454,Macclesfield,"",1239.14302258251,12391.4302258251,1418996205.83582,268041.951522527,202112162140
246,27853,56,1,436,Margarettsville,"",1284.40366972477,12844.0366972477,1061331085.73535,233986.055045062,202112162140
247,27855,711,6,6105,Murfreesboro,"",1164.61916461916,11646.1916461916,1379257056.24951,246550.621363096,202112162140
248,27856,3211,42,17301,Nashville,"",1855.96208311658,18559.6208311658,3696764195.94336,508647.139191862,202112162140
249,27857,214,10,1601,Oak City,"",1336.6645846346,13366.645846346,2180191629.70935,354763.313675516,202112162140
250,27858,9486,27,58170,Greenville,"",1630.73749355338,16307.3749355338,1683129152.90881,395293.630437,202112162140
251,27860,320,4,2062,Pantego,"",1551.89136760427,15518.9136760427,4384086912.80859,475177.331131482,202112162140
252,27862,79,0,945,Pendleton,"",835.978835978836,8359.78835978836,1337735767.81812,305131.144563485,202112162140
253,27863,1858,32,12670,Pikeville,"",1466.45619573796,14664.5619573796,1822358483.62146,414140.550515842,202112162140
254,27864,802,9,4823,Pinetops,"",1662.86543645034,16628.6543645034,1058515929.69434,223861.53375515,202112162140
255,27865,350,9,2003,Pinetown,"",1747.3789316026,17473.789316026,3183419700.15735,407140.115990912,202112162140
256,27866,110,2,672,Pleasant Hill,"",1636.90476190476,16369.0476190476,548856343.547363,183824.668332886,202112162140
257,27869,376,17,2167,Rich Square,"",1735.11767420397,17351.1767420397,2314340977.34839,283794.508144883,202112162140
258,27870,4426,80,26633,Roanoke Rapids,"",1661.84808320505,16618.4808320505,1958976214.39966,237465.130853914,202112162140
259,27871,642,11,4466,Robersonville,"",1437.52798925213,14375.2798925213,2640265625.23401,370404.169208956,202112162140
260,27874,618,12,4766,Scotland Neck,"",1296.68485102812,12966.8485102812,3988089594.78687,425091.541566969,202112162140
261,27876,167,4,1290,Seaboard,"",1294.57364341085,12945.7364341085,1161065802.28784,286123.221519332,202112162140
262,27880,554,2,3280,Sims,"",1689.0243902439,16890.243902439,661768421.449585,178936.521495753,202112162140
263,27882,1320,15,7927,Spring Hope,"",1665.19490349439,16651.9490349439,2721376125.90833,404465.358087667,202112162140
264,27883,536,11,4361,Stantonsburg,"",1229.07590002293,12290.7590002293,2149873597.18677,378850.12800901,202112162140
265,27884,250,1,1545,Stokes,"",1618.12297734628,16181.2297734628,1118165618.53992,178810.199825373,202112162140
266,27885,325,5,859,Swanquarter,"",3783.46915017462,37834.6915017462,3236637890.30994,778832.459471454,202112162140
267,27886,3311,77,21595,Tarboro,"",1533.22528363047,15332.2528363047,5534275751.92761,530150.851444627,202112162140
268,27888,409,2,2803,Walstonburg,"",1459.15090973956,14591.5090973956,1661899290.0293,260588.447365408,202112162140
269,27889,4998,90,27543,Washington,"",1814.61714410195,18146.1714410195,4746901259.41052,624948.845007957,202112162140
270,27890,339,19,2398,Weldon,"",1413.67806505421,14136.7806505421,250295126.203369,88214.5142201126,202112162140
271,27891,705,11,5011,Whitakers,"",1406.90480941928,14069.0480941928,3802342458.24487,551887.618669608,202112162140
272,27892,2423,42,14363,Williamston,"",1686.97347350832,16869.7347350832,4740161664.64209,528153.604658044,202112162140
273,27893,6759,147,40647,Wilson,"",1662.85334711049,16628.5334711049,3134674028.43115,441390.734015219,202112162140
274,27896,3465,47,21212,Wilson,"",1633.50933433905,16335.0933433905,1013992738.34033,260787.736893696,202112162140
275,27897,200,1,2467,Woodland,"",810.701256586948,8107.01256586948,1262848506.99878,250563.523857377,202112162140
276,27909,5569,109,40958,Elizabeth City,"",1359.68553152009,13596.8553152009,6356628470.42627,720925.199090357,202112162140
277,27910,1658,54,11609,Ahoskie,"",1428.20225686967,14282.0225686967,3854004911.8667,558805.248838311,202112162140
278,27915,89,0,758,Avon,"",1174.14248021108,11741.4248021108,132797325.68457,159985.858445685,202112162140
279,27916,107,0,554,Aydlett,"",1931.40794223827,19314.0794223827,175446906.710938,88834.9392660151,202112162140
280,27917,156,7,1084,Barco,"",1439.11439114391,14391.1439114391,583346697.773926,150643.300800981,202112162140
281,27922,115,4,1107,Cofield,"",1038.84372177055,10388.4372177055,1372106941.59424,230585.938382193,202112162140
282,27924,427,6,3509,Colerain,"",1216.87090339128,12168.7090339128,2545571117.46045,325068.518729582,202112162140
283,27925,586,7,4164,Columbia,"",1407.30067243036,14073.0067243036,9421043776.67224,822613.133571787,202112162140
284,27926,153,1,1965,Corapeake,"",778.625954198473,7786.25954198473,1084179276.0813,176947.978129327,202112162140
285,27927,77,0,613,Corolla,"",1256.11745513866,12561.1745513866,685869287.21875,1266393.74615983,202112162140
286,27928,242,5,1888,Creswell,"",1281.77966101695,12817.7966101695,3736346955.86023,344143.792077435,202112162140
287,27929,174,2,1949,Currituck,"",892.765520779887,8927.65520779887,352573124.774658,146317.944454099,202112162140
288,27932,2094,40,12644,Edenton,"",1656.12148054413,16561.2148054413,3509551689.6084,391797.495792958,202112162140
289,27935,181,3,1674,Eure,"",1081.24253285544,10812.4253285544,1443577833.21069,213483.780281898,202112162140
290,27937,394,6,4253,Gates,"",926.404890665413,9264.04890665413,2407949124.70361,290137.740864669,202112162140
291,27938,187,9,1430,Gatesville,"",1307.69230769231,13076.9230769231,1202645918.03784,229961.178585235,202112162140
292,27942,84,1,936,Harrellsville,"",897.435897435897,8974.35897435897,927451831.666504,150762.800286803,202112162140
293,27944,1571,12,12230,Hertford,"",1284.54619787408,12845.4619787408,5013940953.42065,828274.577378666,202112162140
294,27946,122,0,1089,Hobbsville,"",1120.29384756657,11202.9384756657,1234977495.96777,250163.996071758,202112162140
295,27948,1516,3,12518,Kill Devil Hills,"",1211.05607924589,12110.5607924589,288939959.776123,266090.270790261,202112162140
296,27949,822,4,7235,Kitty Hawk,"",1136.14374568072,11361.4374568072,426732703.740967,296487.58160632,202112162140
297,27950,136,0,2183,Knotts Island,"",622.995877233165,6229.95877233165,1009906812.90234,393684.159837613,202112162140
298,27957,184,8,1419,Merry Hill,"",1296.68780831572,12966.8780831572,1345289022.66797,219570.3989813,202112162140
299,27958,1465,10,12061,Moyock,"",1214.65881767681,12146.5881767681,2191273226.67993,258895.732965411,202112162140
300,27959,359,1,2451,Nags Head,"",1464.70828233374,14647.0828233374,464337538.219238,468359.824712584,202112162140
301,27962,992,24,7439,Plymouth,"",1333.51256889367,13335.1256889367,2248894843.11377,323982.42240407,202112162140
302,27966,126,0,1473,Powells Point,"",855.397148676171,8553.97148676171,310362212.773438,140593.315765635,202112162140
303,27968,40,0,413,Rodanthe,"",968.523002421308,9685.23002421308,255307311.38855,376970.397727618,202112162140
304,27970,436,8,3214,Roper,"",1356.56502800249,13565.6502800249,3979984913.95898,386215.845703473,202112162140
305,27976,439,2,3561,South Mills,"",1232.799775344,12327.99775344,2739484648.62012,348819.066033239,202112162140
306,27979,143,0,1813,Sunbury,"",788.747931605075,7887.47931605075,2196378526.26221,272849.595585558,202112162140
307,27982,9,0,0,Waves,"",,,5381164.09509277,11228.317119066,202112162140
308,27983,1366,32,10633,Windsor,"",1284.67977052572,12846.7977052572,9431469996.22351,861662.756904588,202112162140
309,27986,201,4,2650,Winton,"",758.490566037736,7584.90566037736,374234308.870117,153016.850399202,202112162140
310,28001,5425,136,28360,Albemarle,"",1912.90550070522,19129.0550070522,3791255242.38873,479491.354130006,202112162140
311,28006,235,3,1136,Alexis,"",2068.66197183099,20686.6197183099,126883649.701416,88485.0702727942,202112162140
312,28012,4468,44,24276,Belmont,"",1840.50090624485,18405.0090624485,865729022.118042,170607.84187697,202112162140
313,28016,2625,36,14526,Bessemer City,"",1807.10450227179,18071.0450227179,1271825919.55414,236943.686135101,202112162140
314,28018,992,33,5943,Bostic,"",1669.19064445566,16691.9064445566,2694770404.83051,433562.153950885,202112162140
315,28020,441,5,2464,Casar,"",1789.77272727273,17897.7272727273,1475633951.64899,260515.821792163,202112162140
316,28021,2657,53,13436,Cherryville,"",1977.52307234296,19775.2307234296,1626380587.60425,391038.422631114,202112162140
317,28023,2895,40,14843,China Grove,"",1950.41433672438,19504.1433672438,1273875684.14087,277795.952246167,202112162140
318,28025,9543,105,55325,Concord,"",1724.89832806146,17248.9832806146,2992149162.05573,466210.816136512,202112162140
319,28027,11594,106,74072,Concord,"",1565.23382654714,15652.3382654714,1903468707.60345,332965.289746402,202112162140
320,28031,4266,32,31049,Cornelius,"",1373.95729331057,13739.5729331057,672168572.25116,151594.592125485,202112162140
321,28032,582,3,3249,Cramerton,"",1791.32040627886,17913.2040627886,59161626.1264038,51515.5503878613,202112162140
322,28033,671,7,3362,Crouse,"",1995.83581201666,19958.3581201666,509703222.739563,189532.085619349,202112162140
323,28034,3941,49,17859,Dallas,"",2206.730500028,22067.30500028,1273410668.68243,215322.291269956,202112162140
324,28036,2502,19,18554,Davidson,"",1348.49628112536,13484.9628112536,669928559.48645,197029.79366816,202112162140
325,28037,4373,14,23834,Denver,"",1834.77385247965,18347.7385247965,1521729514.62848,312689.389421742,202112162140
326,28039,70,4,428,East Spencer,"",1635.51401869159,16355.1401869159,13759835.5942383,34526.6128305972,202112162140
327,28040,1329,27,8270,Ellenboro,"",1607.01330108827,16070.1330108827,1773879551.02985,348064.117544276,202112162140
328,28043,3911,120,21472,Forest City,"",1821.44187779434,18214.4187779434,1816346053.52002,348394.442075552,202112162140
329,28052,6989,125,36823,Gastonia,"",1897.99853352524,18979.9853352524,1165429048.27631,189783.469072904,202112162140
330,28054,7418,120,40184,Gastonia,"",1846.00836153693,18460.0836153693,562652947.772949,139549.083675328,202112162140
331,28056,6430,76,35595,Gastonia,"",1806.43348784942,18064.3348784942,1342394953.02258,344787.60681341,202112162140
332,28071,600,7,3198,Gold Hill,"",1876.17260787993,18761.7260787992,1345839018.92865,236923.074375116,202112162140
333,28073,1038,15,5606,Grover,"",1851.58758473065,18515.8758473065,702973243.533203,143952.911566798,202112162140
334,28075,3047,21,19174,Harrisburg,"",1589.13111505163,15891.3111505163,656107496.741638,238150.023406484,202112162140
335,28078,9458,74,66079,Huntersville,"",1431.31705988287,14313.1705988287,1870251820.14679,316647.648839996,202112162140
336,28079,6337,46,39813,Indian Trail,"",1591.69115615502,15916.9115615502,1221176124.08392,283660.370334182,202112162140
337,28080,1508,7,8157,Iron Station,"",1848.71889174942,18487.1889174942,1095921164.38501,240845.709042299,202112162140
338,28081,4896,59,28249,Kannapolis,"",1733.15869588304,17331.5869588304,862858421.935425,200259.108957382,202112162140
339,28083,4605,64,25877,Kannapolis,"",1779.57259342273,17795.7259342273,582493569.448059,145983.725103448,202112162140
340,28086,5578,81,26988,Kings Mountain,"",2066.84452349192,20668.4452349192,2467878462.36133,329807.139806484,202112162140
341,28088,660,5,3059,Landis,"",2157.56783262504,21575.6783262504,72787169.9580688,52885.3256566675,202112162140
342,28090,1354,25,8506,Lawndale,"",1591.81754055961,15918.1754055961,2661358061.4715,458218.963524001,202112162140
343,28091,329,5,2353,Lilesville,"",1398.21504462388,13982.1504462388,2694411423.45477,313074.926269122,202112162140
344,28092,7861,72,40052,Lincolnton,"",1962.69849196045,19626.9849196045,3216596915.74634,535483.341451104,202112162140
345,28097,1366,10,6124,Locust,"",2230.5682560418,22305.682560418,836579136.406799,181830.474266294,202112162140
346,28098,703,4,4010,Lowell,"",1753.11720698254,17531.1720698254,99103128.4535522,49283.194148661,202112162140
347,28103,1982,38,11346,Marshville,"",1746.87114401551,17468.7114401551,4253866560.83563,449440.107851782,202112162140
348,28104,4837,22,32469,Matthews,"",1489.72866426438,14897.2866426438,824578845.587585,325979.692599077,202112162140
349,28105,5959,87,45346,Matthews,"",1314.11811405637,13141.1811405637,668165195.784729,278013.840820393,202112162140
350,28107,1608,14,8210,Midland,"",1958.58708891596,19585.8708891596,1388640520.38739,250943.513182056,202112162140
351,28110,9945,122,55536,Monroe,"",1790.73033707865,17907.3033707865,3676478383.48267,422255.233862207,202112162140
352,28112,5214,80,28060,Monroe,"",1858.16108339273,18581.6108339273,3713382117.46545,318461.97727687,202112162140
353,28114,1349,17,9034,Mooresboro,"",1493.24773079478,14932.4773079478,1900066101.23077,346437.871140422,202112162140
354,28115,6828,63,41536,Mooresville,"",1643.87519260401,16438.7519260401,2057262512.61176,327151.756863337,202112162140
355,28117,7439,26,47608,Mooresville,"",1562.55251218283,15625.5251218283,1555969690.69189,234425.757349855,202112162140
356,28119,462,10,3034,Morven,"",1522.74225444957,15227.4225444957,1970357677.74512,298425.64822689,202112162140
357,28120,4181,54,24318,Mount Holly,"",1719.30257422485,17193.0257422485,1001654680.08618,272689.093586748,202112162140
358,28124,1247,13,7015,Mount Pleasant,"",1777.6193870278,17776.193870278,1620148303.23315,301866.136666845,202112162140
359,28125,438,4,2657,Mount Ulla,"",1648.47572450132,16484.7572450132,1169162879.13867,198953.955252748,202112162140
360,28127,1617,15,7631,New London,"",2118.98833704626,21189.8833704626,2159940152.89789,468250.659328753,202112162140
361,28128,1329,19,8098,Norwood,"",1641.14596196592,16411.4596196592,2054286113.35083,282114.674844028,202112162140
362,28129,1091,12,6031,Oakboro,"",1808.98690101144,18089.8690101144,1226619926.53345,219035.034364981,202112162140
363,28133,429,7,2713,Peachland,"",1581.27534095098,15812.7534095098,2384968915.9574,421295.337069002,202112162140
364,28134,1877,30,11817,Pineville,"",1588.38960819159,15883.8960819159,248618254.324951,88085.4538299006,202112162140
365,28135,841,10,5968,Polkton,"",1409.18230563003,14091.8230563003,2916374106.84241,475980.429437205,202112162140
366,28137,556,5,3843,Richfield,"",1446.78636481915,14467.8636481915,1223676252.05975,291589.496037827,202112162140
367,28138,2027,44,11659,Rockwell,"",1738.57106098293,17385.7106098293,1278406256.12445,357387.534646104,202112162140
368,28139,3487,125,20134,Rutherfordton,"",1731.89629482467,17318.9629482467,5078697342.95056,674832.691106947,202112162140
369,28144,4891,90,25846,Salisbury,"",1892.36245453842,18923.6245453842,867982991.287292,279505.654446658,202112162140
370,28146,5613,81,30382,Salisbury,"",1847.47547890198,18474.7547890198,3012969418.7887,452196.720325258,202112162140
371,28147,5493,115,26204,Salisbury,"",2096.24484811479,20962.4484811479,2146390330.37,312495.471896358,202112162140
372,28150,5407,111,29296,Shelby,"",1845.6444565811,18456.444565811,3159764942.52783,579453.815714685,202112162140
373,28152,4589,67,26078,Shelby,"",1759.72083748754,17597.2083748754,2247420971.2251,304211.560780764,202112162140
374,28159,676,24,3126,Spencer,"",2162.50799744082,21625.0799744082,51886096.1330566,42602.5220628392,202112162140
375,28160,831,15,4015,Spindale,"",2069.73848069738,20697.3848069738,170326604.450989,70799.3749654705,202112162140
376,28163,1001,7,5814,Stanfield,"",1721.70622635019,17217.0622635019,970276414.142883,191731.821086023,202112162140
377,28164,2759,57,15447,Stanley,"",1786.10733475756,17861.0733475756,1144736813.58362,324856.854746788,202112162140
378,28166,1775,26,9868,Troutman,"",1798.74341305229,17987.4341305229,911716953.816406,217041.310552797,202112162140
379,28167,370,6,2418,Union Mills,"",1530.19023986766,15301.9023986766,1934997992.23633,347927.953502144,202112162140
380,28168,2018,25,10437,Vale,"",1933.50579668487,19335.0579668487,2469130589.68384,340004.345415379,202112162140
381,28170,1991,50,12494,Wadesboro,"",1593.56491115736,15935.6491115736,5053183842.2157,655726.472285972,202112162140
382,28173,9549,45,63837,Waxhaw,"",1495.84096997039,14958.4096997039,3045162637.21796,318858.064536165,202112162140
383,28174,1742,20,9287,Wingate,"",1875.74028211478,18757.4028211478,985461754.807983,246986.820118662,202112162140
384,28202,3125,3,16755,Charlotte,"",1865.11489107729,18651.1489107729,50452583.9099121,34485.9053855683,202112162140
385,28203,3240,6,19070,Charlotte,"",1699.00367068694,16990.0367068694,91001089.479126,54761.2733662689,202112162140
386,28204,1497,8,8738,Charlotte,"",1713.20668345159,17132.0668345159,48899100.5548096,40761.7265321132,202112162140
387,28205,7287,79,51821,Charlotte,"",1406.18668107524,14061.8668107524,335820474.82135,104910.810677792,202112162140
388,28206,2528,15,15244,Charlotte,"",1658.35738651273,16583.5738651273,182577260.697876,71458.0502165389,202112162140
389,28207,1160,6,9761,Charlotte,"",1188.40282757914,11884.0282757914,68333859.7921753,36157.3958026362,202112162140
390,28208,7021,65,39944,Charlotte,"",1757.71079511316,17577.1079511316,595973347.5495,157267.598078636,202112162140
391,28209,3366,16,26012,Charlotte,"",1294.01814547132,12940.1814547132,157335764.525879,72359.4847682198,202112162140
392,28210,6221,49,44704,Charlotte,"",1391.59806728704,13915.9806728704,342547124.476257,112745.958411282,202112162140
393,28211,3806,77,31253,Charlotte,"",1217.80309090327,12178.0309090327,292827786.05603,102838.759144167,202112162140
394,28212,6755,49,42744,Charlotte,"",1580.3387609957,15803.387609957,237710291.866211,96077.3791004252,202112162140
395,28213,8080,63,45338,Charlotte,"",1782.16948255327,17821.6948255327,412614569.613403,162252.089416931,202112162140
396,28214,7703,56,41208,Charlotte,"",1869.29722384003,18692.9722384003,965554836.030151,224926.880987092,202112162140
397,28215,10641,84,60256,Charlotte,"",1765.96521508232,17659.6521508232,782010510.903748,222976.412140326,202112162140
398,28216,9579,78,58744,Charlotte,"",1630.63461800354,16306.3461800354,857978895.941772,184761.316525276,202112162140
399,28217,4713,25,30875,Charlotte,"",1526.47773279352,15264.7773279352,428067925.271423,132462.900799897,202112162140
400,28226,4827,41,40227,Charlotte,"",1199.94033857857,11999.4033857857,430471271.22644,131097.087702525,202112162140
401,28227,9293,78,57319,Charlotte,"",1621.27741237635,16212.7741237635,1173416755.00244,297066.255269002,202112162140
402,28262,6935,51,43683,Charlotte,"",1587.57411349953,15875.7411349953,593648477.600464,159979.41236041,202112162140
403,28269,11934,75,81464,Charlotte,"",1464.94156928214,14649.4156928214,840640266.840637,192155.045229048,202112162140
404,28270,3801,35,34753,Charlotte,"",1093.71852789687,10937.1852789687,345778417.622314,161555.486865571,202112162140
405,28273,6725,49,40544,Charlotte,"",1658.69179163378,16586.9179163378,614626385.142517,192801.276498243,202112162140
406,28277,8148,36,72020,Charlotte,"",1131.35240211052,11313.5240211052,675381884.726379,144850.675101077,202112162140
407,28278,4873,24,32539,Charlotte,"",1497.58751037217,14975.8751037217,902762098.137573,246465.469761239,202112162140
408,28301,2818,82,17717,Fayetteville,"",1590.56273635491,15905.6273635491,348717238.9104,130217.445212828,202112162140
409,28303,4229,44,34600,Fayetteville,"",1222.25433526012,12222.5433526012,540160738.043701,179304.154504403,202112162140
410,28304,5080,40,39651,Fayetteville,"",1281.17828049734,12811.7828049734,491742944.185852,186465.416198877,202112162140
411,28305,726,8,5010,Fayetteville,"",1449.10179640719,14491.0179640719,69895111.336731,49443.8950343603,202112162140
412,28306,6518,63,42565,Fayetteville,"",1531.30506284506,15313.0506284506,2090603260.31519,562860.488861908,202112162140
413,28307,1598,0,15486,Fort Bragg,"",1031.89978044686,10318.9978044686,174879596.356018,92732.9092032322,202112162140
414,28310,1429,0,8861,Fort Bragg,"",1612.68479855547,16126.8479855547,506286340.902344,200733.090413706,202112162140
415,28311,5053,46,36046,Fayetteville,"",1401.81989679854,14018.1989679854,1336136656.04889,240844.864072535,202112162140
416,28312,2900,50,18419,Fayetteville,"",1574.4611542429,15744.611542429,4341373681.0871,556260.336471476,202112162140
417,28314,7952,57,53642,Fayetteville,"",1482.42049140599,14824.2049140599,816473670.87677,185615.29020179,202112162140
418,28315,2079,25,13329,Aberdeen,"",1559.75692099932,15597.5692099932,2049308469.85626,494397.056686911,202112162140
419,28318,791,7,4579,Autryville,"",1727.4514086045,17274.514086045,2217851356.83313,372935.466158955,202112162140
420,28320,1662,34,9381,Bladenboro,"",1771.66613367445,17716.6613367445,3248490168.58801,381864.201698899,202112162140
421,28323,684,2,4578,Bunnlevel,"",1494.10222804718,14941.0222804718,1112191308.33496,301931.807656216,202112162140
422,28326,3241,20,22382,Cameron,"",1448.0386024484,14480.386024484,3242119864.63824,488036.173063299,202112162140
423,28327,2842,43,18273,Carthage,"",1555.30016964921,15553.0016964921,5396542091.08795,586939.342565837,202112162140
424,28328,4883,70,26951,Clinton,"",1811.80661199955,18118.0661199955,6810728499.67102,657248.933701039,202112162140
425,28333,1822,33,10709,Dudley,"",1701.37267718741,17013.7267718741,1249687746.85376,213915.020571421,202112162140
426,28334,5132,72,26215,Dunn,"",1957.65782948693,19576.5782948693,4497238669.98419,544402.158241248,202112162140
427,28337,1814,32,11927,Elizabethtown,"",1520.91892345099,15209.1892345099,5069041872.41577,577770.225904477,202112162140
428,28338,665,9,4804,Ellerbe,"",1384.26311407161,13842.6311407161,3935542448.08881,492508.044174153,202112162140
429,28339,1240,19,7226,Erwin,"",1716.02546360365,17160.2546360365,1064553458.41333,310656.999787593,202112162140
430,28340,1836,46,10738,Fairmont,"",1709.81560812069,17098.1560812069,3757196814.59872,450516.228420329,202112162140
431,28341,757,8,5080,Faison,"",1490.15748031496,14901.5748031496,2787115249.34564,421094.619116887,202112162140
432,28343,270,8,1567,Gibson,"",1723.0376515635,17230.376515635,458723474.164063,106909.663733147,202112162140
433,28344,672,7,3814,Godwin,"",1761.92973256424,17619.2973256424,1128755315.22852,269142.265002464,202112162140
434,28345,2130,43,12656,Hamlet,"",1682.99620733249,16829.9620733249,2126402412.95966,332606.523883072,202112162140
435,28347,266,1,1826,Hoffman,"",1456.73603504929,14567.3603504929,747268691.675964,194334.44204749,202112162140
436,28348,5726,56,36052,Hope Mills,"",1588.26140019971,15882.6140019971,1166315651.14276,329846.853315969,202112162140
437,28349,807,19,3955,Kenansville,"",2040.45512010114,20404.5512010114,1959246504.78113,326624.538750416,202112162140
438,28350,41,0,70,Lakeview,"",5857.14285714286,58571.4285714286,7876659.25891113,11657.1581787366,202112162140
439,28351,786,8,5269,Laurel Hill,"",1491.74416397798,14917.4416397798,1788599136.13666,386362.39437636,202112162140
440,28352,4256,84,25298,Laurinburg,"",1682.34643054787,16823.4643054787,3264782876.16284,438869.872406895,202112162140
441,28356,843,8,4914,Linden,"",1715.50671550672,17155.0671550672,1497885580.84283,286294.988335977,202112162140
442,28357,428,5,3224,Lumber Bridge,"",1327.54342431762,13275.4342431762,998095899.747498,200973.924425577,202112162140
443,28358,7374,139,38517,Lumberton,"",1914.47932081938,19144.7932081938,5499536726.32037,504386.80427759,202112162140
444,28360,2910,43,14944,Lumberton,"",1947.26980728051,19472.6980728051,1985862696.58282,363920.117329658,202112162140
445,28363,184,2,1079,Marston,"",1705.28266913809,17052.8266913809,1736455559.11224,383927.716730151,202112162140
446,28364,2790,46,15170,Maxton,"",1839.15622940013,18391.5622940013,3845135736.01221,464303.223304612,202112162140
447,28365,2529,59,17063,Mount Olive,"",1482.15436910274,14821.5436910274,5449867058.99634,617077.13642774,202112162140
448,28366,1017,16,5153,Newton Grove,"",1973.6076072191,19736.076072191,2293381130.24042,414618.719505342,202112162140
449,28369,415,8,2241,Orrum,"",1851.85185185185,18518.5185185185,1800121585.61136,401393.305842192,202112162140
450,28371,1135,20,7085,Parkton,"",1601.97600564573,16019.7600564573,1005950088.08063,229991.086519014,202112162140
451,28372,3218,49,15254,Pembroke,"",2109.61059394257,21096.1059394257,1147770145.91595,255857.280522167,202112162140
452,28373,388,5,2552,Pinebluff,"",1520.37617554859,15203.7617554859,460329066.992676,140223.621385681,202112162140
453,28374,2073,57,18171,Pinehurst,"",1140.82879313191,11408.2879313191,609888351.153748,186776.563275303,202112162140
454,28376,6314,77,43831,Raeford,"",1440.53295612694,14405.3295612694,8255601209.37079,618028.253174215,202112162140
455,28377,2418,41,13036,Red Springs,"",1854.86345504756,18548.6345504756,2872865768.25568,446034.002241505,202112162140
456,28379,4253,93,25804,Rockingham,"",1648.19407843745,16481.9407843745,4156662320.34821,486165.084209016,202112162140
457,28382,1202,19,8006,Roseboro,"",1501.37396952286,15013.7396952286,3525739741.42773,652666.741452104,202112162140
458,28383,1508,25,7713,Rowland,"",1955.14067159341,19551.4067159341,2904453853.97415,460017.981876533,202112162140
459,28384,2330,32,12414,Saint Pauls,"",1876.9131625584,18769.131625584,2850567240.80182,480450.415018018,202112162140
460,28385,572,3,3005,Salemburg,"",1903.49417637271,19034.9417637271,1040463355.97156,321938.125650219,202112162140
461,28386,1290,14,6068,Shannon,"",2125.90639419908,21259.0639419908,1134602512.8537,354913.796549299,202112162140
462,28387,2141,62,17139,Southern Pines,"",1249.1977361573,12491.977361573,810260751.658813,181010.127281146,202112162140
463,28390,3086,27,23494,Spring Lake,"",1313.52685792117,13135.2685792117,1630867413.08136,287302.836124698,202112162140
464,28391,845,13,5326,Stedman,"",1586.55651520841,15865.5651520841,1084470955.12604,202263.555324583,202112162140
465,28392,285,5,1554,Tar Heel,"",1833.97683397683,18339.7683397683,925384379.987671,187529.786563955,202112162140
466,28393,357,6,2160,Turkey,"",1652.77777777778,16527.7777777778,1437383838.7915,233550.655699493,202112162140
467,28394,781,8,6094,Vass,"",1281.58844765343,12815.8844765343,1215312777.16113,300186.221923817,202112162140
468,28395,454,3,2657,Wade,"",1708.6940158073,17086.940158073,1382105528.22943,246616.208913961,202112162140
469,28396,383,8,2679,Wagram,"",1429.63792459873,14296.3792459873,1631714382.90094,330475.243709586,202112162140
470,28398,1419,27,7672,Warsaw,"",1849.58289885297,18495.8289885297,2739435952.33466,345606.723026117,202112162140
471,28399,321,3,1934,White Oak,"",1659.77249224405,16597.7249224405,2338498223.40869,308489.981388208,202112162140
472,28401,3279,70,24213,Wilmington,"",1354.23119811671,13542.3119811671,925590291.269562,302995.40520751,202112162140
473,28403,5724,32,41945,Wilmington,"",1364.64417689832,13646.4417689832,403456249.54361,135103.298695973,202112162140
474,28405,4415,38,33719,Wilmington,"",1309.35081111539,13093.5081111539,694443662.189972,212896.044608315,202112162140
475,28409,3973,31,34974,Wilmington,"",1135.98673300166,11359.8673300166,678530052.059952,626246.01836128,202112162140
476,28411,4685,41,38820,Wilmington,"",1206.85213807316,12068.5213807316,1477023573.08954,591854.549770877,202112162140
477,28412,5088,63,42977,Wilmington,"",1183.88905693743,11838.8905693743,635947452.301941,245813.217862995,202112162140
478,28420,707,14,5116,Ash,"",1381.93901485536,13819.3901485536,4030119174.4476,622951.504256467,202112162140
479,28421,211,4,2040,Atkinson,"",1034.3137254902,10343.137254902,1701084244.28595,246250.995159076,202112162140
480,28422,1098,13,8682,Bolivia,"",1264.68555632343,12646.8555632343,2520456183.00197,406510.949073509,202112162140
481,28423,343,5,2285,Bolton,"",1501.09409190372,15010.9409190372,4327886518.67657,560706.237916531,202112162140
482,28425,1937,29,12625,Burgaw,"",1534.25742574257,15342.5742574257,4872852970.19843,522799.098840263,202112162140
483,28428,805,5,7142,Carolina Beach,"",1127.13525623075,11271.3525623075,153392950.326767,131890.839899376,202112162140
484,28429,1179,15,8542,Castle Hayne,"",1380.23881994849,13802.3881994849,1146009267.92944,244578.64538817,202112162140
485,28430,358,7,2055,Cerro Gordo,"",1742.09245742092,17420.9245742092,1294763521.80133,235369.368885516,202112162140
486,28431,1297,34,6741,Chadbourn,"",1924.04687731791,19240.4687731791,2019287633.59152,414968.282140325,202112162140
487,28432,420,4,1684,Clarendon,"",2494.06175771971,24940.6175771972,913029717.719559,381140.327621418,202112162140
488,28433,735,8,5297,Clarkton,"",1387.57787426845,13875.7787426845,3257754219.81824,497145.128049415,202112162140
489,28434,139,4,1357,Council,"",1024.31834929993,10243.1834929993,2209417286.23001,262045.947095385,202112162140
490,28435,370,6,2931,Currie,"",1262.36779256227,12623.6779256227,2746865502.37314,418800.327512465,202112162140
491,28436,376,5,2312,Delco,"",1626.29757785467,16262.9757785467,1250613651.60083,304067.898737589,202112162140
492,28438,319,3,1688,Evergreen,"",1889.81042654028,18898.1042654028,1324758692.31961,354385.951020838,202112162140
493,28439,268,12,1536,Fair Bluff,"",1744.79166666667,17447.9166666667,667490225.496307,213264.007900786,202112162140
494,28441,516,6,3328,Garland,"",1550.48076923077,15504.8076923077,3774857745.4223,555550.533903292,202112162140
495,28442,257,7,1734,Hallsboro,"",1482.12226066897,14821.2226066897,1395074837.14975,336354.405393144,202112162140
496,28443,3635,30,22483,Hampstead,"",1616.77712049104,16167.7712049104,4337834719.99771,560208.032392266,202112162140
497,28444,355,1,2278,Harrells,"",1558.38454784899,15583.8454784899,3251010335.70935,548979.732892781,202112162140
498,28445,1387,18,8142,Holly Ridge,"",1703.51265045443,17035.1265045443,2835470197.40424,676482.174744673,202112162140
499,28447,180,0,1334,Ivanhoe,"",1349.32533733133,13493.2533733133,2755654733.91089,442226.920323366,202112162140
500,28448,122,1,1216,Kelly,"",1003.28947368421,10032.8947368421,2360585218.26868,400674.523076971,202112162140
501,28449,144,2,1958,Kure Beach,"",735.444330949949,7354.44330949949,112229003.875305,80695.0045848031,202112162140
502,28450,343,11,2397,Lake Waccamaw,"",1430.95536086775,14309.5536086775,1482484363.39343,277199.450521116,202112162140
503,28451,5345,44,39194,Leland,"",1363.72914221565,13637.2914221565,5322314275.71591,771852.448618024,202112162140
504,28452,107,2,513,Longwood,"",2085.76998050682,20857.6998050682,201031402.998276,76626.878203892,202112162140
505,28453,797,8,4137,Magnolia,"",1926.51679961325,19265.1679961325,2286467269.94287,428957.863476439,202112162140
506,28454,459,7,3549,Maple Hill,"",1293.32206255283,12933.2206255283,3064407818.25446,319144.850869928,202112162140
507,28455,366,5,1718,Nakina,"",2130.38416763679,21303.8416763679,1802269564.75485,339624.478895421,202112162140
508,28456,558,9,3566,Riegelwood,"",1564.77846326416,15647.7846326416,1872158645.14374,368901.622022321,202112162140
509,28457,1700,17,12840,Rocky Point,"",1323.98753894081,13239.8753894081,3397895880.78387,551931.996451502,202112162140
510,28458,1088,16,7018,Rose Hill,"",1550.29923055001,15502.9923055001,3025757032.09851,549753.327973728,202112162140
511,28460,1903,10,10588,Sneads Ferry,"",1797.31771817152,17973.1771817151,868820245.916626,505270.66774661,202112162140
512,28461,2053,24,20575,Southport,"",997.812879708384,9978.12879708384,2976816159.44659,699193.372938299,202112162140
513,28462,1731,22,14309,Supply,"",1209.7281431267,12097.281431267,3173815797.17627,578042.071238935,202112162140
514,28463,2135,45,9865,Tabor City,"",2164.21692853523,21642.1692853523,3441446535.6745,489113.866817468,202112162140
515,28464,457,7,2491,Teachey,"",1834.60457647531,18346.0457647531,651873569.02948,216752.818849917,202112162140
516,28465,775,10,8285,Oak Island,"",935.425467712734,9354.25467712734,278142792.540329,260764.452809296,202112162140
517,28466,1842,48,10375,Wallace,"",1775.42168674699,17754.2168674699,4134830722.40503,646652.750223625,202112162140
518,28467,1382,22,11393,Calabash,"",1213.02554199947,12130.2554199947,478052225.035095,182374.085490172,202112162140
519,28468,561,4,5394,Sunset Beach,"",1040.04449388209,10400.4449388209,561581539.026329,281339.504069841,202112162140
520,28469,1032,21,7481,Ocean Isle Beach,"",1379.49471995723,13794.9471995722,718539224.77166,397460.188245043,202112162140
521,28470,1682,54,13446,Shallotte,"",1250.92964450394,12509.2964450394,1182514664.27979,362760.617388836,202112162140
522,28472,3428,84,20002,Whiteville,"",1713.82861713829,17138.2861713829,5336860792.21823,836470.753006454,202112162140
523,28478,745,8,4976,Willard,"",1497.18649517685,14971.8649517685,3641064446.79327,420805.470689163,202112162140
524,28479,894,15,4874,Winnabow,"",1834.22240459581,18342.2240459581,2117768058.25922,493774.783138491,202112162140
525,28480,396,0,2737,Wrightsville Beach,"",1446.83960540738,14468.3960540738,105606171.513519,198146.556810674,202112162140
526,28501,2890,54,19507,Kinston,"",1481.51945455478,14815.1945455478,2991635337.302,625626.150351651,202112162140
527,28504,3756,71,21016,Kinston,"",1787.20974495622,17872.0974495622,3402165916.96191,527051.926248192,202112162140
528,28508,419,10,2984,Albertson,"",1404.15549597855,14041.5549597855,979966062.858154,216402.11543394,202112162140
529,28510,158,0,1543,Arapahoe,"",1023.97926117952,10239.7926117952,492605022.366577,160146.449017413,202112162140
530,28511,53,0,628,Atlantic,"",843.949044585987,8439.49044585987,664520864.566406,632922.312503469,202112162140
531,28512,367,8,3689,Atlantic Beach,"",994.849552724315,9948.49552724315,159414908.561523,282548.210087653,202112162140
532,28513,1666,6,10825,Ayden,"",1539.03002309469,15390.3002309469,2611479123.85803,477095.460669019,202112162140
533,28515,469,3,3463,Bayboro,"",1354.31706612763,13543.1706612763,1758589825.68518,437586.784820445,202112162140
534,28516,1412,12,12482,Beaufort,"",1131.22896971639,11312.2896971639,3384236686.76337,1001596.71803033,202112162140
535,28518,1589,26,8803,Beulaville,"",1805.06645461774,18050.6645461774,2702594658.36359,473932.945095065,202112162140
536,28521,413,11,2259,Chinquapin,"",1828.2425852147,18282.425852147,984336924.154663,232445.955683395,202112162140
537,28523,381,3,2274,Cove City,"",1675.4617414248,16754.617414248,2247611957.06177,297516.586083844,202112162140
538,28525,538,3,3309,Deep Run,"",1625.86884255062,16258.6884255062,1368793733.10339,260376.07892082,202112162140
539,28526,333,7,2384,Dover,"",1396.81208053691,13968.1208053691,2062614072.29626,437910.466683838,202112162140
540,28529,460,10,2539,Grantsboro,"",1811.73690429303,18117.3690429303,2523317524.60889,412017.089612735,202112162140
541,28530,1224,20,7474,Grifton,"",1637.67728124164,16376.7728124164,1906098626.48975,426610.065184873,202112162140
542,28531,153,3,1414,Harkers Island,"",1082.03677510608,10820.3677510608,96666650.4205933,159397.370996394,202112162140
543,28532,2849,10,25868,Havelock,"",1101.36075460028,11013.6075460028,5072028576.29651,874966.498361209,202112162140
544,28538,505,4,3342,Hookerton,"",1511.07121484141,15110.7121484141,837514346.679443,167225.326393657,202112162140
545,28539,2553,26,18000,Hubert,"",1418.33333333333,14183.3333333333,2158531628.89203,965472.416809674,202112162140
546,28540,7693,86,52400,Jacksonville,"",1468.12977099237,14681.2977099237,3283488394.35052,547729.060516665,202112162140
547,28542,684,0,6146,Camp Lejeune,"",1112.9189716889,11129.189716889,1137151211.30426,554417.951637185,202112162140
548,28543,592,2,6618,Tarawa Terrace,"",894.530069507404,8945.30069507404,101812905.851257,81799.9494086724,202112162140
549,28546,7767,73,51963,Jacksonville,"",1494.71739506957,14947.1739506957,2766403023.01086,429757.095409677,202112162140
550,28547,2560,0,13868,Camp Lejeune,"",1845.97634842804,18459.7634842804,321351155.112183,125030.1108688,202112162140
551,28551,2242,34,14265,La Grange,"",1571.67893445496,15716.7893445496,3578620059.57935,402405.541085344,202112162140
552,28553,40,1,522,Marshallberg,"",766.283524904214,7662.83524904214,44093630.395752,64625.7950525977,202112162140
553,28555,792,5,4702,Maysville,"",1684.38962143769,16843.8962143769,3623337430.05573,600372.548840718,202112162140
554,28557,1938,16,15254,Morehead City,"",1270.48642978891,12704.8642978891,400526127.961975,291647.007459014,202112162140
555,28560,4180,69,28926,New Bern,"",1445.06672198023,14450.6672198023,3309199654.78784,1030041.14449326,202112162140
556,28562,5241,59,38009,New Bern,"",1378.8839485385,13788.839485385,3853792240.20764,1071472.47820274,202112162140
557,28570,3038,21,22687,Newport,"",1339.09287257019,13390.9287257019,4050945831.7467,612371.091717981,202112162140
558,28571,230,3,3137,Oriental,"",733.184571246414,7331.84571246414,1482289449.53186,353024.477698561,202112162140
559,28572,1198,17,6379,Pink Hill,"",1878.03730992319,18780.3730992319,3042675125.74115,395176.694907307,202112162140
560,28573,338,19,2475,Pollocksville,"",1365.65656565657,13656.5656565657,3035889883.2348,360117.83631843,202112162140
561,28574,3154,36,17702,Richlands,"",1781.71957970851,17817.1957970851,3868294357.7301,523654.71280993,202112162140
562,28577,39,2,595,Sealevel,"",655.46218487395,6554.6218487395,131607264.267456,82049.6590834024,202112162140
563,28578,850,11,7044,Seven Springs,"",1206.70073821692,12067.0073821692,1837860745.29797,304549.150963809,202112162140
564,28580,1800,39,12031,Snow Hill,"",1496.13498462306,14961.3498462306,3261656823.56982,373362.024423986,202112162140
565,28582,285,3,1824,Stella,"",1562.5,15625,566119411.242798,233745.537488706,202112162140
566,28584,1736,18,12910,Swansboro,"",1344.69403563129,13446.9403563129,870417864.570801,630505.524420814,202112162140
567,28585,598,12,4170,Trenton,"",1434.05275779377,14340.5275779377,5857263271.9624,616313.550954668,202112162140
568,28586,1836,12,8427,Vanceboro,"",2178.71128515486,21787.1128515486,3798727344.79224,393188.365406212,202112162140
569,28590,4683,21,26551,Winterville,"",1763.77537569206,17637.7537569206,1153236268.85608,260797.112041444,202112162140
570,28594,455,5,3678,Emerald Isle,"",1237.08537248505,12370.8537248505,161880563.377441,206007.395136269,202112162140
571,28601,9514,141,49848,Hickory,"",1908.60215053763,19086.0215053763,1378207425.05768,365850.750506082,202112162140
572,28602,5634,111,31218,Hickory,"",1804.72804151451,18047.2804151451,1938678919.97003,319569.803956005,202112162140
573,28604,767,11,6449,Banner Elk,"",1189.33167933013,11893.3167933013,1915326545.24634,325836.980718489,202112162140
574,28605,406,4,4143,Blowing Rock,"",979.966208061791,9799.66208061791,895784503.144714,248689.345104093,202112162140
575,28606,340,6,2367,Boomer,"",1436.41740599915,14364.1740599916,1247639586.18042,214129.251492026,202112162140
576,28607,4544,24,37481,Boone,"",1212.34758944532,12123.4758944532,2776057252.95807,555835.873680891,202112162140
577,28609,1102,14,6457,Catawba,"",1706.67492643643,17066.7492643643,1341728385.28827,281255.134101197,202112162140
578,28610,1965,25,10238,Claremont,"",1919.3201797226,19193.201797226,1121879522.66571,308096.881521473,202112162140
579,28612,2432,50,14906,Connelly Springs,"",1631.55776197504,16315.5776197504,2400642845.42798,441028.943696581,202112162140
580,28613,4558,78,25216,Conover,"",1807.58248730964,18075.8248730964,1220326345.78546,362168.639637895,202112162140
581,28615,230,2,1883,Creston,"",1221.45512480085,12214.5512480085,1868599532.61511,272770.247470023,202112162140
582,28617,331,4,2451,Crumpler,"",1350.46919624643,13504.6919624643,986888820.641235,263906.737953269,202112162140
583,28618,254,2,2480,Deep Gap,"",1024.1935483871,10241.935483871,1010729766.2395,224128.286954044,202112162140
584,28621,1979,41,10400,Elkin,"",1902.88461538462,19028.8461538462,1827310682.30029,492431.108964797,202112162140
585,28622,348,2,2638,Elk Park,"",1319.18119787718,13191.8119787718,922706854.79248,228052.883765708,202112162140
586,28623,287,0,1716,Ennice,"",1672.49417249417,16724.9417249417,790959225.749146,176648.995975266,202112162140
587,28624,232,4,1893,Ferguson,"",1225.56788166931,12255.6788166931,1893859856.27216,280305.359064925,202112162140
588,28625,6686,119,38862,Statesville,"",1720.44670886727,17204.4670886727,5528677082.18164,627405.109037109,202112162140
589,28626,289,3,3001,Fleetwood,"",963.012329223592,9630.12329223592,819063990.876587,148645.734339712,202112162140
590,28627,168,0,1534,Glade Valley,"",1095.17601043025,10951.7601043025,929851696.585571,229623.659776181,202112162140
591,28630,3532,65,20369,Granite Falls,"",1734.00756050862,17340.0756050862,1749206123.14734,364175.180926025,202112162140
592,28631,103,0,536,Grassy Creek,"",1921.64179104478,19216.4179104478,666742006.060913,167245.211138671,202112162140
593,28634,849,13,5269,Harmony,"",1611.31144429683,16113.1144429683,1708637469.52393,380041.000632719,202112162140
594,28635,681,9,4032,Hays,"",1688.9880952381,16889.880952381,1589254753.84888,282956.554467362,202112162140
595,28636,960,19,5186,Hiddenite,"",1851.13767836483,18511.3767836483,1563401720.00476,343683.132287544,202112162140
596,28637,478,5,1583,Hildebran,"",3019.58307012003,30195.8307012003,75804105.8025513,39679.7431148788,202112162140
597,28638,2212,17,12560,Hudson,"",1761.14649681529,17611.4649681529,586195125.955933,179942.259882133,202112162140
598,28640,845,20,4805,Jefferson,"",1758.5848074922,17585.848074922,1056537388.6748,302637.689495691,202112162140
599,28642,936,14,5578,Jonesville,"",1678.02079598422,16780.2079598422,922184812.2677,173376.666314256,202112162140
600,28643,426,6,3443,Lansing,"",1237.29305837932,12372.9305837932,2044042930.41492,275858.107391136,202112162140
601,28644,192,0,1570,Laurel Springs,"",1222.92993630573,12229.2993630573,2045165288.09131,297831.47514214,202112162140
602,28645,8028,145,47621,Lenoir,"",1685.81088175385,16858.1088175385,9179149391.98291,930216.037146455,202112162140
603,28649,156,2,1034,Mc Grady,"",1508.70406189555,15087.0406189555,1036137984.80469,190682.670149615,202112162140
604,28650,2523,28,13374,Maiden,"",1886.49618663078,18864.9618663078,1278104496.07623,377336.649296681,202112162140
605,28651,1087,17,6653,Millers Creek,"",1633.84939125207,16338.4939125207,2065649255.9353,349078.290644554,202112162140
606,28654,548,11,3800,Moravian Falls,"",1442.10526315789,14421.0526315789,1821577421.53857,295573.209104024,202112162140
607,28655,9728,135,58249,Morganton,"",1670.07158921183,16700.7158921183,9153179930.14331,677983.745386269,202112162140
608,28657,1424,24,9610,Newland,"",1481.78980228928,14817.8980228928,3935578521.47217,457051.359413869,202112162140
609,28658,5246,62,25858,Newton,"",2028.77252687756,20287.7252687756,2022657893.02307,451555.722478839,202112162140
610,28659,3695,69,21013,North Wilkesboro,"",1758.43525436634,17584.3525436634,2817470108.66394,743040.466864702,202112162140
611,28660,420,4,2336,Olin,"",1797.94520547945,17979.4520547945,892135691.594116,224297.744075571,202112162140
612,28665,427,5,2986,Purlear,"",1430.00669792364,14300.0669792364,1778038258.60608,240271.301413849,202112162140
613,28668,39,0,39,Roaring Gap,"",10000,1e+05,150579895.761963,97868.8716295681,202112162140
614,28669,475,5,3133,Roaring River,"",1516.11873603575,15161.1873603575,1299426384.18799,252536.432806369,202112162140
615,28670,516,7,3183,Ronda,"",1621.11215834119,16211.1215834119,1123975912.01135,257469.478215133,202112162140
616,28673,977,8,6621,Sherrills Ford,"",1475.60791421235,14756.0791421235,852092289.759583,248402.605359209,202112162140
617,28675,1227,6,6805,Sparta,"",1803.08596620132,18030.8596620132,2977111225.9541,397880.218381249,202112162140
618,28676,556,5,3444,State Road,"",1614.4018583043,16144.018583043,830902972.436646,197653.666386266,202112162140
619,28677,6438,80,35614,Statesville,"",1807.71606671534,18077.1606671534,2372250827.99042,364916.143502524,202112162140
620,28678,887,9,5252,Stony Point,"",1688.88042650419,16888.8042650419,1249807753.12482,237772.476162198,202112162140
621,28679,215,3,2122,Sugar Grove,"",1013.19509896324,10131.9509896324,636943392.934937,227619.317646308,202112162140
622,28681,4841,86,26959,Taylorsville,"",1795.68975110353,17956.8975110353,4726487412.65814,412700.759417832,202112162140
623,28682,169,2,1099,Terrell,"",1537.76160145587,15377.6160145587,164657442.78833,108427.066369374,202112162140
624,28683,280,3,1934,Thurmond,"",1447.77662874871,14477.7662874871,988749233.112671,203358.604100989,202112162140
625,28684,207,2,2175,Todd,"",951.724137931034,9517.24137931034,1383524229.94177,292392.138653963,202112162140
626,28685,285,1,1908,Traphill,"",1493.7106918239,14937.106918239,1296786088.98804,215086.939280452,202112162140
627,28689,317,4,1662,Union Grove,"",1907.34055354994,19073.4055354994,1218398001.86389,304792.24772459,202112162140
628,28690,1606,22,9427,Valdese,"",1703.61726954492,17036.1726954492,668624773.04187,213466.610171622,202112162140
629,28692,419,2,4504,Vilas,"",930.284191829485,9302.84191829485,1091553223.68976,286379.955820553,202112162140
630,28693,268,2,1693,Warrensville,"",1582.98877731837,15829.8877731837,621923811.260986,170328.387778475,202112162140
631,28694,1120,19,8033,West Jefferson,"",1394.24872401344,13942.4872401344,2188720146.69934,416426.801998168,202112162140
632,28697,2264,47,13376,Wilkesboro,"",1692.58373205742,16925.8373205742,1810927272.521,565265.362104432,202112162140
633,28701,578,7,4830,Alexander,"",1196.68737060041,11966.8737060041,557040025.003723,178622.867954756,202112162140
634,28702,39,0,704,Almond,"",553.977272727273,5539.77272727273,749571990.457794,168899.042279792,202112162140
635,28704,3487,29,21728,Arden,"",1604.84167893962,16048.4167893962,1481682958.97644,329012.999643476,202112162140
636,28705,804,3,7168,Bakersville,"",1121.65178571429,11216.5178571429,3538838336.04175,376028.663142582,202112162140
637,28711,1455,39,15250,Black Mountain,"",954.098360655738,9540.98360655738,2289646423.50623,432841.107136649,202112162140
638,28712,2363,37,19644,Brevard,"",1202.9118305844,12029.118305844,3743370041.24365,607196.289251342,202112162140
639,28713,1389,19,9333,Bryson City,"",1488.26743812279,14882.6743812279,7085157294.99072,658029.652447303,202112162140
640,28714,2890,34,17066,Burnsville,"",1693.42552443455,16934.2552443455,7287599937.88281,538818.932986382,202112162140
641,28715,3352,36,27289,Candler,"",1228.33376085602,12283.3376085602,1975153881.5733,274379.594297132,202112162140
642,28716,2436,61,18650,Canton,"",1306.16621983914,13061.6621983914,4450693739.33826,450946.985814241,202112162140
643,28718,62,0,607,Cedar Mountain,"",1021.41680395387,10214.1680395387,604740430.192017,157079.894608512,202112162140
644,28719,1601,14,6945,Cherokee,"",2305.25557955364,23052.5557955364,6313532001.74988,506970.161305605,202112162140
645,28721,1406,18,10866,Clyde,"",1293.94441376772,12939.4441376772,3262240884.20239,451646.750156333,202112162140
646,28722,824,15,6854,Columbus,"",1202.21768310476,12022.1768310476,1330435890.70984,371441.890606651,202112162140
647,28723,1453,4,11678,Cullowhee,"",1244.21990066792,12442.1990066792,2829089767.59064,521400.904374384,202112162140
648,28726,582,9,3477,East Flat Rock,"",1673.85677308024,16738.5677308024,62782212.3257446,52681.8363735949,202112162140
649,28729,485,3,2978,Etowah,"",1628.60980523842,16286.0980523842,115914409.369507,74718.0620947517,202112162140
650,28730,1021,10,10068,Fairview,"",1014.10409217322,10141.0409217322,1334723772.69336,277836.650121475,202112162140
651,28731,1377,16,9271,Flat Rock,"",1485.27666918348,14852.7666918348,910498937.374664,308715.430561089,202112162140
652,28732,2502,13,18899,Fletcher,"",1323.87957034764,13238.7957034764,1163648233.76184,268599.174805655,202112162140
653,28734,4155,71,28423,Franklin,"",1461.84428104,14618.4428104,8413329787.90622,680710.034553257,202112162140
654,28736,88,0,740,Glenville,"",1189.18918918919,11891.8918918919,845894035.551971,243241.394198335,202112162140
655,28739,2375,30,21994,Hendersonville,"",1079.83995635173,10798.3995635173,1809199500.98254,354883.696935042,202112162140
656,28740,304,1,2123,Green Mountain,"",1431.93593970796,14319.3593970796,2560353451.70599,391601.88482291,202112162140
657,28741,426,7,3135,Highlands,"",1358.85167464115,13588.5167464115,2488322100.83908,291652.561708351,202112162140
658,28742,409,5,2834,Horse Shoe,"",1443.18983768525,14431.8983768525,759756422.807678,323788.261855292,202112162140
659,28745,103,0,598,Lake Junaluska,"",1722.40802675585,17224.0802675585,24208240.7459412,20619.3143809221,202112162140
660,28746,283,7,2583,Lake Lure,"",1095.62524196671,10956.2524196671,1635267198.94843,301403.103342596,202112162140
661,28747,202,8,2517,Lake Toxaway,"",802.542709574891,8025.42709574891,1644170650.80768,278687.825520296,202112162140
662,28748,1602,19,12684,Leicester,"",1263.00851466414,12630.0851466414,2568900770.12885,433742.542694055,202112162140
663,28751,492,10,3738,Maggie Valley,"",1316.21187800963,13162.1187800963,1196971956.93442,252655.252396679,202112162140
664,28752,6111,91,31501,Marion,"",1939.9384146535,19399.384146535,6843838240.70496,729852.019397461,202112162140
665,28753,1623,32,12286,Marshall,"",1321.01579033046,13210.1579033046,7221367422.4903,582321.875436498,202112162140
666,28754,1247,28,8823,Mars Hill,"",1413.35146775473,14133.5146775473,2532637146.55933,336365.654274913,202112162140
667,28756,570,4,4770,Mill Spring,"",1194.96855345912,11949.6855345912,2319967191.40479,359387.276461913,202112162140
668,28759,1078,7,7867,Mills River,"",1370.28092029999,13702.8092029999,710290580.507599,219074.688607407,202112162140
669,28761,1627,31,8493,Nebo,"",1915.69527846462,19156.9527846462,3254647047.74689,448908.605974668,202112162140
670,28762,1226,13,7603,Old Fort,"",1612.52137314218,16125.2137314218,2996741187.4848,387268.208256282,202112162140
671,28763,335,4,2864,Otto,"",1169.69273743017,11696.9273743017,1145043002.66425,202810.842815888,202112162140
672,28766,217,1,1526,Penrose,"",1422.01834862385,14220.1834862385,159626292.482056,88900.5625977205,202112162140
673,28768,915,3,7895,Pisgah Forest,"",1158.9613679544,11589.613679544,2244655883.74216,321689.536597621,202112162140
674,28771,1359,28,8212,Robbinsville,"",1654.89527520701,16548.9527520701,9086438704.3884,732920.807564291,202112162140
675,28773,473,12,3508,Saluda,"",1348.34663625998,13483.4663625998,1396855034.24573,267712.497423626,202112162140
676,28775,49,3,493,Scaly Mountain,"",993.914807302231,9939.14807302231,456631744.06662,130336.94180952,202112162140
677,28777,2003,23,10391,Spruce Pine,"",1927.62967953036,19276.2967953036,1968811938.32007,332780.684408784,202112162140
678,28778,1214,16,10803,Swannanoa,"",1123.76191798574,11237.6191798574,692162823.950317,188030.795128165,202112162140
679,28779,2417,48,17610,Sylva,"",1372.5156161272,13725.156161272,3287520334.70795,472387.421611018,202112162140
680,28782,649,13,6512,Tryon,"",996.621621621622,9966.21621621621,1239852111.02036,390005.579825198,202112162140
681,28783,195,3,1905,Tuckasegee,"",1023.62204724409,10236.2204724409,2507065764.50815,412465.098737655,202112162140
682,28785,874,7,8309,Waynesville,"",1051.87146467686,10518.7146467686,4680111391.07288,434987.630089387,202112162140
683,28786,2739,57,21837,Waynesville,"",1254.29317213903,12542.9317213903,2130537927.5513,319219.020654078,202112162140
684,28787,2755,43,20681,Weaverville,"",1332.14061215609,13321.4061215609,2146776657.76654,337936.038355961,202112162140
685,28789,719,7,6551,Whittier,"",1097.54235994505,10975.4235994505,1731085189.80936,281392.474737519,202112162140
686,28790,509,6,3775,Zirconia,"",1348.34437086093,13483.4437086093,1184634316.47168,272368.233599775,202112162140
687,28791,1944,36,15811,Hendersonville,"",1229.52374928847,12295.2374928847,466838231.125,123544.27336528,202112162140
688,28792,5585,92,37949,Hendersonville,"",1471.71203457272,14717.1203457272,2892120004.20319,483608.715059926,202112162140
689,28801,1540,26,16782,Asheville,"",917.649862948397,9176.49862948397,142991050.123962,66531.4000304091,202112162140
690,28803,3587,65,34731,Asheville,"",1032.79490944689,10327.9490944689,1148499781.62708,221583.067984848,202112162140
691,28804,2143,25,23302,Asheville,"",919.663548193288,9196.63548193288,818376430.368896,216401.982596761,202112162140
692,28805,1744,35,20394,Asheville,"",855.1534765127,8551.534765127,743578799.615234,203043.782551957,202112162140
693,28806,5159,68,43841,Asheville,"",1176.75235510139,11767.5235510139,1123591112.45288,297671.815966071,202112162140
694,28901,926,20,6039,Andrews,"",1533.36645139924,15333.6645139924,1881090750.42804,271571.032581688,202112162140
695,28902,180,1,1562,Brasstown,"",1152.36875800256,11523.6875800256,645585335.657318,162521.113458697,202112162140
696,28904,1398,35,9535,Hayesville,"",1466.17724174095,14661.7724174095,5317145252.91805,403950.005454209,202112162140
697,28905,577,9,3548,Marble,"",1626.26832018038,16262.6832018038,1058320723.96715,269002.244098821,202112162140
698,28906,3070,54,20296,Murphy,"",1512.61332282223,15126.1332282223,9849733400.34212,586826.324547444,202112162140
699,28909,134,4,1068,Warne,"",1254.68164794008,12546.8164794008,269492752.319427,107722.293423693,202112162140
700,27533,575,3,0,"","",,,18055719.4014893,15817.3715737294,202112162140
701,27340,9,1,34,Saxapahaw,"",2647.05882352941,26470.5882352941,694758.987792969,3852.87240074502,202112162140
702,27411,177,0,847,Greensboro,"",2089.72845336482,20897.2845336482,713742.998291016,5860.23208289576,202112162140
703,27412,62,0,1886,Greensboro,"",328.738069989396,3287.38069989396,4771290.83532715,13054.7888333439,202112162140
704,27498,,,13,Greensboro,Population <500 and Cases <5,,,3369264.12316895,7774.18760349114,202112162140
705,27599,24,0,0,Chapel Hill,"",,,4275416.30163574,15555.1510255833,202112162140
706,27706,,,10,Durham,Population <500 and Cases <5,,,1281872.18347168,6816.757693542,202112162140
707,27711,,,62,Durham,Population <500 and Cases <5,,,11690491.0200195,25227.7794868175,202112162140
708,27810,557,9,4224,Belhaven,"",1318.6553030303,13186.553030303,5320714553.85889,863428.562860574,202112162140
709,27821,45,1,343,Edward,"",1311.95335276968,13119.5335276968,180879118.265869,102716.617789089,202112162140
710,27824,160,0,1540,Engelhard,"",1038.96103896104,10389.6103896104,5755622445.56714,766498.765242208,202112162140
711,27826,111,2,1245,Fairfield,"",891.566265060241,8915.66265060241,5502010014.61365,681909.128335756,202112162140
712,27841,10,1,84,Hassell,"",1190.47619047619,11904.7619047619,5972995.94189453,12505.2057352129,202112162140
713,27872,37,1,429,Roxobel,"",862.470862470862,8624.70862470862,78668396.3901367,60062.9164687203,202112162140
714,27875,76,3,511,Scranton,"",1487.27984344423,14872.7984344423,1462926064.75208,668994.049821798,202112162140
715,27881,10,0,323,Speed,"",309.597523219814,3095.97523219814,45624486.2655029,35379.3892263349,202112162140
716,27919,132,2,1211,Belvidere,"",1090.00825763832,10900.0825763832,1805677755.21484,260299.205087965,202112162140
717,27920,163,0,1415,Buxton,"",1151.94346289753,11519.4346289753,251417477.481567,169552.58818934,202112162140
718,27921,602,7,5366,Camden,"",1121.87849422288,11218.7849422288,2216306760.15601,371309.805402765,202112162140
719,27923,78,0,990,Coinjock,"",787.878787878788,7878.78787878788,442853112.258789,222994.427279021,202112162140
720,27936,63,1,961,Frisco,"",655.567117585848,6555.67117585848,134638106.065186,108288.074251883,202112162140
721,27939,356,6,3370,Grandy,"",1056.37982195846,10563.7982195846,296874050.40332,237784.484514938,202112162140
722,27941,80,0,670,Harbinger,"",1194.02985074627,11940.2985074627,66348159.842041,42125.3614314888,202112162140
723,27943,43,0,491,Hatteras,"",875.763747454175,8757.63747454175,82146889.1915283,162150.406610954,202112162140
724,27947,104,1,845,Jarvisburg,"",1230.76923076923,12307.6923076923,181991023.044922,117825.871497151,202112162140
725,27953,143,1,992,Manns Harbor,"",1441.53225806452,14415.3225806452,4841742826.08521,775886.839802655,202112162140
726,27954,877,3,6405,Manteo,"",1369.24277907884,13692.4277907884,346159524.466309,171104.045001834,202112162140
727,27956,26,1,328,Maple,"",792.682926829268,7926.82926829268,91616147.3259277,62675.9008746753,202112162140
728,27960,132,0,899,Ocracoke,"",1468.29810901001,14682.9810901001,272996211.932129,221416.979930584,202112162140
729,27964,50,0,653,Point Harbor,"",765.696784073507,7656.96784073507,40700993.1791992,29044.1496807834,202112162140
730,27965,64,0,611,Poplar Branch,"",1047.46317512275,10474.6317512275,362463348.010742,286670.57703568,202112162140
731,27972,8,0,196,Salvo,"",408.163265306122,4081.63265306122,25839959.5158691,77591.8753697891,202112162140
732,27973,178,0,1493,Shawboro,"",1192.23040857334,11922.3040857334,1350823542.63281,279776.313560853,202112162140
733,27974,138,0,1375,Shiloh,"",1003.63636363636,10036.3636363636,1282875105.52026,448552.234751616,202112162140
734,27978,20,0,221,Stumpy Point,"",904.977375565611,9049.77375565611,3250437066.68713,488663.160212978,202112162140
735,27980,346,6,2075,Tyner,"",1667.46987951807,16674.6987951807,1319096560.03711,208839.628959426,202112162140
736,27981,252,1,1863,Wanchese,"",1352.65700483092,13526.5700483092,183167116.380371,177755.254740471,202112162140
737,28077,70,0,557,High Shoals,"",1256.73249551167,12567.3249551167,25098303.871521,27989.3633622467,202112162140
738,28101,116,2,465,Mc Adenville,"",2494.62365591398,24946.2365591398,12210373.4969482,19058.3264759027,202112162140
739,28223,25,0,2941,Charlotte,"",85.0051003060184,850.051003060184,16745950.1914673,34959.7943637767,202112162140
740,28308,21,0,737,Pope Army Airfield,"",284.93894165536,2849.3894165536,90374263.7665405,45243.1542141805,202112162140
741,28375,30,0,155,Proctorville,"",1935.48387096774,19354.8387096774,16154829.5779114,21293.1141646593,202112162140
742,28519,85,2,328,Bridgeton,"",2591.46341463415,25914.6341463415,3782179.40026855,11964.2990373982,202112162140
743,28520,31,1,352,Cedar Island,"",880.681818181818,8806.81818181818,633116579.775757,427477.052966736,202112162140
744,28524,46,1,443,Davis,"",1038.37471783296,10383.7471783296,547256692.822876,860357.358716607,202112162140
745,28527,216,2,905,Ernul,"",2386.74033149171,23867.4033149171,1145978492.04919,209684.397786102,202112162140
746,28528,66,0,640,Gloucester,"",1031.25,10312.5,74196560.923584,79933.9347539672,202112162140
747,28533,174,0,0,Cherry Point,"",,,253735788.170532,192645.367219711,202112162140
748,28537,19,0,186,Hobucken,"",1021.50537634409,10215.0537634409,891999129.25647,352204.851723087,202112162140
749,28544,767,9,5607,Midway Park,"",1367.93294096665,13679.3294096665,155759986.503357,92182.0384683424,202112162140
750,28545,213,0,4010,Mccutcheon Field,"",531.172069825436,5311.72069825436,145247654.855835,101700.276162633,202112162140
751,28552,15,0,131,Lowland,"",1145.03816793893,11450.3816793893,211084218.553589,104037.967496467,202112162140
752,28556,100,4,1150,Merritt,"",869.565217391304,8695.65217391304,1139666751.30212,394317.853497313,202112162140
753,28561,54,1,0,New Bern,"",,,195198.709350586,2618.49962886206,202112162140
754,28579,61,0,798,Smyrna,"",764.411027568922,7644.11027568922,633080494.557556,233023.142000653,202112162140
755,28581,22,1,224,Stacy,"",982.142857142857,9821.42857142857,2404669972.88318,703346.462367878,202112162140
756,28583,22,1,0,Stonewall,"",,,596710.740722656,3607.20989795631,202112162140
757,28587,47,1,324,Vandemere,"",1450.61728395062,14506.1728395062,250612018.426636,182903.197478108,202112162140
758,28611,114,2,978,Collettsville,"",1165.64417177914,11656.4417177914,2483135872.03735,419111.187381629,202112162140
759,28629,24,0,63,Glendale Springs,"",3809.52380952381,38095.2380952381,18113919.8492432,19773.9407564207,202112162140
760,28646,110,1,463,Linville,"",2375.80993520518,23758.0993520518,440709602.757813,156576.175660301,202112162140
761,28663,108,0,715,Piney Creek,"",1510.48951048951,15104.8951048951,577849850.650269,137228.322788793,202112162140
762,28667,76,2,105,Rhodhiss,"",7238.09523809524,72380.9523809524,1309548.80932617,6065.66147149414,202112162140
763,28672,8,0,35,Scottville,"",2285.71428571429,22857.1428571429,62555584.7313232,47932.7256464108,202112162140
764,28698,243,2,1844,Zionville,"",1317.7874186551,13177.874186551,762471326.925049,227334.653867248,202112162140
765,28708,74,1,1340,Balsam Grove,"",552.238805970149,5522.38805970149,795626278.709686,241272.033803256,202112162140
766,28709,247,2,2308,Barnardsville,"",1070.19064124783,10701.9064124783,1635213770.4093,231197.383485249,202112162140
767,28717,253,5,1471,Cashiers,"",1719.9184228416,17199.184228416,1160000231.10587,300525.403558474,202112162140
768,28720,10,0,35,Chimney Rock,"",2857.14285714286,28571.4285714286,47877696.5422974,47768.4833790312,202112162140
769,28725,57,2,36,Dillsboro,"",,,1395548.49920654,7541.63511359509,202112162140
770,28733,12,0,200,Fontana Dam,"",600,6000,498075903.916718,200917.740964481,202112162140
771,28735,15,0,294,Gerton,"",510.204081632653,5102.04081632653,137680777.623108,92735.3834552802,202112162140
772,28743,264,7,2422,Hot Springs,"",1090.00825763832,10900.0825763832,2855463957.34918,351331.648547095,202112162140
773,28749,13,0,0,Little Switzerland,"",,,1713987.45050049,8852.52475284555,202112162140
774,28757,75,0,0,Montreat,"",,,129672.114624023,2617.87913210505,202112162140
775,28772,251,2,1942,Rosman,"",1292.48197734295,12924.8197734295,577124059.134399,256613.212684218,202112162140
776,28774,142,3,1569,Sapphire,"",905.035054174634,9050.35054174633,1130246511.80005,224488.61951138,202112162140
777,28781,103,0,957,Topton,"",1076.28004179728,10762.8004179728,2402982140.90009,297913.620657843,202112162140
778,27969,6,0,0,Roduco,"",,,724387.010986328,3958.82496624679,202112162140
779,28253,,,0,Charlotte,Population <500 and Cases <5,,,133339.295837402,3050.2273713774,202112162140
780,28608,60,0,0,Boone,"",,,274774.708862305,3583.90419251761,202112162140
