OBJECTID,ZIPCode,Cases,Deaths,TotalPop,Place,Note,RatePer10K,RatePer100K,Shape__Area,Shape__Length,DataGatherTS
1,27006,1980,17,14872,Advance,"",1331.36094674556,13313.6094674556,1744189234.37061,355282.663136038,202111102340
2,27007,333,3,2136,Ararat,"",1558.98876404494,15589.8876404494,592499585.594238,195922.003442792,202111102340
3,27009,436,6,2937,Belews Creek,"",1484.50800136193,14845.0800136193,618093097.011353,191244.647442635,202111102340
4,27011,854,10,5411,Boonville,"",1578.26649417853,15782.6649417853,1489580093.86462,316910.589814884,202111102340
5,27012,4019,63,28954,Clemmons,"",1388.06382537819,13880.6382537819,1176567385.86804,255774.303165276,202111102340
6,27013,1034,13,6495,Cleveland,"",1591.99384141647,15919.9384141647,2066336247.98627,379169.285246239,202111102340
7,27014,170,6,957,Cooleemee,"",1776.38453500522,17763.8453500522,21479098.032959,22299.1178929161,202111102340
8,27016,279,4,1682,Danbury,"",1658.73959571938,16587.3959571938,1068209590.0686,211061.413302457,202111102340
9,27017,1674,22,9499,Dobson,"",1762.29076744921,17622.9076744921,2962951682.04883,566348.974052304,202111102340
10,27018,1085,11,8221,East Bend,"",1319.7907797105,13197.907797105,2331567909.96985,255811.974556888,202111102340
11,27019,536,3,4234,Germanton,"",1265.94237128011,12659.4237128011,977414017.819214,270248.259734795,202111102340
12,27020,1060,11,6104,Hamptonville,"",1736.56618610747,17365.6618610747,2114111622.36755,316969.486887135,202111102340
13,27021,2642,58,17979,King,"",1469.49218532733,14694.9218532733,1469376476.14172,210392.900707099,202111102340
14,27022,170,3,1512,Lawsonville,"",1124.33862433862,11243.3862433862,918745327.278442,200803.000966771,202111102340
15,27023,1502,8,12775,Lewisville,"",1175.73385518591,11757.3385518591,807172159.002075,183078.980128527,202111102340
16,27024,439,4,2683,Lowgap,"",1636.22810286992,16362.2810286992,1265827411.39758,278411.484773322,202111102340
17,27025,1495,36,11117,Madison,"",1344.78726275074,13447.8726275074,2714649364.33142,468723.596670606,202111102340
18,27027,511,19,4017,Mayodan,"",1272.09360219069,12720.9360219069,548179131.574585,172371.363079245,202111102340
19,27028,4351,56,28039,Mocksville,"",1551.76718142587,15517.6718142587,5475621774.30664,567238.136149725,202111102340
20,27030,6477,144,37641,Mount Airy,"",1720.73005499323,17207.3005499323,4824085732.75671,624989.724929863,202111102340
21,27040,1523,13,13150,Pfafftown,"",1158.17490494297,11581.7490494297,763349953.536133,205025.773716105,202111102340
22,27041,1218,11,8020,Pilot Mountain,"",1518.70324189526,15187.0324189526,1629462738.40637,324677.141569035,202111102340
23,27042,94,2,720,Pine Hall,"",1305.55555555556,13055.5555555556,290758639.069458,113971.243586081,202111102340
24,27043,882,11,6442,Pinnacle,"",1369.14001862776,13691.4001862776,1935795027.06067,395674.180712496,202111102340
25,27045,1473,13,9583,Rural Hall,"",1537.09694250235,15370.9694250235,666085549.25769,154538.589918543,202111102340
26,27046,246,5,1953,Sandy Ridge,"",1259.60061443932,12596.0061443932,1237681699.0647,217125.573744555,202111102340
27,27047,177,2,1279,Siloam,"",1383.89366692729,13838.9366692729,576295820.815674,144984.839113672,202111102340
28,27048,1127,13,8902,Stoneville,"",1266.00763873287,12660.0763873287,2355000804.03674,325454.766660313,202111102340
29,27050,542,7,4084,Tobaccoville,"",1327.13026444662,13271.3026444662,703876500.567505,219088.1792708,202111102340
30,27051,1154,12,8287,Walkertown,"",1392.54253650296,13925.4253650296,524680317.775635,151066.808563308,202111102340
31,27052,1457,29,10061,Walnut Cove,"",1448.16618626379,14481.6618626379,2710320219.82117,403203.611044297,202111102340
32,27053,360,5,3156,Westfield,"",1140.68441064639,11406.8441064639,2152815477.55933,413464.446930882,202111102340
33,27054,471,8,2608,Woodleaf,"",1805.98159509202,18059.8159509202,778193820.583862,201172.963339102,202111102340
34,27055,2423,32,14521,Yadkinville,"",1668.61786378349,16686.1786378349,3115987965.39453,403366.49229781,202111102340
35,27101,2665,50,24321,Winston Salem,"",1095.76086509601,10957.6086509601,356085731.400146,162957.922513793,202111102340
36,27103,4487,49,36071,Winston Salem,"",1243.93557151174,12439.3557151174,527249856.672729,146399.561156354,202111102340
37,27104,3479,45,29383,Winston Salem,"",1184.01796957424,11840.1796957424,337669863.683838,130394.134288752,202111102340
38,27105,5919,59,40186,Winston Salem,"",1472.9010103021,14729.010103021,950547784.577881,208375.813794777,202111102340
39,27106,6018,66,51378,Winston Salem,"",1171.31846315544,11713.1846315544,787324720.967285,203893.681115083,202111102340
40,27107,7394,70,52432,Winston Salem,"",1410.20750686604,14102.0750686604,1859279716.41162,319111.813640457,202111102340
41,27127,5645,36,38510,Winston Salem,"",1465.85302518826,14658.5302518826,820319160.873047,213438.375685158,202111102340
42,27157,56,0,5,Winston Salem,"",,,827769.094482422,4216.57245655308,202111102340
43,27203,3751,61,21876,Asheboro,"",1714.66447248126,17146.6447248126,589408161.410522,188062.356665824,202111102340
44,27205,5382,59,34549,Asheboro,"",1557.78749023127,15577.8749023127,6255653514.79199,588011.232518038,202111102340
45,27207,476,2,3806,Bear Creek,"",1250.65685759327,12506.5685759327,2300194678.82397,473699.237818467,202111102340
46,27208,241,4,1691,Bennett,"",1425.19219396807,14251.9219396807,1029479783.1405,215638.108979383,202111102340
47,27209,894,44,4151,Biscoe,"",2153.69790411949,21536.9790411949,1198089302.20734,259108.004034657,202111102340
48,27212,424,1,1600,Blanch,"",2650,26500,1328181375.12305,277007.39975067,202111102340
49,27214,1600,17,11747,Browns Summit,"",1362.04988507704,13620.4988507704,1414533235.94788,324969.092830869,202111102340
50,27215,6685,91,44892,Burlington,"",1489.12946627461,14891.2946627461,1827823774.30115,298200.358945539,202111102340
51,27217,7103,117,39111,Burlington,"",1816.11311395771,18161.1311395771,3473433663.33496,513818.51476852,202111102340
52,27229,726,18,4014,Candor,"",1808.66965620329,18086.6965620329,2747739848.89313,367384.611313313,202111102340
53,27231,172,1,2048,Cedar Grove,"",839.84375,8398.4375,987771348.581177,209108.769362036,202111102340
54,27233,481,5,3647,Climax,"",1318.89224019742,13188.9224019742,703252829.253662,187154.002103638,202111102340
55,27235,595,14,4575,Colfax,"",1300.54644808743,13005.4644808743,380654027.583252,148521.339190303,202111102340
56,27239,1411,21,9629,Denton,"",1465.36504309897,14653.6504309897,4319759872.9696,429373.198159064,202111102340
57,27242,303,5,2668,Eagle Springs,"",1135.68215892054,11356.8215892054,1480408484.01825,321391.030328654,202111102340
58,27243,442,4,4665,Efland,"",947.481243301179,9474.81243301179,1142332751.10315,311755.144165646,202111102340
59,27244,2974,29,16259,Elon,"",1829.14078356603,18291.4078356603,1541989025.453,399696.340130384,202111102340
60,27248,666,7,4835,Franklinville,"",1377.45604963806,13774.5604963806,942909114.352783,215710.992817749,202111102340
61,27249,1804,21,13355,Gibsonville,"",1350.8049419693,13508.049419693,1679803774.77087,397477.611919868,202111102340
62,27252,192,2,2264,Goldston,"",848.056537102474,8480.56537102474,1142470673.17163,220926.147155476,202111102340
63,27253,5175,66,31464,Graham,"",1644.73684210526,16447.3684210526,2351372927.78931,521476.969804177,202111102340
64,27258,1020,10,7740,Haw River,"",1317.82945736434,13178.2945736434,473631125.268677,312686.877842211,202111102340
65,27260,3293,52,25696,High Point,"",1281.52241594022,12815.2241594022,348441568.963501,133229.878739789,202111102340
66,27262,3043,72,24764,High Point,"",1228.79987078016,12287.9987078016,368730084.700928,171087.864383377,202111102340
67,27263,3118,51,22320,High Point,"",1396.95340501792,13969.5340501792,1121512604.52234,249658.228757679,202111102340
68,27265,6380,72,50038,High Point,"",1275.03097645789,12750.3097645789,1172957282.41284,307481.490778656,202111102340
69,27268,341,0,1695,High Point,"",2011.7994100295,20117.994100295,2495618.64758301,8251.66869064816,202111102340
70,27278,2437,24,27181,Hillsborough,"",896.582171369707,8965.82171369707,2885765742.02771,502574.675043234,202111102340
71,27281,405,4,3710,Jackson Springs,"",1091.64420485175,10916.4420485175,2095606802.2608,479969.724586594,202111102340
72,27282,2014,28,16597,Jamestown,"",1213.47231427366,12134.7231427366,404066994.873657,168803.970950205,202111102340
73,27283,425,5,2982,Julian,"",1425.21797451375,14252.1797451375,711286368.914917,161239.518798817,202111102340
74,27284,7776,108,56201,Kernersville,"",1383.60527392751,13836.0527392751,2233069317.10205,420748.080109325,202111102340
75,27288,3238,68,23585,Eden,"",1372.90650837397,13729.0650837397,1951079100.05676,304615.616752016,202111102340
76,27291,183,1,1538,Leasburg,"",1189.85695708713,11898.5695708713,1492904663.44434,314720.365319101,202111102340
77,27292,6181,65,41465,Lexington,"",1490.65476908236,14906.5476908236,4270233445.18579,407599.915340798,202111102340
78,27295,6366,81,39191,Lexington,"",1624.35252991758,16243.5252991758,3631502180.53174,466742.919509858,202111102340
79,27298,1413,15,10440,Liberty,"",1353.44827586207,13534.4827586207,2639148530.03284,431527.987760386,202111102340
80,27299,982,10,5254,Linwood,"",1869.05215074229,18690.5215074229,822543412.257813,203597.604040365,202111102340
81,27301,1567,23,10019,Mc Leansville,"",1564.02834614233,15640.2834614233,900133716.655151,287107.537324028,202111102340
82,27302,4052,27,32302,Mebane,"",1254.41149154851,12544.1149154851,3198656461.27478,644303.59427532,202111102340
83,27305,213,1,1585,Milton,"",1343.84858044164,13438.4858044164,687167820.539429,263836.485514183,202111102340
84,27306,1016,21,5945,Mount Gilead,"",1708.99915895711,17089.9915895711,5305900334.83325,426306.558627535,202111102340
85,27310,930,5,8562,Oak Ridge,"",1086.19481429573,10861.9481429573,526240082.103149,140986.043049622,202111102340
86,27311,467,5,3220,Pelham,"",1450.31055900621,14503.1055900621,1338371966.32642,293760.993606137,202111102340
87,27312,1493,27,22205,Pittsboro,"",672.371087592885,6723.71087592885,5005768374.64233,617961.777569282,202111102340
88,27313,845,26,7288,Pleasant Garden,"",1159.44017563117,11594.4017563117,760352714.59021,181619.740165306,202111102340
89,27314,113,1,1138,Prospect Hill,"",992.970123022847,9929.70123022847,773578280.842896,162162.976448062,202111102340
90,27315,204,1,2140,Providence,"",953.271028037383,9532.71028037383,697810511.310425,179457.95829655,202111102340
91,27316,1020,18,7156,Ramseur,"",1425.37730575741,14253.7730575741,1975410509.03577,278228.393914438,202111102340
92,27317,2792,38,17851,Randleman,"",1564.05803596437,15640.5803596437,1700826686.43616,339539.515262609,202111102340
93,27320,5237,61,38894,Reidsville,"",1346.48017689104,13464.8017689104,6966725984.64832,658218.836963247,202111102340
94,27325,1109,15,7676,Robbins,"",1444.76289734237,14447.6289734237,2401051783.47894,409075.895347679,202111102340
95,27326,541,3,3692,Ruffin,"",1465.33044420368,14653.3044420368,1884156536.74561,359587.547530237,202111102340
96,27330,6158,70,39529,Sanford,"",1557.84360848997,15578.4360848997,6011213414.18433,528161.840140257,202111102340
97,27332,4660,41,33549,Sanford,"",1389.01308533786,13890.1308533786,2996782209.29614,417113.164836099,202111102340
98,27341,774,5,5820,Seagrove,"",1329.89690721649,13298.9690721649,2678433259.4787,311632.157547413,202111102340
99,27343,170,0,1840,Semora,"",923.913043478261,9239.13043478261,1390260353.39624,348769.311430722,202111102340
100,27344,2726,37,19290,Siler City,"",1413.16744427164,14131.6744427164,4591228058.44531,607903.308882544,202111102340
101,27349,888,6,5850,Snow Camp,"",1517.94871794872,15179.4871794872,1831279532.651,381750.490582419,202111102340
102,27350,1003,12,7508,Sophia,"",1335.90836441129,13359.0836441129,1066449848.573,204602.636460839,202111102340
103,27355,359,2,3196,Staley,"",1123.27909887359,11232.7909887359,1016358702.6969,245160.332752788,202111102340
104,27356,491,8,3513,Star,"",1397.6658126957,13976.658126957,1815293543.21783,348288.37985576,202111102340
105,27357,1331,23,8325,Stokesdale,"",1598.7987987988,15987.987987988,1273124268.28796,223115.118835702,202111102340
106,27358,1639,9,15960,Summerfield,"",1026.94235588972,10269.4235588972,1557557662.14905,323017.176053331,202111102340
107,27360,7441,103,48331,Thomasville,"",1539.59156648942,15395.9156648942,2458732404.91687,372395.85217249,202111102340
108,27370,2367,45,14622,Trinity,"",1618.79359868691,16187.9359868691,1663817222.16028,344702.900725307,202111102340
109,27371,1227,17,7778,Troy,"",1577.52635638982,15775.2635638982,4076136455.00793,473833.643450898,202111102340
110,27376,1264,23,9884,West End,"",1278.83447996762,12788.3447996762,1781050002.06519,320932.333330313,202111102340
111,27377,1482,12,9597,Whitsett,"",1544.23257267896,15442.3257267896,736936774.92627,183024.518653502,202111102340
112,27379,808,25,6057,Yanceyville,"",1333.99372626713,13339.9372626713,2663338769.75159,422550.665080929,202111102340
113,27401,2709,34,20221,Greensboro,"",1339.69635527422,13396.9635527422,171748092.127686,100334.769337553,202111102340
114,27403,2136,24,21278,Greensboro,"",1003.85374565279,10038.5374565279,159396286.028687,87465.2545388649,202111102340
115,27405,7096,70,52510,Greensboro,"",1351.36164540088,13513.6164540088,886695637.391357,284328.526421691,202111102340
116,27406,8165,136,60755,Greensboro,"",1343.92231092091,13439.2231092091,1894160074.00403,327705.317343953,202111102340
117,27407,6301,84,49837,Greensboro,"",1264.32168870518,12643.2168870518,840498790.451172,227731.576408348,202111102340
118,27408,1727,9,17406,Greensboro,"",992.186602321039,9921.86602321039,221403500.549561,80148.1616765212,202111102340
119,27409,2166,21,17953,Greensboro,"",1206.48359605637,12064.8359605637,603872824.646484,239783.02449594,202111102340
120,27410,5753,60,56968,Greensboro,"",1009.86518747367,10098.6518747367,859363574.914917,272309.563854046,202111102340
121,27455,3399,75,29197,Greensboro,"",1164.16070144193,11641.6070144193,816075696.678345,198282.860420201,202111102340
122,27501,3115,30,21338,Angier,"",1459.83691067579,14598.3691067579,1683348454.90833,329143.189780915,202111102340
123,27502,3805,13,43747,Apex,"",869.773927355019,8697.73927355019,840126405.51062,242725.298081049,202111102340
124,27503,316,1,7222,Bahama,"",437.551924674605,4375.51924674605,1054708975.44934,246183.053747647,202111102340
125,27504,3030,35,16320,Benson,"",1856.61764705882,18566.1764705882,2584462015.08862,486262.181304732,202111102340
126,27505,955,18,7308,Broadway,"",1306.78708264915,13067.8708264915,1509842573.20557,320128.840505679,202111102340
127,27507,212,3,2053,Bullock,"",1032.63516804676,10326.3516804676,1354883649.98218,266873.357504053,202111102340
128,27508,368,1,2340,Bunn,"",1572.64957264957,15726.4957264957,312599782.273071,114289.902416244,202111102340
129,27509,2089,39,6935,Butner,"",3012.25666906994,30122.5666906994,507253453.414795,156294.942704551,202111102340
130,27510,1086,8,14543,Carrboro,"",746.751014233652,7467.51014233652,88705554.5671387,57867.6032694508,202111102340
131,27511,2924,29,34041,Cary,"",858.96419024118,8589.6419024118,333520579.048462,98702.6527265331,202111102340
132,27513,3482,28,49003,Cary,"",710.568740689346,7105.68740689346,474399121.186279,162336.294574525,202111102340
133,27514,2451,24,32847,Chapel Hill,"",746.186866380491,7461.86866380491,579057212.663452,190879.985276748,202111102340
134,27516,3057,17,44117,Chapel Hill,"",692.930162975724,6929.30162975724,2564236091.9281,438904.079251583,202111102340
135,27517,1688,17,28831,Chapel Hill,"",585.480905969269,5854.80905969269,1520140847.99951,299162.993678501,202111102340
136,27518,1719,19,22765,Cary,"",755.106523171535,7551.06523171535,262665807.612671,130741.025823352,202111102340
137,27519,3946,11,59960,Cary,"",658.105403602402,6581.05403602402,609072010.422363,166930.324843009,202111102340
138,27520,7104,79,43958,Clayton,"",1616.08808408026,16160.8808408026,1962402119.35425,374945.851452289,202111102340
139,27521,1070,14,7149,Coats,"",1496.71282696881,14967.1282696881,721041350.168091,174373.299688566,202111102340
140,27522,1658,10,13652,Creedmoor,"",1214.47406973337,12144.7406973337,2172960809.67273,361578.814896966,202111102340
141,27523,1178,2,12782,Apex,"",921.608511969958,9216.08511969958,1210964088.06177,294058.887697931,202111102340
142,27524,2257,32,13532,Four Oaks,"",1667.89831510494,16678.9831510494,3831785222.9375,530912.577014992,202111102340
143,27525,2519,7,15534,Franklinton,"",1621.60422299472,16216.0422299472,2660281050.9928,421324.476104612,202111102340
144,27526,6552,68,54027,Fuquay Varina,"",1212.72696984841,12127.2696984841,2787678657.25134,460586.982042285,202111102340
145,27527,4425,20,30234,Clayton,"",1463.58404445326,14635.8404445326,1261348608.45837,213730.175971786,202111102340
146,27529,7644,86,53854,Garner,"",1419.39317413748,14193.9317413748,1666161335.17407,336033.618547781,202111102340
147,27530,5072,94,40212,Goldsboro,"",1261.3150303392,12613.150303392,2920081393.96802,465673.796837526,202111102340
148,27531,38,0,666,Goldsboro,"",570.570570570571,5705.70570570571,123956304.007813,71472.4653387502,202111102340
149,27534,4171,91,31819,Goldsboro,"",1310.85200666269,13108.5200666269,1995982542.31616,394454.137280507,202111102340
150,27536,2661,50,16459,Henderson,"",1616.74463819187,16167.4463819187,359552678.037964,148817.062353839,202111102340
151,27537,3627,46,25321,Henderson,"",1432.40788278504,14324.0788278504,5545289733.50195,795404.906342346,202111102340
152,27539,2464,11,26567,Apex,"",927.466405691271,9274.66405691271,805959451.628174,335082.894750929,202111102340
153,27540,4401,14,39075,Holly Springs,"",1126.29558541267,11262.9558541267,1299006108.57275,339054.617126205,202111102340
154,27541,505,3,4044,Hurdle Mills,"",1248.76360039565,12487.6360039565,1979862536.66309,328579.598479954,202111102340
155,27542,1383,22,10043,Kenly,"",1377.07856218261,13770.7856218261,2499059670.1123,366253.348192187,202111102340
156,27544,557,6,4291,Kittrell,"",1298.06571894663,12980.6571894663,1645813165.28467,322022.503716068,202111102340
157,27545,4761,44,30327,Knightdale,"",1569.88821841923,15698.8821841923,885541868.759766,219250.012614228,202111102340
158,27546,3425,89,22436,Lillington,"",1526.56444999109,15265.6444999109,3433026188.83105,510775.88711738,202111102340
159,27549,3332,39,25224,Louisburg,"",1320.9641611164,13209.641611164,6636124442.18066,817297.028533166,202111102340
160,27551,173,3,2205,Macon,"",784.580498866213,7845.80498866213,2443966870.98499,402849.299843212,202111102340
161,27553,543,1,2030,Manson,"",2674.87684729064,26748.7684729064,1245206626.07959,217969.561788749,202111102340
162,27556,35,0,298,Middleburg,"",1174.4966442953,11744.966442953,67850312.0914307,63490.7222823736,202111102340
163,27557,1263,13,9214,Middlesex,"",1370.74017799002,13707.4017799002,2046463550.40088,338861.342265204,202111102340
164,27559,204,1,2874,Moncure,"",709.812108559499,7098.12108559499,1458825370.29968,366837.077035256,202111102340
165,27560,2707,16,33691,Morrisville,"",803.478673829806,8034.78673829806,794384947.373291,268297.11970144,202111102340
166,27562,370,1,2791,New Hill,"",1325.68971694733,13256.8971694733,1862081556.93738,349507.762295745,202111102340
167,27563,553,11,5312,Norlina,"",1041.03915662651,10410.3915662651,1943381370.69177,412640.540954252,202111102340
168,27565,3496,54,26057,Oxford,"",1341.67402233565,13416.7402233565,9219811779.9552,826827.222809144,202111102340
169,27569,1449,12,8984,Princeton,"",1612.86731967943,16128.6731967943,2107084820.73511,313917.550563748,202111102340
170,27571,1184,2,7385,Rolesville,"",1603.24983073798,16032.4983073798,149121249.193359,94251.9264704589,202111102340
171,27572,647,3,7316,Rougemont,"",884.36303991252,8843.6303991252,3003228111.9873,397658.617230022,202111102340
172,27573,1734,58,11561,Roxboro,"",1499.87025343828,14998.7025343828,501787874.430542,219611.309648669,202111102340
173,27574,1718,16,15232,Roxboro,"",1127.88865546218,11278.8865546218,5527133817.3114,691755.452465683,202111102340
174,27576,3007,29,20197,Selma,"",1488.83497549141,14888.3497549141,2407427117.65723,339571.106645256,202111102340
175,27577,4447,61,25214,Smithfield,"",1763.70270484651,17637.0270484651,2877290650.99841,416726.966278933,202111102340
176,27581,465,2,3956,Stem,"",1175.42972699697,11754.2972699697,1038615853.81189,246789.101888964,202111102340
177,27583,918,9,7012,Timberlake,"",1309.18425556189,13091.8425556189,1327957318.65857,326956.719649922,202111102340
178,27587,10348,62,74087,Wake Forest,"",1396.73626952097,13967.3626952097,3132804734.81897,700749.84181148,202111102340
179,27589,994,14,8312,Warrenton,"",1195.86140519731,11958.6140519731,4790731000.68542,626837.217934379,202111102340
180,27591,3844,32,23448,Wendell,"",1639.37222790856,16393.7222790856,1913446220.02844,380727.392057269,202111102340
181,27592,2334,11,17368,Willow Spring,"",1343.85076001842,13438.5076001842,1090932847.86865,312475.180771683,202111102340
182,27596,2802,7,18655,Youngsville,"",1502.01018493701,15020.1018493701,1519151285.28821,344366.073155402,202111102340
183,27597,4556,31,25494,Zebulon,"",1787.08715776261,17870.8715776261,3191967656.80884,568385.679042481,202111102340
184,27601,1332,8,12139,Raleigh,"",1097.28972732515,10972.8972732515,49970514.2080078,41226.7428180515,202111102340
185,27603,7295,50,55479,Raleigh,"",1314.91194866526,13149.1194866526,1420350588.63403,346107.072534996,202111102340
186,27604,6311,54,47645,Raleigh,"",1324.58809948578,13245.8809948578,550434833.049927,194088.121184431,202111102340
187,27605,810,19,5253,Raleigh,"",1541.97601370645,15419.7601370645,26954475.7900391,26465.2700663817,202111102340
188,27606,4943,14,47938,Raleigh,"",1031.12353456548,10311.2353456548,750229681.939209,267151.497057326,202111102340
189,27607,2864,13,30296,Raleigh,"",945.339318721943,9453.39318721944,519162282.902344,200611.380547666,202111102340
190,27608,1328,3,11603,Raleigh,"",1144.53158665862,11445.3158665862,91889809.9622803,55583.7467967219,202111102340
191,27609,4469,29,38631,Raleigh,"",1156.84294996247,11568.4294996247,310136046.756592,95880.163026763,202111102340
192,27610,12604,100,74203,Raleigh,"",1698.58361521771,16985.8361521771,1211166911.84558,327751.489063642,202111102340
193,27612,4278,40,39208,Raleigh,"",1091.10385635585,10911.0385635585,428868509.332275,164483.082879678,202111102340
194,27613,4501,15,46521,Raleigh,"",967.520044710991,9675.20044710991,675406849.409912,184431.643996557,202111102340
195,27614,3971,24,37689,Raleigh,"",1053.62307304519,10536.2307304519,829063194.918701,218912.319813944,202111102340
196,27615,4852,52,46038,Raleigh,"",1053.9119857509,10539.119857509,525952454.993774,134192.839940925,202111102340
197,27616,8210,41,55260,Raleigh,"",1485.70394498733,14857.0394498733,646426991.218628,201092.505637391,202111102340
198,27617,2171,3,19511,Raleigh,"",1112.70565322126,11127.0565322126,230483847.672241,125016.743498849,202111102340
199,27701,2971,18,26489,Durham,"",1121.59764430518,11215.9764430518,147212202.097778,89264.6755119976,202111102340
200,27703,7606,37,61351,Durham,"",1239.75159329106,12397.5159329106,1376809528.09961,349864.156739061,202111102340
201,27704,5587,42,39369,Durham,"",1419.13688435063,14191.3688435063,1307759376.10449,279407.953507315,202111102340
202,27705,4777,87,48078,Durham,"",993.593743500146,9935.93743500146,1155101566.94189,288440.086812307,202111102340
203,27707,5029,17,47036,Durham,"",1069.18105281061,10691.8105281061,551326002.510864,228660.826032165,202111102340
204,27708,485,0,4635,Durham,"",1046.38619201726,10463.8619201726,24140532.868042,39624.2440738689,202111102340
205,27709,240,0,4,Durham,"",,,166810196.870483,93465.8554704913,202111102340
206,27710,11,0,0,Durham,"",,,3645590.83996582,9509.21127183631,202111102340
207,27712,2033,32,22055,Durham,"",921.78644298345,9217.8644298345,952678558.948486,239427.124284805,202111102340
208,27713,4711,31,53996,Durham,"",872.472034965553,8724.72034965553,1004016276.63342,186930.768828538,202111102340
209,27801,3035,30,21556,Rocky Mount,"",1407.96066060494,14079.6066060494,1947625744.14368,298032.749540484,202111102340
210,27803,2944,37,22337,Rocky Mount,"",1317.9925683843,13179.925683843,1209689022.16736,314786.382274833,202111102340
211,27804,4388,97,29160,Rocky Mount,"",1504.80109739369,15048.0109739369,1207912397.80139,237805.719395058,202111102340
212,27805,367,5,3769,Aulander,"",973.733085699124,9737.33085699124,3260348789.01416,427031.578041759,202111102340
213,27806,245,4,2441,Aurora,"",1003.68701351905,10036.8701351905,3806890944.80762,575449.481817415,202111102340
214,27807,1268,14,6940,Bailey,"",1827.08933717579,18270.8933717579,1393278091.89233,266050.599193056,202111102340
215,27808,298,6,2481,Bath,"",1201.12857718662,12011.2857718662,1375581489.5946,320371.987641635,202111102340
216,27809,663,11,5254,Battleboro,"",1261.89569851542,12618.9569851542,2127311815.53979,418206.140952668,202111102340
217,27812,372,2,2951,Bethel,"",1260.58963063368,12605.8963063368,1796512894.90283,307599.921723871,202111102340
218,27813,116,0,687,Black Creek,"",1688.50072780204,16885.0072780204,17954681.8726807,21851.3845296183,202111102340
219,27814,201,3,1801,Blounts Creek,"",1116.04664075514,11160.4664075514,2084052221.88855,349050.345630614,202111102340
220,27816,332,4,2634,Castalia,"",1260.44039483675,12604.4039483675,1727056405.90051,269780.663460198,202111102340
221,27817,1132,11,7777,Chocowinity,"",1455.57412884146,14555.7412884146,3011254799.10022,441922.251479678,202111102340
222,27818,157,1,1269,Como,"",1237.19464144996,12371.9464144996,1775223218.97412,291672.91933713,202111102340
223,27820,307,7,3292,Conway,"",932.563791008506,9325.63791008506,1787180209.86865,300570.413456991,202111102340
224,27822,1394,21,9119,Elm City,"",1528.67638995504,15286.7638995504,2421416079.34338,500329.938801193,202111102340
225,27823,1110,12,7812,Enfield,"",1420.89093701997,14208.9093701997,5279947738.18738,591795.38238411,202111102340
226,27827,36,0,99,Falkland,"",3636.36363636364,36363.6363636364,6818760.54968262,12365.1347191574,202111102340
227,27828,1398,11,9031,Farmville,"",1548.00132875651,15480.0132875651,1954373169.79175,304535.643741104,202111102340
228,27829,278,1,1872,Fountain,"",1485.04273504274,14850.4273504274,1242859232.87109,276952.810668188,202111102340
229,27830,527,9,4858,Fremont,"",1084.80856319473,10848.0856319473,1661392631.86707,301522.072838785,202111102340
230,27831,464,10,3588,Garysburg,"",1293.19955406912,12931.9955406912,1733783751.73071,369102.732751728,202111102340
231,27832,435,8,2912,Gaston,"",1493.81868131868,14938.1868131868,1029571544.94922,217897.088475999,202111102340
232,27834,9555,57,57505,Greenville,"",1661.594643944,16615.94643944,5082356628.8689,890421.476518531,202111102340
233,27837,1018,4,6506,Grimesland,"",1564.70949892407,15647.0949892407,1710764546.60681,462288.004070908,202111102340
234,27839,414,5,3702,Halifax,"",1118.31442463533,11183.1442463533,3728459644.54443,454921.143892168,202111102340
235,27840,82,4,535,Hamilton,"",1532.71028037383,15327.1028037383,127567387.286499,59155.8177418193,202111102340
236,27842,102,0,1436,Henrico,"",710.306406685237,7103.06406685237,414285932.678223,116849.514846702,202111102340
237,27843,172,2,946,Hobgood,"",1818.18181818182,18181.8181818182,1458584246.23853,232329.162988765,202111102340
238,27844,443,7,3039,Hollister,"",1457.71635406384,14577.1635406384,1251113401.94934,274076.283965929,202111102340
239,27845,278,11,2841,Jackson,"",978.528687082013,9785.28687082013,2842001076.66528,416912.567186113,202111102340
240,27846,493,7,3069,Jamesville,"",1606.38644509612,16063.8644509612,3050744149.28796,442133.927899832,202111102340
241,27847,77,0,1071,Kelford,"",718.954248366013,7189.54248366013,1048559305.60547,265580.578438826,202111102340
242,27849,154,3,1483,Lewiston Woodville,"",1038.43560350641,10384.3560350641,2062202839.65674,367759.436044123,202111102340
243,27850,669,7,7413,Littleton,"",902.468636179684,9024.68636179684,5554617534.52942,570792.398502674,202111102340
244,27851,798,11,5595,Lucama,"",1426.27345844504,14262.7345844504,1253082833.57764,200836.347936783,202111102340
245,27852,411,4,3454,Macclesfield,"",1189.92472495657,11899.2472495657,1418996205.83582,268041.951522527,202111102340
246,27853,56,1,436,Margarettsville,"",1284.40366972477,12844.0366972477,1061331085.73535,233986.055045062,202111102340
247,27855,692,6,6105,Murfreesboro,"",1133.49713349713,11334.9713349713,1379257056.24951,246550.621363096,202111102340
248,27856,3116,38,17301,Nashville,"",1801.05196231432,18010.5196231432,3696764195.94336,508647.139191863,202111102340
249,27857,207,9,1601,Oak City,"",1292.94191130543,12929.4191130543,2180191629.70935,354763.313675516,202111102340
250,27858,9138,26,58170,Greenville,"",1570.91284167096,15709.1284167096,1683129152.90881,395293.630437,202111102340
251,27860,294,4,2062,Pantego,"",1425.80019398642,14258.0019398642,4384086912.80859,475177.331131482,202111102340
252,27862,77,0,945,Pendleton,"",814.814814814815,8148.14814814815,1337735767.81812,305131.144563485,202111102340
253,27863,1729,27,12670,Pikeville,"",1364.6408839779,13646.408839779,1822358483.62146,414140.550515842,202111102340
254,27864,774,9,4823,Pinetops,"",1604.81028405557,16048.1028405557,1058515929.69434,223861.53375515,202111102340
255,27865,336,8,2003,Pinetown,"",1677.48377433849,16774.8377433849,3183419700.15735,407140.115990912,202111102340
256,27866,109,2,672,Pleasant Hill,"",1622.02380952381,16220.2380952381,548856343.547363,183824.668332886,202111102340
257,27869,372,17,2167,Rich Square,"",1716.65897554222,17166.5897554222,2314340977.34839,283794.508144883,202111102340
258,27870,4341,80,26633,Roanoke Rapids,"",1629.93279014756,16299.3279014756,1958976214.39966,237465.130853914,202111102340
259,27871,608,11,4466,Robersonville,"",1361.39722346619,13613.9722346619,2640265625.23401,370404.169208956,202111102340
260,27874,604,12,4766,Scotland Neck,"",1267.31011330256,12673.1011330256,3988089594.78687,425091.541566969,202111102340
261,27876,163,4,1290,Seaboard,"",1263.56589147287,12635.6589147287,1161065802.28784,286123.221519332,202111102340
262,27880,539,2,3280,Sims,"",1643.29268292683,16432.9268292683,661768421.449585,178936.521495753,202111102340
263,27882,1287,15,7927,Spring Hope,"",1623.56503090703,16235.6503090703,2721376125.90833,404465.358087667,202111102340
264,27883,512,11,4361,Stantonsburg,"",1174.04265076817,11740.4265076817,2149873597.18677,378850.12800901,202111102340
265,27884,226,1,1545,Stokes,"",1462.78317152104,14627.8317152104,1118165618.53992,178810.199825372,202111102340
266,27885,319,5,859,Swanquarter,"",3713.62048894063,37136.2048894063,3236637890.30994,778832.459471456,202111102340
267,27886,3196,76,21595,Tarboro,"",1479.97221579069,14799.7221579069,5534275751.92761,530150.851444626,202111102340
268,27888,389,2,2803,Walstonburg,"",1387.79878701391,13877.9878701391,1661899290.0293,260588.447365408,202111102340
269,27889,4761,84,27543,Washington,"",1728.5698725629,17285.698725629,4746901259.41052,624948.845007958,202111102340
270,27890,333,19,2398,Weldon,"",1388.65721434529,13886.5721434529,250295126.203369,88214.5142201125,202111102340
271,27891,682,11,5011,Whitakers,"",1361.00578726801,13610.0578726801,3802342458.24487,551887.618669609,202111102340
272,27892,2326,42,14363,Williamston,"",1619.43883589779,16194.3883589779,4740161664.64209,528153.604658045,202111102340
273,27893,6526,144,40647,Wilson,"",1605.53054345954,16055.3054345954,3134674028.43115,441390.734015219,202111102340
274,27896,3356,44,21212,Wilson,"",1582.12332641901,15821.2332641901,1013992738.34033,260787.736893695,202111102340
275,27897,194,1,2467,Woodland,"",786.380218889339,7863.80218889339,1262848506.99878,250563.523857377,202111102340
276,27909,5287,104,40958,Elizabeth City,"",1290.83451340397,12908.3451340397,6356628470.42627,720925.199090358,202111102340
277,27910,1602,54,11609,Ahoskie,"",1379.96382117323,13799.6382117323,3854004911.8667,558805.248838311,202111102340
278,27915,72,0,758,Avon,"",949.868073878628,9498.68073878628,132797325.68457,159985.858445685,202111102340
279,27916,95,0,554,Aydlett,"",1714.80144404332,17148.0144404332,175446906.710938,88834.9392660151,202111102340
280,27917,147,7,1084,Barco,"",1356.08856088561,13560.8856088561,583346697.773926,150643.300800981,202111102340
281,27922,113,4,1107,Cofield,"",1020.77687443541,10207.7687443541,1372106941.59424,230585.938382193,202111102340
282,27924,402,5,3509,Colerain,"",1145.62553434027,11456.2553434027,2545571117.46045,325068.518729581,202111102340
283,27925,555,7,4164,Columbia,"",1332.8530259366,13328.530259366,9421043776.67224,822613.133571787,202111102340
284,27926,143,1,1965,Corapeake,"",727.735368956743,7277.35368956743,1084179276.0813,176947.978129327,202111102340
285,27927,65,0,613,Corolla,"",1060.35889070147,10603.5889070147,685869287.21875,1266393.74615984,202111102340
286,27928,229,5,1888,Creswell,"",1212.92372881356,12129.2372881356,3736346955.86023,344143.792077436,202111102340
287,27929,162,2,1949,Currituck,"",831.195484864033,8311.95484864033,352573124.774658,146317.944454099,202111102340
288,27932,2022,38,12644,Edenton,"",1599.17747548244,15991.7747548244,3509551689.6084,391797.495792958,202111102340
289,27935,158,3,1674,Eure,"",943.847072879331,9438.47072879331,1443577833.21069,213483.780281898,202111102340
290,27937,375,6,4253,Gates,"",881.730543146015,8817.30543146015,2407949124.70361,290137.740864669,202111102340
291,27938,180,9,1430,Gatesville,"",1258.74125874126,12587.4125874126,1202645918.03784,229961.178585235,202111102340
292,27942,80,1,936,Harrellsville,"",854.700854700855,8547.00854700855,927451831.666504,150762.800286803,202111102340
293,27944,1435,12,12230,Hertford,"",1173.34423548651,11733.4423548651,5013940953.42065,828274.577378666,202111102340
294,27946,118,0,1089,Hobbsville,"",1083.56290174472,10835.6290174472,1234977495.96777,250163.996071758,202111102340
295,27948,1352,3,12518,Kill Devil Hills,"",1080.04473558076,10800.4473558076,288939959.776123,266090.270790261,202111102340
296,27949,744,4,7235,Kitty Hawk,"",1028.33448514167,10283.3448514167,426732703.740967,296487.581606319,202111102340
297,27950,131,0,2183,Knotts Island,"",600.09161704077,6000.9161704077,1009906812.90234,393684.159837613,202111102340
298,27957,161,8,1419,Merry Hill,"",1134.60183227625,11346.0183227625,1345289022.66797,219570.3989813,202111102340
299,27958,1352,10,12061,Moyock,"",1120.96841057955,11209.6841057955,2191273226.67993,258895.732965411,202111102340
300,27959,323,1,2451,Nags Head,"",1317.82945736434,13178.2945736434,464337538.219238,468359.824712585,202111102340
301,27962,962,24,7439,Plymouth,"",1293.18456781826,12931.8456781826,2248894843.11377,323982.422404071,202111102340
302,27966,101,0,1473,Powells Point,"",685.675492192804,6856.75492192804,310362212.773438,140593.315765635,202111102340
303,27968,33,0,413,Rodanthe,"",799.031476997579,7990.31476997579,255307311.38855,376970.397727617,202111102340
304,27970,416,8,3214,Roper,"",1294.33727442439,12943.3727442439,3979984913.95898,386215.845703473,202111102340
305,27976,400,1,3561,South Mills,"",1123.2799775344,11232.799775344,2739484648.62012,348819.066033239,202111102340
306,27979,138,0,1813,Sunbury,"",761.169332597904,7611.69332597904,2196378526.26221,272849.595585558,202111102340
307,27982,10,0,0,Waves,"",,,5381164.09509277,11228.317119066,202111102340
308,27983,1322,31,10633,Windsor,"",1243.29916298317,12432.9916298317,9431469996.22351,861662.756904591,202111102340
309,27986,201,4,2650,Winton,"",758.490566037736,7584.90566037736,374234308.870117,153016.850399202,202111102340
310,28001,5067,126,28360,Albemarle,"",1786.67136812412,17866.7136812412,3791255242.38873,479491.354130006,202111102340
311,28006,218,3,1136,Alexis,"",1919.01408450704,19190.1408450704,126883649.701416,88485.0702727942,202111102340
312,28012,4201,40,24276,Belmont,"",1730.51573570605,17305.1573570605,865729022.118042,170607.841876971,202111102340
313,28016,2440,35,14526,Bessemer City,"",1679.7466611593,16797.466611593,1271825919.55414,236943.686135101,202111102340
314,28018,964,32,5943,Bostic,"",1622.07639239441,16220.7639239441,2694770404.83051,433562.153950885,202111102340
315,28020,417,4,2464,Casar,"",1692.37012987013,16923.7012987013,1475633951.64899,260515.821792163,202111102340
316,28021,2422,52,13436,Cherryville,"",1802.61982732956,18026.1982732956,1626380587.60425,391038.422631114,202111102340
317,28023,2763,35,14843,China Grove,"",1861.48352758876,18614.8352758876,1273875684.14087,277795.952246167,202111102340
318,28025,8959,100,55325,Concord,"",1619.34026208766,16193.4026208766,2992149162.05573,466210.81613651,202111102340
319,28027,10853,101,74072,Concord,"",1465.19602548871,14651.9602548871,1903468707.60345,332965.289746403,202111102340
320,28031,4051,31,31049,Cornelius,"",1304.71190698573,13047.1190698573,672168572.25116,151594.592125485,202111102340
321,28032,562,3,3249,Cramerton,"",1729.76300400123,17297.6300400123,59161626.1264038,51515.5503878613,202111102340
322,28033,639,5,3362,Crouse,"",1900.65437239738,19006.5437239738,509703222.739563,189532.085619349,202111102340
323,28034,3678,48,17859,Dallas,"",2059.46581555518,20594.6581555518,1273410668.68243,215322.291269956,202111102340
324,28036,2357,19,18554,Davidson,"",1270.34601703137,12703.4601703137,669928559.48645,197029.793668161,202111102340
325,28037,3963,12,23834,Denver,"",1662.75069228833,16627.5069228833,1521729514.62848,312689.389421741,202111102340
326,28039,70,4,428,East Spencer,"",1635.51401869159,16355.1401869159,13759835.5942383,34526.6128305972,202111102340
327,28040,1293,25,8270,Ellenboro,"",1563.48246674728,15634.8246674728,1773879551.02985,348064.117544275,202111102340
328,28043,3776,116,21472,Forest City,"",1758.56929955291,17585.6929955291,1816346053.52002,348394.442075552,202111102340
329,28052,6577,123,36823,Gastonia,"",1786.1119409065,17861.119409065,1165429048.27631,189783.469072903,202111102340
330,28054,7026,115,40184,Gastonia,"",1748.45709735218,17484.5709735218,562652947.772949,139549.083675328,202111102340
331,28056,6023,75,35595,Gastonia,"",1692.0915858969,16920.915858969,1342394953.02258,344787.60681341,202111102340
332,28071,538,5,3198,Gold Hill,"",1682.301438399,16823.01438399,1345839018.92865,236923.074375116,202111102340
333,28073,995,15,5606,Grover,"",1774.88405280057,17748.8405280057,702973243.533203,143952.911566798,202111102340
334,28075,2887,20,19174,Harrisburg,"",1505.68478147491,15056.8478147491,656107496.741638,238150.023406484,202111102340
335,28078,8884,74,66079,Huntersville,"",1344.45133854931,13444.5133854931,1870251820.14679,316647.648839996,202111102340
336,28079,5961,45,39813,Indian Trail,"",1497.24964207671,14972.4964207671,1221176124.08392,283660.370334182,202111102340
337,28080,1353,7,8157,Iron Station,"",1658.69805075395,16586.9805075395,1095921164.38501,240845.709042299,202111102340
338,28081,4657,59,28249,Kannapolis,"",1648.55393111261,16485.5393111261,862858421.935425,200259.108957382,202111102340
339,28083,4391,63,25877,Kannapolis,"",1696.87367160026,16968.7367160026,582493569.448059,145983.725103448,202111102340
340,28086,5273,80,26988,Kings Mountain,"",1953.83133244405,19538.3133244405,2467878462.36133,329807.139806484,202111102340
341,28088,636,4,3059,Landis,"",2079.11082052959,20791.1082052958,72787169.9580688,52885.3256566675,202111102340
342,28090,1271,24,8506,Lawndale,"",1494.23936045145,14942.3936045145,2661358061.4715,458218.963524002,202111102340
343,28091,316,5,2353,Lilesville,"",1342.96642583935,13429.6642583935,2694411423.45477,313074.926269122,202111102340
344,28092,7368,69,40052,Lincolnton,"",1839.60850893838,18396.0850893838,3216596915.74634,535483.341451103,202111102340
345,28097,1284,8,6124,Locust,"",2096.66884389288,20966.6884389288,836579136.406799,181830.474266294,202111102340
346,28098,672,4,4010,Lowell,"",1675.81047381546,16758.1047381546,99103128.4535522,49283.194148661,202111102340
347,28103,1900,35,11346,Marshville,"",1674.59897761326,16745.9897761326,4253866560.83563,449440.107851782,202111102340
348,28104,4532,21,32469,Matthews,"",1395.79291016046,13957.9291016046,824578845.587585,325979.692599077,202111102340
349,28105,5593,82,45346,Matthews,"",1233.4053720284,12334.053720284,668165195.784729,278013.840820393,202111102340
350,28107,1485,12,8210,Midland,"",1808.76979293544,18087.6979293544,1388640520.38739,250943.513182056,202111102340
351,28110,9454,114,55536,Monroe,"",1702.31921636416,17023.1921636416,3676478383.48267,422255.233862207,202111102340
352,28112,4923,73,28060,Monroe,"",1754.45473984319,17544.5473984319,3713382117.46545,318461.97727687,202111102340
353,28114,1306,16,9034,Mooresboro,"",1445.64976754483,14456.4976754483,1900066101.23077,346437.871140422,202111102340
354,28115,6250,60,41536,Mooresville,"",1504.718798151,15047.18798151,2057262512.61176,327151.756863337,202111102340
355,28117,6917,26,47608,Mooresville,"",1452.90707444127,14529.0707444127,1555969690.69189,234425.757349855,202111102340
356,28119,434,9,3034,Morven,"",1430.45484508899,14304.5484508899,1970357677.74512,298425.648226889,202111102340
357,28120,3870,53,24318,Mount Holly,"",1591.41376757957,15914.1376757957,1001654680.08618,272689.093586748,202111102340
358,28124,1148,13,7015,Mount Pleasant,"",1636.49322879544,16364.9322879544,1620148303.23315,301866.136666845,202111102340
359,28125,411,4,2657,Mount Ulla,"",1546.85735792247,15468.5735792247,1169162879.13867,198953.955252748,202111102340
360,28127,1543,15,7631,New London,"",2022.01546324204,20220.1546324204,2159940152.89789,468250.659328753,202111102340
361,28128,1239,18,8098,Norwood,"",1530.00740923685,15300.0740923685,2054286113.35083,282114.674844027,202111102340
362,28129,1014,12,6031,Oakboro,"",1681.31321505555,16813.1321505555,1226619926.53345,219035.034364981,202111102340
363,28133,409,7,2713,Peachland,"",1507.55621083671,15075.5621083671,2384968915.9574,421295.337069002,202111102340
364,28134,1796,30,11817,Pineville,"",1519.84429212152,15198.4429212152,248618254.324951,88085.4538299007,202111102340
365,28135,796,10,5968,Polkton,"",1333.78016085791,13337.8016085791,2916374106.84241,475980.429437206,202111102340
366,28137,531,5,3843,Richfield,"",1381.73302107728,13817.3302107728,1223676252.05975,291589.496037827,202111102340
367,28138,1875,38,11659,Rockwell,"",1608.19967407153,16081.9967407153,1278406256.12445,357387.534646104,202111102340
368,28139,3380,123,20134,Rutherfordton,"",1678.7523591934,16787.523591934,5078697342.95056,674832.691106946,202111102340
369,28144,4693,88,25846,Salisbury,"",1815.75485568366,18157.5485568366,867982991.287292,279505.654446658,202111102340
370,28146,5309,79,30382,Salisbury,"",1747.41623329603,17474.1623329603,3012969418.7887,452196.720325258,202111102340
371,28147,5235,113,26204,Salisbury,"",1997.78659746604,19977.8659746604,2146390330.37,312495.471896358,202111102340
372,28150,5182,110,29296,Shelby,"",1768.84216275259,17688.4216275259,3159764942.52783,579453.815714684,202111102340
373,28152,4439,67,26078,Shelby,"",1702.20108904057,17022.0108904057,2247420971.2251,304211.560780765,202111102340
374,28159,642,24,3126,Spencer,"",2053.74280230326,20537.4280230326,51886096.1330566,42602.5220628392,202111102340
375,28160,810,14,4015,Spindale,"",2017.43462017435,20174.3462017435,170326604.450989,70799.3749654705,202111102340
376,28163,911,6,5814,Stanfield,"",1566.90746474028,15669.0746474028,970276414.142883,191731.821086023,202111102340
377,28164,2507,57,15447,Stanley,"",1622.96886126756,16229.6886126756,1144736813.58362,324856.854746788,202111102340
378,28166,1640,25,9868,Troutman,"",1661.93757600324,16619.3757600324,911716953.816406,217041.310552798,202111102340
379,28167,361,6,2418,Union Mills,"",1492.9693961952,14929.693961952,1934997992.23633,347927.953502144,202111102340
380,28168,1930,22,10437,Vale,"",1849.1903803775,18491.903803775,2469130589.68384,340004.345415379,202111102340
381,28170,1931,48,12494,Wadesboro,"",1545.54186009284,15455.4186009284,5053183842.2157,655726.472285971,202111102340
382,28173,8575,43,63837,Waxhaw,"",1343.26487773548,13432.6487773548,3045162637.21796,318858.064536165,202111102340
383,28174,1659,15,9287,Wingate,"",1786.36804134812,17863.6804134812,985461754.807983,246986.820118662,202111102340
384,28202,2996,3,16755,Charlotte,"",1788.12294837362,17881.2294837362,50452583.9099121,34485.9053855683,202111102340
385,28203,3105,6,19070,Charlotte,"",1628.21185107499,16282.1185107499,91001089.479126,54761.2733662689,202111102340
386,28204,1444,8,8738,Charlotte,"",1652.55207141222,16525.5207141222,48899100.5548096,40761.7265321132,202111102340
387,28205,6971,78,51821,Charlotte,"",1345.20754134424,13452.0754134424,335820474.82135,104910.810677792,202111102340
388,28206,2409,15,15244,Charlotte,"",1580.29388611913,15802.9388611913,182577260.697876,71458.050216539,202111102340
389,28207,1100,6,9761,Charlotte,"",1126.93371580781,11269.3371580781,68333859.7921753,36157.3958026361,202111102340
390,28208,6694,63,39944,Charlotte,"",1675.84618465852,16758.4618465852,595973347.5495,157267.598078636,202111102340
391,28209,3220,16,26012,Charlotte,"",1237.89020452099,12378.9020452099,157335764.525879,72359.4847682198,202111102340
392,28210,5950,48,44704,Charlotte,"",1330.97709377237,13309.7709377237,342547124.476257,112745.958411282,202111102340
393,28211,3633,75,31253,Charlotte,"",1162.44840495312,11624.4840495312,292827786.05603,102838.759144167,202111102340
394,28212,6491,48,42744,Charlotte,"",1518.57570653191,15185.7570653191,237710291.866211,96077.3791004252,202111102340
395,28213,7739,61,45338,Charlotte,"",1706.9566368168,17069.566368168,412614569.613403,162252.089416931,202111102340
396,28214,7336,50,41208,Charlotte,"",1780.23684721413,17802.3684721413,965554836.030151,224926.880987091,202111102340
397,28215,10142,82,60256,Charlotte,"",1683.15188528943,16831.5188528943,782010510.903748,222976.412140327,202111102340
398,28216,9089,74,58744,Charlotte,"",1547.221843933,15472.21843933,857978895.941772,184761.316525275,202111102340
399,28217,4512,24,30875,Charlotte,"",1461.37651821862,14613.7651821862,428067925.271423,132462.900799897,202111102340
400,28226,4576,40,40227,Charlotte,"",1137.5444353295,11375.4443532951,430471271.22644,131097.087702525,202111102340
401,28227,8875,73,57319,Charlotte,"",1548.35220433015,15483.5220433015,1173416755.00244,297066.255269002,202111102340
402,28262,6580,50,43683,Charlotte,"",1506.30680127281,15063.0680127281,593648477.600464,159979.41236041,202111102340
403,28269,11325,74,81464,Charlotte,"",1390.18462142787,13901.8462142787,840640266.840637,192155.045229048,202111102340
404,28270,3591,33,34753,Charlotte,"",1033.29208989152,10332.9208989152,345778417.622314,161555.486865571,202111102340
405,28273,6453,48,40544,Charlotte,"",1591.60418310971,15916.0418310971,614626385.142517,192801.276498243,202111102340
406,28277,7623,36,72020,Charlotte,"",1058.45598444876,10584.5598444876,675381884.726379,144850.675101077,202111102340
407,28278,4595,24,32539,Charlotte,"",1412.1515719598,14121.515719598,902762098.137573,246465.469761239,202111102340
408,28301,2698,80,17717,Fayetteville,"",1522.83117909353,15228.3117909353,348717238.9104,130217.445212828,202111102340
409,28303,3989,44,34600,Fayetteville,"",1152.8901734104,11528.901734104,540160738.043701,179304.154504403,202111102340
410,28304,4777,40,39651,Fayetteville,"",1204.76154447555,12047.6154447555,491742944.185852,186465.416198877,202111102340
411,28305,680,8,5010,Fayetteville,"",1357.28542914172,13572.8542914172,69895111.336731,49443.8950343603,202111102340
412,28306,6059,61,42565,Fayetteville,"",1423.46998707859,14234.6998707859,2090603260.31519,562860.488861907,202111102340
413,28307,1527,0,15486,Fort Bragg,"",986.051917861294,9860.51917861294,174879596.356018,92732.9092032322,202111102340
414,28310,1391,0,8861,Fort Bragg,"",1569.80024827898,15698.0024827898,506286340.902344,200733.090413706,202111102340
415,28311,4765,43,36046,Fayetteville,"",1321.92198857016,13219.2198857016,1336136656.04889,240844.864072535,202111102340
416,28312,2757,50,18419,Fayetteville,"",1496.82393180954,14968.2393180954,4341373681.0871,556260.336471475,202111102340
417,28314,7471,56,53642,Fayetteville,"",1392.75194810037,13927.5194810037,816473670.87677,185615.29020179,202111102340
418,28315,1998,25,13329,Aberdeen,"",1498.98717083052,14989.8717083052,2049308469.85626,494397.056686911,202111102340
419,28318,752,6,4579,Autryville,"",1642.2799737934,16422.799737934,2217851356.83313,372935.466158955,202111102340
420,28320,1561,34,9381,Bladenboro,"",1664.0017055751,16640.017055751,3248490168.58801,381864.201698899,202111102340
421,28323,648,2,4578,Bunnlevel,"",1415.46526867628,14154.6526867628,1112191308.33496,301931.807656215,202111102340
422,28326,3084,19,22382,Cameron,"",1377.89294969172,13778.9294969172,3242119864.63824,488036.1730633,202111102340
423,28327,2698,41,18273,Carthage,"",1476.49537569091,14764.9537569091,5396542091.08795,586939.342565835,202111102340
424,28328,4720,68,26951,Clinton,"",1751.32648139216,17513.2648139216,6810728499.67102,657248.933701038,202111102340
425,28333,1653,32,10709,Dudley,"",1543.56149033523,15435.6149033523,1249687746.85376,213915.020571421,202111102340
426,28334,4914,69,26215,Dunn,"",1874.49933244326,18744.9933244326,4497238669.98419,544402.158241248,202111102340
427,28337,1747,32,11927,Elizabethtown,"",1464.74385847237,14647.4385847237,5069041872.41577,577770.225904475,202111102340
428,28338,625,9,4804,Ellerbe,"",1300.99916736053,13009.9916736053,3935542448.08881,492508.044174153,202111102340
429,28339,1176,17,7226,Erwin,"",1627.45640741766,16274.5640741766,1064553458.41333,310656.999787592,202111102340
430,28340,1802,45,10738,Fairmont,"",1678.15235611846,16781.5235611846,3757196814.59872,450516.228420329,202111102340
431,28341,729,8,5080,Faison,"",1435.03937007874,14350.3937007874,2787115249.34564,421094.619116887,202111102340
432,28343,255,8,1567,Gibson,"",1627.31333758775,16273.1333758775,458723474.164063,106909.663733147,202111102340
433,28344,630,7,3814,Godwin,"",1651.80912427897,16518.0912427897,1128755315.22852,269142.265002464,202111102340
434,28345,2037,41,12656,Hamlet,"",1609.51327433628,16095.1327433628,2126402412.95966,332606.523883072,202111102340
435,28347,259,1,1826,Hoffman,"",1418.4008762322,14184.008762322,747268691.675964,194334.44204749,202111102340
436,28348,5387,53,36052,Hope Mills,"",1494.23055586375,14942.3055586375,1166315651.14276,329846.853315969,202111102340
437,28349,781,19,3955,Kenansville,"",1974.71554993679,19747.1554993679,1959246504.78113,326624.538750416,202111102340
438,28350,39,0,70,Lakeview,"",5571.42857142857,55714.2857142857,7876659.25891113,11657.1581787366,202111102340
439,28351,760,8,5269,Laurel Hill,"",1442.39893717973,14423.9893717973,1788599136.13666,386362.394376361,202111102340
440,28352,4130,82,25298,Laurinburg,"",1632.54012174875,16325.4012174875,3264782876.16284,438869.872406896,202111102340
441,28356,790,8,4914,Linden,"",1607.65160765161,16076.5160765161,1497885580.84283,286294.988335977,202111102340
442,28357,407,5,3224,Lumber Bridge,"",1262.40694789082,12624.0694789082,998095899.747498,200973.924425577,202111102340
443,28358,7098,136,38517,Lumberton,"",1842.82264973908,18428.2264973908,5499536726.32037,504386.804277589,202111102340
444,28360,2809,42,14944,Lumberton,"",1879.68415417559,18796.8415417559,1985862696.58282,363920.117329658,202111102340
445,28363,180,2,1079,Marston,"",1668.21130676552,16682.1130676552,1736455559.11224,383927.716730152,202111102340
446,28364,2698,44,15170,Maxton,"",1778.51021753461,17785.1021753461,3845135736.01221,464303.223304611,202111102340
447,28365,2398,55,17063,Mount Olive,"",1405.38006212272,14053.8006212272,5449867058.99634,617077.136427741,202111102340
448,28366,992,16,5153,Newton Grove,"",1925.09217931302,19250.9217931302,2293381130.24042,414618.719505341,202111102340
449,28369,401,8,2241,Orrum,"",1789.37974118697,17893.7974118697,1800121585.61136,401393.305842191,202111102340
450,28371,1075,19,7085,Parkton,"",1517.29004940014,15172.9004940014,1005950088.08063,229991.086519014,202111102340
451,28372,3060,44,15254,Pembroke,"",2006.03120492985,20060.3120492985,1147770145.91595,255857.280522167,202111102340
452,28373,368,5,2552,Pinebluff,"",1442.00626959248,14420.0626959248,460329066.992676,140223.621385681,202111102340
453,28374,1983,55,18171,Pinehurst,"",1091.29932309724,10912.9932309724,609888351.153748,186776.563275303,202111102340
454,28376,5933,72,43831,Raeford,"",1353.60817686113,13536.0817686113,8255601209.37079,618028.253174215,202111102340
455,28377,2332,41,13036,Red Springs,"",1788.892298251,17888.92298251,2872865768.25568,446034.002241504,202111102340
456,28379,4038,87,25804,Rockingham,"",1564.87366299798,15648.7366299798,4156662320.34821,486165.084209016,202111102340
457,28382,1143,19,8006,Roseboro,"",1427.67924056957,14276.7924056957,3525739741.42773,652666.741452106,202111102340
458,28383,1462,25,7713,Rowland,"",1895.50110203552,18955.0110203552,2904453853.97415,460017.981876533,202111102340
459,28384,2256,30,12414,Saint Pauls,"",1817.30304494925,18173.0304494925,2850567240.80182,480450.415018018,202111102340
460,28385,542,3,3005,Salemburg,"",1803.66056572379,18036.6056572379,1040463355.97156,321938.125650219,202111102340
461,28386,1236,12,6068,Shannon,"",2036.91496374423,20369.1496374423,1134602512.8537,354913.796549299,202111102340
462,28387,2054,62,17139,Southern Pines,"",1198.43631483751,11984.3631483751,810260751.658813,181010.127281146,202111102340
463,28390,2900,27,23494,Spring Lake,"",1234.35770835107,12343.5770835107,1630867413.08136,287302.836124697,202111102340
464,28391,787,11,5326,Stedman,"",1477.65677806985,14776.5677806985,1084470955.12604,202263.555324582,202111102340
465,28392,275,5,1554,Tar Heel,"",1769.62676962677,17696.2676962677,925384379.987671,187529.786563955,202111102340
466,28393,354,6,2160,Turkey,"",1638.88888888889,16388.8888888889,1437383838.7915,233550.655699493,202111102340
467,28394,731,8,6094,Vass,"",1199.5405316705,11995.405316705,1215312777.16113,300186.221923817,202111102340
468,28395,425,3,2657,Wade,"",1599.54836281521,15995.4836281521,1382105528.22943,246616.208913961,202111102340
469,28396,369,8,2679,Wagram,"",1377.37961926092,13773.7961926092,1631714382.90094,330475.243709585,202111102340
470,28398,1360,28,7672,Warsaw,"",1772.67987486966,17726.7987486966,2739435952.33466,345606.723026117,202111102340
471,28399,306,3,1934,White Oak,"",1582.21302998966,15822.1302998966,2338498223.40869,308489.981388208,202111102340
472,28401,3181,69,24213,Wilmington,"",1313.75707264693,13137.5707264693,925590291.269562,302995.405207511,202111102340
473,28403,5620,32,41945,Wilmington,"",1339.84980331386,13398.4980331386,403456249.54361,135103.298695973,202111102340
474,28405,4263,37,33719,Wilmington,"",1264.27236869421,12642.7236869421,694443662.189972,212896.044608315,202111102340
475,28409,3847,31,34974,Wilmington,"",1099.95997026362,10999.5997026362,678530052.059952,626246.018361276,202111102340
476,28411,4488,40,38820,Wilmington,"",1156.10510046368,11561.0510046368,1477023573.08954,591854.549770877,202111102340
477,28412,4870,61,42977,Wilmington,"",1133.16425064569,11331.6425064569,635947452.301941,245813.217862995,202111102340
478,28420,662,13,5116,Ash,"",1293.97967161845,12939.7967161845,4030119174.4476,622951.504256467,202111102340
479,28421,205,4,2040,Atkinson,"",1004.90196078431,10049.0196078431,1701084244.28595,246250.995159075,202111102340
480,28422,995,13,8682,Bolivia,"",1146.04929739691,11460.4929739691,2520456183.00197,406510.949073508,202111102340
481,28423,328,5,2285,Bolton,"",1435.44857768053,14354.4857768053,4327886518.67657,560706.23791653,202111102340
482,28425,1847,27,12625,Burgaw,"",1462.9702970297,14629.702970297,4872852970.19843,522799.098840263,202111102340
483,28428,775,5,7142,Carolina Beach,"",1085.13021562588,10851.3021562588,153392950.326767,131890.839899376,202111102340
484,28429,1132,14,8542,Castle Hayne,"",1325.21657691407,13252.1657691407,1146009267.92944,244578.64538817,202111102340
485,28430,347,7,2055,Cerro Gordo,"",1688.56447688564,16885.6447688564,1294763521.80133,235369.368885516,202111102340
486,28431,1250,32,6741,Chadbourn,"",1854.32428423083,18543.2428423083,2019287633.59152,414968.282140326,202111102340
487,28432,410,4,1684,Clarendon,"",2434.67933491686,24346.7933491686,913029717.719559,381140.327621417,202111102340
488,28433,712,8,5297,Clarkton,"",1344.15707003965,13441.5707003965,3257754219.81824,497145.128049416,202111102340
489,28434,136,4,1357,Council,"",1002.21075902727,10022.1075902727,2209417286.23001,262045.947095385,202111102340
490,28435,359,6,2931,Currie,"",1224.83793926987,12248.3793926987,2746865502.37314,418800.327512466,202111102340
491,28436,364,5,2312,Delco,"",1574.39446366782,15743.9446366782,1250613651.60083,304067.898737589,202111102340
492,28438,314,3,1688,Evergreen,"",1860.18957345972,18601.8957345972,1324758692.31961,354385.951020837,202111102340
493,28439,256,12,1536,Fair Bluff,"",1666.66666666667,16666.6666666667,667490225.496307,213264.007900786,202111102340
494,28441,490,5,3328,Garland,"",1472.35576923077,14723.5576923077,3774857745.4223,555550.533903292,202111102340
495,28442,251,7,1734,Hallsboro,"",1447.52018454441,14475.2018454441,1395074837.14975,336354.405393145,202111102340
496,28443,3347,30,22483,Hampstead,"",1488.68033625406,14886.8033625406,4337834719.99771,560208.032392264,202111102340
497,28444,341,1,2278,Harrells,"",1496.92712906058,14969.2712906058,3251010335.70935,548979.732892781,202111102340
498,28445,1321,18,8142,Holly Ridge,"",1622.45148612135,16224.5148612135,2835470197.40424,676482.174744674,202111102340
499,28447,181,0,1334,Ivanhoe,"",1356.8215892054,13568.215892054,2755654733.91089,442226.920323366,202111102340
500,28448,120,1,1216,Kelly,"",986.842105263158,9868.42105263158,2360585218.26868,400674.523076971,202111102340
501,28449,132,2,1958,Kure Beach,"",674.157303370787,6741.57303370786,112229003.875305,80695.004584803,202111102340
502,28450,328,11,2397,Lake Waccamaw,"",1368.37713808928,13683.7713808928,1482484363.39343,277199.450521116,202111102340
503,28451,5091,43,39194,Leland,"",1298.92330458744,12989.2330458744,5322314275.71591,771852.448618023,202111102340
504,28452,104,2,513,Longwood,"",2027.29044834308,20272.9044834308,201031402.998276,76626.878203892,202111102340
505,28453,774,7,4137,Magnolia,"",1870.92095721537,18709.2095721537,2286467269.94287,428957.863476439,202111102340
506,28454,438,7,3549,Maple Hill,"",1234.1504649197,12341.504649197,3064407818.25446,319144.850869927,202111102340
507,28455,359,5,1718,Nakina,"",2089.63911525029,20896.3911525029,1802269564.75485,339624.478895421,202111102340
508,28456,542,9,3566,Riegelwood,"",1519.91026360067,15199.1026360067,1872158645.14374,368901.622022321,202111102340
509,28457,1643,17,12840,Rocky Point,"",1279.59501557632,12795.9501557632,3397895880.78387,551931.996451502,202111102340
510,28458,1033,16,7018,Rose Hill,"",1471.9293245939,14719.293245939,3025757032.09851,549753.327973728,202111102340
511,28460,1786,10,10588,Sneads Ferry,"",1686.81526256139,16868.1526256139,868820245.916626,505270.66774661,202111102340
512,28461,1874,24,20575,Southport,"",910.814094775213,9108.14094775213,2976816159.44659,699193.3729383,202111102340
513,28462,1618,22,14309,Supply,"",1130.75686630792,11307.5686630792,3173815797.17624,578042.071238933,202111102340
514,28463,2094,45,9865,Tabor City,"",2122.6558540294,21226.558540294,3441446535.6745,489113.866817469,202111102340
515,28464,454,7,2491,Teachey,"",1822.56122039342,18225.6122039342,651873569.02948,216752.818849917,202111102340
516,28465,711,9,8285,Oak Island,"",858.177429088715,8581.77429088715,278142792.540329,260764.452809295,202111102340
517,28466,1741,47,10375,Wallace,"",1678.07228915663,16780.7228915663,4134830722.40503,646652.750223625,202111102340
518,28467,1320,22,11393,Calabash,"",1158.60616167822,11586.0616167822,478052225.035095,182374.085490172,202111102340
519,28468,528,4,5394,Sunset Beach,"",978.865406006674,9788.65406006674,561581539.026329,281339.504069841,202111102340
520,28469,968,20,7481,Ocean Isle Beach,"",1293.94465980484,12939.4465980484,718539224.77166,397460.188245044,202111102340
521,28470,1597,52,13446,Shallotte,"",1187.71381823591,11877.1381823591,1182514664.27979,362760.617388835,202111102340
522,28472,3296,82,20002,Whiteville,"",1647.83521647835,16478.3521647835,5336860792.21823,836470.753006454,202111102340
523,28478,703,8,4976,Willard,"",1412.78135048232,14127.8135048232,3641064446.79327,420805.470689162,202111102340
524,28479,834,14,4874,Winnabow,"",1711.12022979073,17111.2022979073,2117768058.25922,493774.783138492,202111102340
525,28480,380,0,2737,Wrightsville Beach,"",1388.38143953233,13883.8143953233,105606171.513519,198146.556810674,202111102340
526,28501,2770,51,19507,Kinston,"",1420.00307581894,14200.0307581894,2991635337.302,625626.15035165,202111102340
527,28504,3596,65,21016,Kinston,"",1711.07727445756,17110.7727445756,3402165916.96191,527051.926248194,202111102340
528,28508,411,9,2984,Albertson,"",1377.34584450402,13773.4584450402,979966062.858154,216402.11543394,202111102340
529,28510,156,0,1543,Arapahoe,"",1011.01749837978,10110.1749837978,492605022.366577,160146.449017413,202111102340
530,28511,49,0,628,Atlantic,"",780.254777070064,7802.54777070064,664520864.566406,632922.312503468,202111102340
531,28512,359,8,3689,Atlantic Beach,"",973.16345893196,9731.6345893196,159414908.561523,282548.210087653,202111102340
532,28513,1597,5,10825,Ayden,"",1475.28868360277,14752.8868360277,2611479123.85803,477095.460669019,202111102340
533,28515,462,3,3463,Bayboro,"",1334.10337857349,13341.0337857349,1758589825.68518,437586.784820445,202111102340
534,28516,1327,12,12482,Beaufort,"",1063.13090850825,10631.3090850825,3384236686.76337,1001596.71803034,202111102340
535,28518,1491,23,8803,Beulaville,"",1693.74077019198,16937.4077019198,2702594658.36359,473932.945095065,202111102340
536,28521,382,11,2259,Chinquapin,"",1691.01372288623,16910.1372288623,984336924.154663,232445.955683395,202111102340
537,28523,355,3,2274,Cove City,"",1561.12576956904,15611.2576956904,2247611957.06177,297516.586083844,202111102340
538,28525,521,4,3309,Deep Run,"",1574.49380477486,15744.9380477486,1368793733.10339,260376.07892082,202111102340
539,28526,322,6,2384,Dover,"",1350.6711409396,13506.711409396,2062614072.29626,437910.466683838,202111102340
540,28529,452,10,2539,Grantsboro,"",1780.22843639228,17802.2843639228,2523317524.60889,412017.089612736,202111102340
541,28530,1182,17,7474,Grifton,"",1581.48247257158,15814.8247257158,1906098626.48975,426610.065184872,202111102340
542,28531,147,3,1414,Harkers Island,"",1039.60396039604,10396.0396039604,96666650.4205933,159397.370996394,202111102340
543,28532,2731,10,25868,Havelock,"",1055.74454925004,10557.4454925004,5072028576.29651,874966.498361209,202111102340
544,28538,494,4,3342,Hookerton,"",1478.15679233992,14781.5679233992,837514346.679443,167225.326393657,202111102340
545,28539,2441,25,18000,Hubert,"",1356.11111111111,13561.1111111111,2158531628.89203,965472.416809674,202111102340
546,28540,7465,85,52400,Jacksonville,"",1424.61832061069,14246.1832061069,3283488394.35052,547729.060516664,202111102340
547,28542,687,0,6146,Camp Lejeune,"",1117.80019524894,11178.0019524894,1137151211.30426,554417.951637184,202111102340
548,28543,571,3,6618,Tarawa Terrace,"",862.798428528256,8627.98428528256,101812905.851257,81799.9494086723,202111102340
549,28546,7557,70,51963,Jacksonville,"",1454.30402401709,14543.0402401709,2766403023.01086,429757.095409677,202111102340
550,28547,2477,0,13868,Camp Lejeune,"",1786.12633400635,17861.2633400635,321351155.112183,125030.1108688,202111102340
551,28551,2129,31,14265,La Grange,"",1492.46407290571,14924.6407290571,3578620059.57935,402405.541085344,202111102340
552,28553,38,1,522,Marshallberg,"",727.969348659004,7279.69348659004,44093630.395752,64625.7950525978,202111102340
553,28555,771,5,4702,Maysville,"",1639.72777541472,16397.2777541472,3623337430.05573,600372.548840717,202111102340
554,28557,1872,16,15254,Morehead City,"",1227.21909007473,12272.1909007473,400526127.961975,291647.007459014,202111102340
555,28560,4027,65,28926,New Bern,"",1392.17313143884,13921.7313143884,3309199654.78784,1030041.14449326,202111102340
556,28562,5114,59,38009,New Bern,"",1345.47080954511,13454.7080954511,3853792240.20764,1071472.47820273,202111102340
557,28570,2893,21,22687,Newport,"",1275.1796182836,12751.796182836,4050945831.7467,612371.091717979,202111102340
558,28571,217,3,3137,Oriental,"",691.743704175964,6917.43704175964,1482289449.53186,353024.47769856,202111102340
559,28572,1145,16,6379,Pink Hill,"",1794.95218686314,17949.5218686314,3042675125.74115,395176.694907307,202111102340
560,28573,336,18,2475,Pollocksville,"",1357.57575757576,13575.7575757576,3035889883.2348,360117.83631843,202111102340
561,28574,3085,36,17702,Richlands,"",1742.74093322788,17427.4093322788,3868294357.7301,523654.71280993,202111102340
562,28577,38,2,595,Sealevel,"",638.655462184874,6386.55462184874,131607264.267456,82049.6590834025,202111102340
563,28578,808,10,7044,Seven Springs,"",1147.07552526973,11470.7552526973,1837860745.29797,304549.150963809,202111102340
564,28580,1730,40,12031,Snow Hill,"",1437.95195744327,14379.5195744327,3261656823.56982,373362.024423985,202111102340
565,28582,273,3,1824,Stella,"",1496.71052631579,14967.1052631579,566119411.242798,233745.537488707,202111102340
566,28584,1674,18,12910,Swansboro,"",1296.66924864446,12966.6924864446,870417864.570801,630505.524420815,202111102340
567,28585,581,11,4170,Trenton,"",1393.28537170264,13932.8537170264,5857263271.9624,616313.550954669,202111102340
568,28586,1730,12,8427,Vanceboro,"",2052.92512163285,20529.2512163285,3798727344.79224,393188.365406213,202111102340
569,28590,4459,21,26551,Winterville,"",1679.40943843923,16794.0943843923,1153236268.85608,260797.112041444,202111102340
570,28594,432,5,3678,Emerald Isle,"",1174.55138662316,11745.5138662316,161880563.377441,206007.39513627,202111102340
571,28601,9096,134,49848,Hickory,"",1824.74723158402,18247.4723158402,1378207425.05768,365850.750506082,202111102340
572,28602,5336,104,31218,Hickory,"",1709.27029277981,17092.7029277981,1938678919.97003,319569.803956005,202111102340
573,28604,719,11,6449,Banner Elk,"",1114.90153512172,11149.0153512172,1915326545.24634,325836.980718489,202111102340
574,28605,378,4,4143,Blowing Rock,"",912.382331643736,9123.82331643737,895784503.144714,248689.345104092,202111102340
575,28606,321,5,2367,Boomer,"",1356.14702154626,13561.4702154626,1247639586.18042,214129.251492026,202111102340
576,28607,4323,23,37481,Boone,"",1153.38438141992,11533.8438141992,2776057252.95807,555835.87368089,202111102340
577,28609,1024,13,6457,Catawba,"",1585.87579371225,15858.7579371225,1341728385.28827,281255.134101197,202111102340
578,28610,1852,22,10238,Claremont,"",1808.94705997265,18089.4705997265,1121879522.66571,308096.881521473,202111102340
579,28612,2326,49,14906,Connelly Springs,"",1560.44545820475,15604.4545820475,2400642845.42798,441028.943696581,202111102340
580,28613,4356,75,25216,Conover,"",1727.47461928934,17274.7461928934,1220326345.78546,362168.639637895,202111102340
581,28615,208,2,1883,Creston,"",1104.62028677642,11046.2028677642,1868599532.61511,272770.247470023,202111102340
582,28617,312,4,2451,Crumpler,"",1272.94981640147,12729.4981640147,986888820.641235,263906.737953269,202111102340
583,28618,242,2,2480,Deep Gap,"",975.806451612903,9758.06451612903,1010729766.2395,224128.286954044,202111102340
584,28621,1832,41,10400,Elkin,"",1761.53846153846,17615.3846153846,1827310682.30029,492431.108964796,202111102340
585,28622,323,2,2638,Elk Park,"",1224.41243366187,12244.1243366187,922706854.79248,228052.883765708,202111102340
586,28623,237,0,1716,Ennice,"",1381.11888111888,13811.1888111888,790959225.749146,176648.995975267,202111102340
587,28624,213,4,1893,Ferguson,"",1125.19809825674,11251.9809825674,1893859856.27216,280305.359064925,202111102340
588,28625,6227,116,38862,Statesville,"",1602.3364726468,16023.364726468,5528677082.18164,627405.10903711,202111102340
589,28626,269,1,3001,Fleetwood,"",896.367877374209,8963.67877374209,819063990.876587,148645.734339712,202111102340
590,28627,138,0,1534,Glade Valley,"",899.608865710561,8996.08865710561,929851696.585571,229623.659776181,202111102340
591,28630,3362,61,20369,Granite Falls,"",1650.54740046149,16505.4740046149,1749206123.14734,364175.180926025,202111102340
592,28631,97,0,536,Grassy Creek,"",1809.70149253731,18097.0149253731,666742006.060913,167245.211138671,202111102340
593,28634,752,12,5269,Harmony,"",1427.21579047258,14272.1579047258,1708637469.52393,380041.00063272,202111102340
594,28635,640,9,4032,Hays,"",1587.30158730159,15873.0158730159,1589254753.84888,282956.554467362,202111102340
595,28636,905,19,5186,Hiddenite,"",1745.08291554184,17450.8291554184,1563401720.00476,343683.132287545,202111102340
596,28637,460,5,1583,Hildebran,"",2905.87492103601,29058.7492103601,75804105.8025513,39679.7431148789,202111102340
597,28638,2092,16,12560,Hudson,"",1665.6050955414,16656.050955414,586195125.955933,179942.259882133,202111102340
598,28640,784,19,4805,Jefferson,"",1631.63371488033,16316.3371488033,1056537388.6748,302637.68949569,202111102340
599,28642,863,13,5578,Jonesville,"",1547.14951595554,15471.4951595554,922184812.2677,173376.666314256,202111102340
600,28643,375,5,3443,Lansing,"",1089.16642462968,10891.6642462968,2044042930.41492,275858.107391137,202111102340
601,28644,160,0,1570,Laurel Springs,"",1019.10828025478,10191.0828025478,2045165288.09131,297831.475142139,202111102340
602,28645,7692,138,47621,Lenoir,"",1615.25377459524,16152.5377459524,9179149391.98291,930216.037146458,202111102340
603,28649,144,2,1034,Mc Grady,"",1392.6499032882,13926.499032882,1036137984.80469,190682.670149615,202111102340
604,28650,2353,26,13374,Maiden,"",1759.38387916854,17593.8387916854,1278104496.07623,377336.649296681,202111102340
605,28651,1012,16,6653,Millers Creek,"",1521.11829249962,15211.1829249962,2065649255.9353,349078.290644553,202111102340
606,28654,501,9,3800,Moravian Falls,"",1318.42105263158,13184.2105263158,1821577421.53857,295573.209104024,202111102340
607,28655,9375,131,58249,Morganton,"",1609.46969046679,16094.6969046679,9153179930.14331,677983.745386267,202111102340
608,28657,1327,23,9610,Newland,"",1380.85327783559,13808.5327783559,3935578521.47217,457051.359413869,202111102340
609,28658,4970,61,25858,Newton,"",1922.03573362209,19220.3573362209,2022657893.02307,451555.722478837,202111102340
610,28659,3445,68,21013,North Wilkesboro,"",1639.46128587065,16394.6128587065,2817470108.66394,743040.466864702,202111102340
611,28660,352,4,2336,Olin,"",1506.84931506849,15068.4931506849,892135691.594116,224297.744075571,202111102340
612,28665,393,5,2986,Purlear,"",1316.14199598125,13161.4199598125,1778038258.60608,240271.301413849,202111102340
613,28668,35,0,39,Roaring Gap,"",8974.35897435897,89743.5897435898,150579895.761963,97868.8716295681,202111102340
614,28669,445,5,3133,Roaring River,"",1420.36386849665,14203.6386849665,1299426384.18799,252536.432806368,202111102340
615,28670,478,6,3183,Ronda,"",1501.72792962614,15017.2792962614,1123975912.01135,257469.478215133,202111102340
616,28673,914,8,6621,Sherrills Ford,"",1380.4561244525,13804.561244525,852092289.759583,248402.605359209,202111102340
617,28675,1029,6,6805,Sparta,"",1512.12343864805,15121.2343864805,2977111225.9541,397880.21838125,202111102340
618,28676,516,5,3444,State Road,"",1498.25783972125,14982.5783972125,830902972.436646,197653.666386266,202111102340
619,28677,6017,78,35614,Statesville,"",1689.50412759027,16895.0412759027,2372250827.99042,364916.143502524,202111102340
620,28678,822,8,5252,Stony Point,"",1565.11805026657,15651.1805026657,1249807753.12482,237772.476162198,202111102340
621,28679,187,2,2122,Sugar Grove,"",881.24410933082,8812.4410933082,636943392.934937,227619.317646308,202111102340
622,28681,4556,85,26959,Taylorsville,"",1689.97366371156,16899.7366371156,4726487412.65814,412700.759417833,202111102340
623,28682,157,2,1099,Terrell,"",1428.57142857143,14285.7142857143,164657442.78833,108427.066369374,202111102340
624,28683,236,3,1934,Thurmond,"",1220.26887280248,12202.6887280248,988749233.112671,203358.60410099,202111102340
625,28684,192,1,2175,Todd,"",882.758620689655,8827.58620689655,1383524229.94177,292392.138653963,202111102340
626,28685,265,1,1908,Traphill,"",1388.88888888889,13888.8888888889,1296786088.98804,215086.939280452,202111102340
627,28689,293,3,1662,Union Grove,"",1762.93622141998,17629.3622141998,1218398001.86389,304792.24772459,202111102340
628,28690,1544,21,9427,Valdese,"",1637.84873236448,16378.4873236448,668624773.04187,213466.610171622,202111102340
629,28692,383,1,4504,Vilas,"",850.355239786856,8503.55239786856,1091553223.68976,286379.955820553,202111102340
630,28693,230,2,1693,Warrensville,"",1358.53514471353,13585.3514471353,621923811.260986,170328.387778476,202111102340
631,28694,1021,17,8033,West Jefferson,"",1271.00709573011,12710.0709573011,2188720146.69934,416426.801998168,202111102340
632,28697,2125,42,13376,Wilkesboro,"",1588.66626794258,15886.6626794258,1810927272.521,565265.362104433,202111102340
633,28701,525,4,4830,Alexander,"",1086.95652173913,10869.5652173913,557040025.003723,178622.867954755,202111102340
634,28702,36,0,704,Almond,"",511.363636363636,5113.63636363636,749571990.457794,168899.042279792,202111102340
635,28704,3224,28,21728,Arden,"",1483.79970544919,14837.9970544919,1481682958.97644,329012.999643476,202111102340
636,28705,738,3,7168,Bakersville,"",1029.57589285714,10295.7589285714,3538838336.04175,376028.663142582,202111102340
637,28711,1334,38,15250,Black Mountain,"",874.754098360656,8747.54098360656,2289646423.50623,432841.10713665,202111102340
638,28712,2219,34,19644,Brevard,"",1129.60700468336,11296.0700468336,3743370041.24365,607196.289251344,202111102340
639,28713,1247,16,9333,Bryson City,"",1336.1191471124,13361.191471124,7085157294.99072,658029.652447302,202111102340
640,28714,2544,31,17066,Burnsville,"",1490.68322981366,14906.8322981366,7287599937.88281,538818.932986382,202111102340
641,28715,3087,36,27289,Candler,"",1131.22503572868,11312.2503572868,1975153881.5733,274379.594297132,202111102340
642,28716,2275,57,18650,Canton,"",1219.83914209115,12198.3914209115,4450693739.33826,450946.985814241,202111102340
643,28718,57,0,607,Cedar Mountain,"",939.044481054366,9390.44481054366,604740430.192017,157079.894608512,202111102340
644,28719,1484,12,6945,Cherokee,"",2136.78905687545,21367.8905687545,6313532001.74988,506970.161305604,202111102340
645,28721,1299,16,10866,Clyde,"",1195.47211485367,11954.7211485367,3262240884.20239,451646.750156333,202111102340
646,28722,781,14,6854,Columbus,"",1139.48059527283,11394.8059527283,1330435890.70984,371441.890606651,202111102340
647,28723,1386,4,11678,Cullowhee,"",1186.84706285323,11868.4706285323,2829089767.59064,521400.904374382,202111102340
648,28726,545,9,3477,East Flat Rock,"",1567.44319815933,15674.4319815933,62782212.3257446,52681.8363735949,202111102340
649,28729,440,3,2978,Etowah,"",1477.50167897918,14775.0167897918,115914409.369507,74718.0620947517,202111102340
650,28730,950,10,10068,Fairview,"",943.583631307112,9435.83631307112,1334723772.69336,277836.650121475,202111102340
651,28731,1281,16,9271,Flat Rock,"",1381.72796893539,13817.2796893539,910498937.374664,308715.430561088,202111102340
652,28732,2263,12,18899,Fletcher,"",1197.41785279644,11974.1785279644,1163648233.76184,268599.174805656,202111102340
653,28734,4003,59,28423,Franklin,"",1408.36646377933,14083.6646377933,8413329787.90622,680710.034553254,202111102340
654,28736,82,0,740,Glenville,"",1108.10810810811,11081.0810810811,845894035.551971,243241.394198335,202111102340
655,28739,2202,29,21994,Hendersonville,"",1001.1821405838,10011.821405838,1809199500.98254,354883.696935043,202111102340
656,28740,275,0,2123,Green Mountain,"",1295.33678756477,12953.3678756477,2560353451.70599,391601.88482291,202111102340
657,28741,410,7,3135,Highlands,"",1307.81499202552,13078.1499202552,2488322100.83908,291652.561708351,202111102340
658,28742,374,5,2834,Horse Shoe,"",1319.6894848271,13196.894848271,759756422.807678,323788.261855291,202111102340
659,28745,91,0,598,Lake Junaluska,"",1521.73913043478,15217.3913043478,24208240.7459412,20619.3143809221,202111102340
660,28746,272,7,2583,Lake Lure,"",1053.03910181959,10530.3910181959,1635267198.94843,301403.103342596,202111102340
661,28747,193,7,2517,Lake Toxaway,"",766.78585617799,7667.8585617799,1644170650.80768,278687.825520297,202111102340
662,28748,1458,19,12684,Leicester,"",1149.47965941343,11494.7965941343,2568900770.12885,433742.542694055,202111102340
663,28751,446,10,3738,Maggie Valley,"",1193.15141787052,11931.5141787052,1196971956.93442,252655.252396679,202111102340
664,28752,5911,88,31501,Marion,"",1876.44836671852,18764.4836671852,6843838240.70496,729852.019397462,202111102340
665,28753,1479,28,12286,Marshall,"",1203.80921373922,12038.0921373922,7221367422.4903,582321.875436496,202111102340
666,28754,1147,27,8823,Mars Hill,"",1300.01133401337,13000.1133401337,2532637146.55933,336365.654274913,202111102340
667,28756,550,4,4770,Mill Spring,"",1153.03983228512,11530.3983228512,2319967191.40479,359387.276461913,202111102340
668,28759,981,7,7867,Mills River,"",1246.98106012457,12469.8106012457,710290580.507599,219074.688607406,202111102340
669,28761,1553,29,8493,Nebo,"",1828.56470034146,18285.6470034146,3254647047.74689,448908.605974669,202111102340
670,28762,1177,13,7603,Old Fort,"",1548.07312902802,15480.7312902802,2996741187.4848,387268.208256283,202111102340
671,28763,322,4,2864,Otto,"",1124.30167597765,11243.0167597765,1145043002.66425,202810.842815888,202111102340
672,28766,208,1,1526,Penrose,"",1363.04062909568,13630.4062909568,159626292.482056,88900.5625977206,202111102340
673,28768,867,3,7895,Pisgah Forest,"",1098.16339455352,10981.6339455352,2244655883.74216,321689.536597621,202111102340
674,28771,1288,28,8212,Robbinsville,"",1568.43643448612,15684.3643448612,9086438704.3884,732920.807564289,202111102340
675,28773,450,12,3508,Saluda,"",1282.78221208666,12827.8221208666,1396855034.24573,267712.497423626,202111102340
676,28775,48,2,493,Scaly Mountain,"",973.630831643002,9736.30831643002,456631744.06662,130336.94180952,202111102340
677,28777,1889,20,10391,Spruce Pine,"",1817.9193532865,18179.193532865,1968811938.32007,332780.684408785,202111102340
678,28778,1098,14,10803,Swannanoa,"",1016.38433768398,10163.8433768398,692162823.950317,188030.795128165,202111102340
679,28779,2299,48,17610,Sylva,"",1305.50823395798,13055.0823395798,3287520334.70795,472387.421611018,202111102340
680,28782,613,13,6512,Tryon,"",941.339066339066,9413.39066339066,1239852111.02036,390005.579825198,202111102340
681,28783,189,3,1905,Tuckasegee,"",992.125984251968,9921.25984251968,2507065764.50815,412465.098737654,202111102340
682,28785,796,6,8309,Waynesville,"",957.997352268624,9579.97352268624,4680111391.07288,434987.630089387,202111102340
683,28786,2532,55,21837,Waynesville,"",1159.49993130925,11594.9993130925,2130537927.5513,319219.020654079,202111102340
684,28787,2564,42,20681,Weaverville,"",1239.7853101881,12397.853101881,2146776657.76654,337936.038355962,202111102340
685,28789,634,7,6551,Whittier,"",967.791176919554,9677.91176919554,1731085189.80936,281392.474737519,202111102340
686,28790,465,6,3775,Zirconia,"",1231.7880794702,12317.880794702,1184634316.47168,272368.233599775,202111102340
687,28791,1785,35,15811,Hendersonville,"",1128.96085004111,11289.6085004111,466838231.125,123544.27336528,202111102340
688,28792,5179,90,37949,Hendersonville,"",1364.72634325015,13647.2634325015,2892120004.20319,483608.715059927,202111102340
689,28801,1433,26,16782,Asheville,"",853.891073769515,8538.91073769515,142991050.123962,66531.4000304091,202111102340
690,28803,3340,64,34731,Asheville,"",961.676888082693,9616.76888082693,1148499781.62708,221583.067984848,202111102340
691,28804,1994,24,23302,Asheville,"",855.720539009527,8557.20539009527,818376430.368896,216401.982596761,202111102340
692,28805,1632,34,20394,Asheville,"",800.23536334216,8002.3536334216,743578799.615234,203043.782551956,202111102340
693,28806,4780,67,43841,Asheville,"",1090.30359708948,10903.0359708948,1123591112.45288,297671.815966071,202111102340
694,28901,910,18,6039,Andrews,"",1506.87199867528,15068.7199867528,1881090750.42804,271571.032581688,202111102340
695,28902,175,1,1562,Brasstown,"",1120.35851472471,11203.5851472471,645585335.657318,162521.113458697,202111102340
696,28904,1353,33,9535,Hayesville,"",1418.98269533298,14189.8269533298,5317145252.91805,403950.005454209,202111102340
697,28905,561,8,3548,Marble,"",1581.17249154453,15811.7249154453,1058320723.96715,269002.244098821,202111102340
698,28906,2922,47,20296,Murphy,"",1439.69255025621,14396.9255025621,9849733400.34212,586826.324547444,202111102340
699,28909,130,4,1068,Warne,"",1217.22846441948,12172.2846441948,269492752.319427,107722.293423693,202111102340
700,27533,571,3,0,"","",,,18055719.4014893,15817.3715737294,202111102340
701,27340,9,1,34,Saxapahaw,"",2647.05882352941,26470.5882352941,694758.987792969,3852.87240074502,202111102340
702,27411,178,0,847,Greensboro,"",2101.53482880756,21015.3482880756,713742.998291016,5860.23208289576,202111102340
703,27412,58,0,1886,Greensboro,"",307.529162248144,3075.29162248144,4771290.83532715,13054.7888333439,202111102340
704,27498,,,13,Greensboro,Population <500 and Cases <5,,,3369264.12316895,7774.18760349114,202111102340
705,27599,24,0,0,Chapel Hill,"",,,4275416.30163574,15555.1510255833,202111102340
706,27706,,,10,Durham,Population <500 and Cases <5,,,1281872.18347168,6816.757693542,202111102340
707,27711,,,62,Durham,Population <500 and Cases <5,,,11690491.0200195,25227.7794868175,202111102340
708,27810,527,9,4224,Belhaven,"",1247.63257575758,12476.3257575758,5320714553.85889,863428.562860575,202111102340
709,27821,43,1,343,Edward,"",1253.6443148688,12536.443148688,180879118.265869,102716.617789089,202111102340
710,27824,150,0,1540,Engelhard,"",974.025974025974,9740.25974025974,5755622445.56714,766498.765242208,202111102340
711,27826,105,2,1245,Fairfield,"",843.373493975904,8433.73493975904,5502010014.61365,681909.128335756,202111102340
712,27841,9,1,84,Hassell,"",1071.42857142857,10714.2857142857,5972995.94189453,12505.2057352129,202111102340
713,27872,37,1,429,Roxobel,"",862.470862470862,8624.70862470862,78668396.3901367,60062.9164687203,202111102340
714,27875,75,3,511,Scranton,"",1467.71037181996,14677.1037181996,1462926064.75208,668994.049821798,202111102340
715,27881,6,0,323,Speed,"",185.758513931889,1857.58513931889,45624486.2655029,35379.3892263349,202111102340
716,27919,121,1,1211,Belvidere,"",999.174236168456,9991.74236168456,1805677755.21484,260299.205087965,202111102340
717,27920,141,0,1415,Buxton,"",996.466431095406,9964.66431095406,251417477.481567,169552.58818934,202111102340
718,27921,566,7,5366,Camden,"",1054.78941483414,10547.8941483414,2216306760.15601,371309.805402765,202111102340
719,27923,73,0,990,Coinjock,"",737.373737373737,7373.73737373737,442853112.258789,222994.427279021,202111102340
720,27936,60,1,961,Frisco,"",624.349635796046,6243.49635796046,134638106.065186,108288.074251882,202111102340
721,27939,326,6,3370,Grandy,"",967.359050445104,9673.59050445104,296874050.40332,237784.484514939,202111102340
722,27941,76,0,670,Harbinger,"",1134.32835820896,11343.2835820896,66348159.842041,42125.3614314887,202111102340
723,27943,32,0,491,Hatteras,"",651.73116089613,6517.3116089613,82146889.1915283,162150.406610954,202111102340
724,27947,89,1,845,Jarvisburg,"",1053.25443786982,10532.5443786982,181991023.044922,117825.87149715,202111102340
725,27953,137,0,992,Manns Harbor,"",1381.04838709677,13810.4838709677,4841742826.08521,775886.839802653,202111102340
726,27954,800,3,6405,Manteo,"",1249.02419984387,12490.2419984387,346159524.466309,171104.045001834,202111102340
727,27956,25,1,328,Maple,"",762.195121951219,7621.9512195122,91616147.3259277,62675.9008746753,202111102340
728,27960,124,0,899,Ocracoke,"",1379.31034482759,13793.1034482759,272996211.932129,221416.979930584,202111102340
729,27964,46,0,653,Point Harbor,"",704.441041347626,7044.41041347626,40700993.1791992,29044.1496807834,202111102340
730,27965,55,0,611,Poplar Branch,"",900.163666121113,9001.63666121113,362463348.010742,286670.577035681,202111102340
731,27972,8,0,196,Salvo,"",408.163265306122,4081.63265306122,25839959.5158691,77591.8753697891,202111102340
732,27973,159,0,1493,Shawboro,"",1064.9698593436,10649.698593436,1350823542.63281,279776.313560853,202111102340
733,27974,131,0,1375,Shiloh,"",952.727272727273,9527.27272727273,1282875105.52026,448552.234751615,202111102340
734,27978,16,0,221,Stumpy Point,"",723.981900452489,7239.81900452489,3250437066.68713,488663.160212976,202111102340
735,27980,319,6,2075,Tyner,"",1537.34939759036,15373.4939759036,1319096560.03711,208839.628959427,202111102340
736,27981,236,1,1863,Wanchese,"",1266.77402039721,12667.7402039721,183167116.380371,177755.254740471,202111102340
737,28077,66,0,557,High Shoals,"",1184.91921005386,11849.1921005386,25098303.871521,27989.3633622467,202111102340
738,28101,114,2,465,Mc Adenville,"",2451.61290322581,24516.1290322581,12210373.4969482,19058.3264759027,202111102340
739,28223,26,0,2941,Charlotte,"",88.4053043182591,884.053043182591,16745950.1914673,34959.7943637767,202111102340
740,28308,20,0,737,Pope Army Airfield,"",271.370420624152,2713.70420624152,90374263.7665405,45243.1542141805,202111102340
741,28375,29,0,155,Proctorville,"",1870.96774193548,18709.6774193548,16154829.5779114,21293.1141646593,202111102340
742,28519,82,2,328,Bridgeton,"",2500,25000,3782179.40026855,11964.2990373982,202111102340
743,28520,31,1,352,Cedar Island,"",880.681818181818,8806.81818181818,633116579.775757,427477.052966737,202111102340
744,28524,44,1,443,Davis,"",993.227990970655,9932.27990970655,547256692.822876,860357.358716607,202111102340
745,28527,205,2,905,Ernul,"",2265.19337016575,22651.9337016575,1145978492.04919,209684.397786102,202111102340
746,28528,61,0,640,Gloucester,"",953.125,9531.25,74196560.923584,79933.9347539672,202111102340
747,28533,176,0,0,Cherry Point,"",,,253735788.170532,192645.367219711,202111102340
748,28537,19,0,186,Hobucken,"",1021.50537634409,10215.0537634409,891999129.25647,352204.851723086,202111102340
749,28544,754,9,5607,Midway Park,"",1344.74763688247,13447.4763688247,155759986.503357,92182.0384683424,202111102340
750,28545,210,0,4010,Mccutcheon Field,"",523.690773067332,5236.90773067332,145247654.855835,101700.276162633,202111102340
751,28552,12,0,131,Lowland,"",916.030534351145,9160.30534351145,211084218.553589,104037.967496467,202111102340
752,28556,92,4,1150,Merritt,"",800,8000,1139666751.30212,394317.853497314,202111102340
753,28561,54,1,0,New Bern,"",,,195198.709350586,2618.49962886206,202111102340
754,28579,60,0,798,Smyrna,"",751.87969924812,7518.7969924812,633080494.557556,233023.142000653,202111102340
755,28581,22,1,224,Stacy,"",982.142857142857,9821.42857142857,2404669972.88318,703346.462367876,202111102340
756,28583,22,1,0,Stonewall,"",,,596710.740722656,3607.20989795631,202111102340
757,28587,47,1,324,Vandemere,"",1450.61728395062,14506.1728395062,250612018.426636,182903.197478108,202111102340
758,28611,110,1,978,Collettsville,"",1124.74437627812,11247.4437627812,2483135872.03735,419111.187381629,202111102340
759,28629,21,0,63,Glendale Springs,"",3333.33333333333,33333.3333333333,18113919.8492432,19773.9407564207,202111102340
760,28646,105,1,463,Linville,"",2267.81857451404,22678.1857451404,440709602.757813,156576.175660301,202111102340
761,28663,88,0,715,Piney Creek,"",1230.76923076923,12307.6923076923,577849850.650269,137228.322788793,202111102340
762,28667,73,2,105,Rhodhiss,"",6952.38095238095,69523.8095238095,1309548.80932617,6065.66147149414,202111102340
763,28672,8,0,35,Scottville,"",2285.71428571429,22857.1428571429,62555584.7313232,47932.7256464108,202111102340
764,28698,212,1,1844,Zionville,"",1149.67462039046,11496.7462039046,762471326.925049,227334.653867247,202111102340
765,28708,70,1,1340,Balsam Grove,"",522.388059701492,5223.88059701493,795626278.709686,241272.033803255,202111102340
766,28709,229,2,2308,Barnardsville,"",992.201039861352,9922.01039861352,1635213770.4093,231197.383485249,202111102340
767,28717,244,5,1471,Cashiers,"",1658.73555404487,16587.3555404487,1160000231.10587,300525.403558473,202111102340
768,28720,10,0,35,Chimney Rock,"",2857.14285714286,28571.4285714286,47877696.5422974,47768.4833790312,202111102340
769,28725,50,1,36,Dillsboro,"",,,1395548.49920654,7541.63511359509,202111102340
770,28733,12,0,200,Fontana Dam,"",600,6000,498075903.916718,200917.740964481,202111102340
771,28735,15,0,294,Gerton,"",510.204081632653,5102.04081632653,137680777.623108,92735.3834552802,202111102340
772,28743,252,6,2422,Hot Springs,"",1040.46242774566,10404.6242774566,2855463957.34918,351331.648547095,202111102340
773,28749,11,0,0,Little Switzerland,"",,,1713987.45050049,8852.52475284555,202111102340
774,28757,68,0,0,Montreat,"",,,129672.114624023,2617.87913210505,202111102340
775,28772,237,2,1942,Rosman,"",1220.39134912461,12203.9134912461,577124059.134399,256613.212684218,202111102340
776,28774,134,3,1569,Sapphire,"",854.047163798598,8540.47163798598,1130246511.80005,224488.61951138,202111102340
777,28781,101,0,957,Topton,"",1055.38140020899,10553.8140020899,2402982140.90009,297913.620657844,202111102340
778,27969,6,0,0,Roduco,"",,,724387.010986328,3958.82496624679,202111102340
779,28253,,,0,Charlotte,Population <500 and Cases <5,,,133339.295837402,3050.2273713774,202111102340
780,28608,58,0,0,Boone,"",,,274774.708862305,3583.90419251761,202111102340
