OBJECTID,ZIPCode,Cases,Deaths,TotalPop,Place,Note,RatePer10K,RatePer100K,Shape__Area,Shape__Length,DataGatherTS
1,27006,3342,18,14872,Advance,"",2247.17590102205,22471.7590102206,1744189234.37061,355282.663136038,202202210940
2,27007,581,5,2136,Ararat,"",2720.03745318352,27200.3745318352,592499585.594238,195922.003442792,202202210940
3,27009,666,9,2937,Belews Creek,"",2267.62002042901,22676.2002042901,618093097.011353,191244.647442635,202202210940
4,27011,1509,14,5411,Boonville,"",2788.76362964332,27887.6362964332,1489580093.86462,316910.589814884,202202210940
5,27012,7082,77,28954,Clemmons,"",2445.94874628721,24459.4874628721,1176567385.86804,255774.303165276,202202210940
6,27013,1591,13,6495,Cleveland,"",2449.5765973826,24495.765973826,2066336247.98627,379169.285246239,202202210940
7,27014,259,6,957,Cooleemee,"",2706.37408568443,27063.7408568443,21479098.032959,22299.1178929161,202202210940
8,27016,500,7,1682,Danbury,"",2972.65160523187,29726.5160523187,1068209590.0686,211061.413302457,202202210940
9,27017,2724,30,9499,Dobson,"",2867.67028108222,28676.7028108222,2962951682.04883,566348.974052303,202202210940
10,27018,1988,14,8221,East Bend,"",2418.19729959859,24181.9729959859,2331567909.96985,255811.974556888,202202210940
11,27019,839,6,4234,Germanton,"",1981.57770429854,19815.7770429854,977414017.819214,270248.259734795,202202210940
12,27020,1643,11,6104,Hamptonville,"",2691.67758846658,26916.7758846658,2114111622.36755,316969.486887135,202202210940
13,27021,4541,74,17979,King,"",2525.72445631014,25257.2445631014,1469376476.14172,210392.900707099,202202210940
14,27022,295,4,1512,Lawsonville,"",1951.0582010582,19510.582010582,918745327.278442,200803.000966771,202202210940
15,27023,2758,12,12775,Lewisville,"",2158.90410958904,21589.0410958904,807172159.002075,183078.980128526,202202210940
16,27024,720,6,2683,Lowgap,"",2683.56317554976,26835.6317554976,1265827411.39758,278411.484773322,202202210940
17,27025,2458,37,11117,Madison,"",2211.02815507781,22110.2815507781,2714649364.33142,468723.596670607,202202210940
18,27027,879,19,4017,Mayodan,"",2188.2001493652,21882.001493652,548179131.574585,172371.363079245,202202210940
19,27028,7093,63,28039,Mocksville,"",2529.69078783124,25296.9078783124,5475621774.30664,567238.136149726,202202210940
20,27030,10452,185,37641,Mount Airy,"",2776.75938471348,27767.5938471348,4824085732.75671,624989.724929864,202202210940
21,27040,2703,17,13150,Pfafftown,"",2055.51330798479,20555.1330798479,763349953.536133,205025.773716105,202202210940
22,27041,1986,18,8020,Pilot Mountain,"",2476.30922693267,24763.0922693267,1629462738.40637,324677.141569035,202202210940
23,27042,153,3,720,Pine Hall,"",2125,21250,290758639.069458,113971.243586081,202202210940
24,27043,1529,15,6442,Pinnacle,"",2373.48649487737,23734.8649487737,1935795027.06067,395674.180712495,202202210940
25,27045,2586,21,9583,Rural Hall,"",2698.52864447459,26985.2864447459,666085549.25769,154538.589918543,202202210940
26,27046,409,6,1953,Sandy Ridge,"",2094.2140296979,20942.140296979,1237681699.0647,217125.573744555,202202210940
27,27047,304,2,1279,Siloam,"",2376.85691946833,23768.5691946833,576295820.815674,144984.839113672,202202210940
28,27048,1942,23,8902,Stoneville,"",2181.53223994608,21815.3223994608,2355000804.03674,325454.766660312,202202210940
29,27050,896,10,4084,Tobaccoville,"",2193.92752203722,21939.2752203722,703876500.567505,219088.1792708,202202210940
30,27051,1948,15,8287,Walkertown,"",2350.66972366357,23506.6972366357,524680317.775635,151066.808563308,202202210940
31,27052,2377,39,10061,Walnut Cove,"",2362.58821190737,23625.8821190737,2710320219.82117,403203.611044297,202202210940
32,27053,628,6,3156,Westfield,"",1989.86058301648,19898.6058301648,2152815477.55933,413464.446930883,202202210940
33,27054,706,11,2608,Woodleaf,"",2707.05521472393,27070.5521472393,778193820.583862,201172.963339102,202202210940
34,27055,4148,46,14521,Yadkinville,"",2856.55257902348,28565.5257902348,3115987965.39453,403366.492297811,202202210940
35,27101,4561,59,24321,Winston Salem,"",1875.33407343448,18753.3407343448,356085731.400146,162957.922513792,202202210940
36,27103,8016,68,36071,Winston Salem,"",2222.2838291148,22222.838291148,527249856.672729,146399.561156354,202202210940
37,27104,6403,54,29383,Winston Salem,"",2179.15120988327,21791.5120988327,337669863.683838,130394.134288752,202202210940
38,27105,10077,70,40186,Winston Salem,"",2507.58970785846,25075.8970785846,950547784.577881,208375.813794777,202202210940
39,27106,10468,86,51378,Winston Salem,"",2037.44793491378,20374.4793491378,787324720.967285,203893.681115083,202202210940
40,27107,12239,97,52432,Winston Salem,"",2334.26151968264,23342.6151968264,1859279716.41162,319111.813640457,202202210940
41,27127,9707,47,38510,Winston Salem,"",2520.6439885744,25206.439885744,820319160.873047,213438.375685158,202202210940
42,27157,229,1,5,Winston Salem,"",,,827769.094482422,4216.57245655308,202202210940
43,27203,6052,64,21876,Asheboro,"",2766.50210276102,27665.0210276102,589408161.410522,188062.356665824,202202210940
44,27205,8282,67,34549,Asheboro,"",2397.17502677357,23971.7502677357,6255653514.79199,588011.232518038,202202210940
45,27207,792,3,3806,Bear Creek,"",2080.92485549133,20809.2485549133,2300194678.82397,473699.237818466,202202210940
46,27208,379,4,1691,Bennett,"",2241.27735068007,22412.7735068007,1029479783.1405,215638.108979383,202202210940
47,27209,1349,45,4151,Biscoe,"",3249.81932064563,32498.1932064563,1198089302.20734,259108.004034657,202202210940
48,27212,577,1,1600,Blanch,"",3606.25,36062.5,1328181375.12305,277007.399750669,202202210940
49,27214,2601,21,11747,Browns Summit,"",2214.18234442837,22141.8234442836,1414533235.94788,324969.09283087,202202210940
50,27215,11358,110,44892,Burlington,"",2530.07217321572,25300.7217321572,1827823774.30115,298200.358945539,202202210940
51,27217,11666,140,39111,Burlington,"",2982.7925647516,29827.925647516,3473433663.33496,513818.514768521,202202210940
52,27229,1157,22,4014,Candor,"",2882.4115595416,28824.115595416,2747739848.89313,367384.611313313,202202210940
53,27231,360,2,2048,Cedar Grove,"",1757.8125,17578.125,987771348.581177,209108.769362036,202202210940
54,27233,754,8,3647,Climax,"",2067.45270085001,20674.5270085001,703252829.253662,187154.002103637,202202210940
55,27235,945,16,4575,Colfax,"",2065.5737704918,20655.737704918,380654027.583252,148521.339190304,202202210940
56,27239,2215,27,9629,Denton,"",2300.34271471596,23003.4271471596,4319759872.9696,429373.198159065,202202210940
57,27242,516,8,2668,Eagle Springs,"",1934.03298350825,19340.3298350825,1480408484.01825,321391.030328654,202202210940
58,27243,824,4,4665,Efland,"",1766.34512325831,17663.4512325831,1142332751.10315,311755.144165645,202202210940
59,27244,4712,32,16259,Elon,"",2898.08721323575,28980.8721323575,1541989025.453,399696.340130383,202202210940
60,27248,1042,9,4835,Franklinville,"",2155.11892450879,21551.1892450879,942909114.352783,215710.992817748,202202210940
61,27249,3006,26,13355,Gibsonville,"",2250.84238113066,22508.4238113066,1679803774.77087,397477.611919869,202202210940
62,27252,330,3,2264,Goldston,"",1457.59717314488,14575.9717314488,1142470673.17163,220926.147155477,202202210940
63,27253,8906,89,31464,Graham,"",2830.53648614289,28305.3648614289,2351372927.78931,521476.969804175,202202210940
64,27258,1761,12,7740,Haw River,"",2275.19379844961,22751.9379844961,473631125.268677,312686.877842212,202202210940
65,27260,5170,67,25696,High Point,"",2011.98630136986,20119.8630136986,348441568.963501,133229.878739789,202202210940
66,27262,4769,75,24764,High Point,"",1925.77935713132,19257.7935713132,368730084.700928,171087.864383377,202202210940
67,27263,4780,72,22320,High Point,"",2141.5770609319,21415.770609319,1121512604.52234,249658.228757679,202202210940
68,27265,10463,90,50038,High Point,"",2091.01083176786,20910.1083176786,1172957282.41284,307481.490778656,202202210940
69,27268,399,0,1695,High Point,"",2353.98230088496,23539.8230088496,2495618.64758301,8251.66869064816,202202210940
70,27278,4822,29,27181,Hillsborough,"",1774.03333210699,17740.3333210699,2885765742.02771,502574.675043234,202202210940
71,27281,693,7,3710,Jackson Springs,"",1867.92452830189,18679.2452830189,2095606802.2608,479969.724586593,202202210940
72,27282,3237,33,16597,Jamestown,"",1950.35247333856,19503.5247333856,404066994.873657,168803.970950205,202202210940
73,27283,651,5,2982,Julian,"",2183.0985915493,21830.985915493,711286368.914917,161239.518798817,202202210940
74,27284,12918,137,56201,Kernersville,"",2298.53561324532,22985.3561324532,2233069317.10205,420748.080109326,202202210940
75,27288,5907,84,23585,Eden,"",2504.55798176807,25045.5798176807,1951079100.05676,304615.616752016,202202210940
76,27291,310,1,1538,Leasburg,"",2015.60468140442,20156.0468140442,1492904663.44434,314720.3653191,202202210940
77,27292,10333,84,41465,Lexington,"",2491.98118895454,24919.8118895454,4270233445.18579,407599.915340798,202202210940
78,27295,10624,92,39191,Lexington,"",2710.82646525988,27108.2646525988,3631502180.53174,466742.919509857,202202210940
79,27298,2342,18,10440,Liberty,"",2243.29501915709,22432.9501915709,2639148530.03284,431527.987760386,202202210940
80,27299,1565,12,5254,Linwood,"",2978.68290826037,29786.8290826037,822543412.257813,203597.604040364,202202210940
81,27301,2525,26,10019,Mc Leansville,"",2520.21159796387,25202.1159796387,900133716.655151,287107.537324028,202202210940
82,27302,7670,35,32302,Mebane,"",2374.46597733886,23744.6597733886,3198656461.27478,644303.594275321,202202210940
83,27305,323,1,1585,Milton,"",2037.85488958991,20378.5488958991,687167820.539429,263836.485514183,202202210940
84,27306,1607,24,5945,Mount Gilead,"",2703.11185870479,27031.1185870479,5305900334.83325,426306.558627535,202202210940
85,27310,1662,5,8562,Oak Ridge,"",1941.13524877365,19411.3524877365,526240082.103149,140986.043049622,202202210940
86,27311,755,6,3220,Pelham,"",2344.72049689441,23447.2049689441,1338371966.32642,293760.993606137,202202210940
87,27312,3270,31,22205,Pittsboro,"",1472.64129700518,14726.4129700518,5005768374.64233,617961.777569282,202202210940
88,27313,1386,32,7288,Pleasant Garden,"",1901.75631174533,19017.5631174533,760352714.59021,181619.740165306,202202210940
89,27314,197,1,1138,Prospect Hill,"",1731.1072056239,17311.072056239,773578280.842896,162162.976448062,202202210940
90,27315,345,1,2140,Providence,"",1612.14953271028,16121.4953271028,697810511.310425,179457.95829655,202202210940
91,27316,1645,20,7156,Ramseur,"",2298.7702627166,22987.702627166,1975410509.03577,278228.393914437,202202210940
92,27317,4420,45,17851,Randleman,"",2476.05176180606,24760.5176180606,1700826686.43616,339539.515262609,202202210940
93,27320,8874,77,38894,Reidsville,"",2281.58584871703,22815.8584871703,6966725984.64832,658218.836963247,202202210940
94,27325,1679,20,7676,Robbins,"",2187.33715476811,21873.3715476811,2401051783.47894,409075.895347678,202202210940
95,27326,843,4,3692,Ruffin,"",2283.31527627302,22833.1527627302,1884156536.74561,359587.547530237,202202210940
96,27330,10125,83,39529,Sanford,"",2561.41060993195,25614.1060993195,6011213414.18433,528161.840140258,202202210940
97,27332,7610,55,33549,Sanford,"",2268.32394408179,22683.2394408179,2996782209.29614,417113.1648361,202202210940
98,27341,1218,8,5820,Seagrove,"",2092.78350515464,20927.8350515464,2678433259.4787,311632.157547413,202202210940
99,27343,287,0,1840,Semora,"",1559.78260869565,15597.8260869565,1390260353.39624,348769.311430722,202202210940
100,27344,4406,41,19290,Siler City,"",2284.08501814412,22840.8501814412,4591228058.44531,607903.308882545,202202210940
101,27349,1530,8,5850,Snow Camp,"",2615.38461538462,26153.8461538462,1831279532.651,381750.490582419,202202210940
102,27350,1567,18,7508,Sophia,"",2087.10708577517,20871.0708577517,1066449848.573,204602.636460839,202202210940
103,27355,588,3,3196,Staley,"",1839.79974968711,18397.9974968711,1016358702.6969,245160.332752788,202202210940
104,27356,728,9,3513,Star,"",2072.30287503558,20723.0287503558,1815293543.21783,348288.379855761,202202210940
105,27357,2252,30,8325,Stokesdale,"",2705.1051051051,27051.0510510511,1273124268.28796,223115.118835702,202202210940
106,27358,2703,13,15960,Summerfield,"",1693.60902255639,16936.0902255639,1557557662.14905,323017.176053331,202202210940
107,27360,11549,126,48331,Thomasville,"",2389.56363410647,23895.6363410647,2458732404.91687,372395.85217249,202202210940
108,27370,3711,59,14622,Trinity,"",2537.95650389824,25379.5650389824,1663817222.16028,344702.900725307,202202210940
109,27371,1948,23,7778,Troy,"",2504.49987143224,25044.9987143224,4076136455.00793,473833.643450898,202202210940
110,27376,2194,26,9884,West End,"",2219.74908943747,22197.4908943747,1781050002.06519,320932.333330313,202202210940
111,27377,2615,15,9597,Whitsett,"",2724.80983640721,27248.0983640721,736936774.92627,183024.518653502,202202210940
112,27379,1298,25,6057,Yanceyville,"",2142.97507016675,21429.7507016675,2663338769.75159,422550.665080929,202202210940
113,27401,4517,45,20221,Greensboro,"",2233.81632955838,22338.1632955838,171748092.127686,100334.769337553,202202210940
114,27403,3462,27,21278,Greensboro,"",1627.03261584735,16270.3261584735,159396286.028687,87465.254538865,202202210940
115,27405,11755,89,52510,Greensboro,"",2238.62121500667,22386.2121500667,886695637.391357,284328.52642169,202202210940
116,27406,13437,154,60755,Greensboro,"",2211.66982141388,22116.6982141388,1894160074.00403,327705.317343954,202202210940
117,27407,10398,98,49837,Greensboro,"",2086.40166944238,20864.0166944238,840498790.451172,227731.576408349,202202210940
118,27408,3029,9,17406,Greensboro,"",1740.20452717454,17402.0452717454,221403500.549561,80148.1616765213,202202210940
119,27409,3728,24,17953,Greensboro,"",2076.53316994374,20765.3316994374,603872824.646484,239783.02449594,202202210940
120,27410,9687,73,56968,Greensboro,"",1700.42831063053,17004.2831063053,859363574.914917,272309.563854046,202202210940
121,27455,5765,84,29197,Greensboro,"",1974.51792992431,19745.1792992431,816075696.678345,198282.860420202,202202210940
122,27501,5765,33,21338,Angier,"",2701.75274158778,27017.5274158778,1683348454.90833,329143.189780915,202202210940
123,27502,9003,17,43747,Apex,"",2057.96968935013,20579.6968935013,840126405.51062,242725.298081049,202202210940
124,27503,646,1,7222,Bahama,"",894.489061201883,8944.89061201883,1054708975.44934,246183.053747647,202202210940
125,27504,5251,40,16320,Benson,"",3217.52450980392,32175.2450980392,2584462015.08862,486262.181304732,202202210940
126,27505,1634,18,7308,Broadway,"",2235.90585659551,22359.0585659551,1509842573.20557,320128.84050568,202202210940
127,27507,322,3,2053,Bullock,"",1568.43643448612,15684.3643448612,1354883649.98218,266873.357504052,202202210940
128,27508,645,1,2340,Bunn,"",2756.41025641026,27564.1025641026,312599782.273071,114289.902416244,202202210940
129,27509,2901,43,6935,Butner,"",4183.1290555155,41831.290555155,507253453.414795,156294.942704551,202202210940
130,27510,2271,8,14543,Carrboro,"",1561.57601595269,15615.7601595269,88705554.5671387,57867.6032694508,202202210940
131,27511,6284,32,34041,Cary,"",1846.00922417085,18460.0922417085,333520579.048462,98702.6527265332,202202210940
132,27513,8024,31,49003,Cary,"",1637.45076832031,16374.5076832031,474399121.186279,162336.294574525,202202210940
133,27514,5431,24,32847,Chapel Hill,"",1653.42344810789,16534.2344810789,579057212.663452,190879.985276748,202202210940
134,27516,6336,20,44117,Chapel Hill,"",1436.18106398894,14361.8106398894,2564236091.9281,438904.079251582,202202210940
135,27517,3775,19,28831,Chapel Hill,"",1309.35451423815,13093.5451423815,1520140847.99951,299162.993678502,202202210940
136,27518,3910,22,22765,Cary,"",1717.54886887766,17175.4886887766,262665807.612671,130741.025823352,202202210940
137,27519,10025,13,59960,Cary,"",1671.94796531021,16719.4796531021,609072010.422363,166930.324843009,202202210940
138,27520,13004,92,43958,Clayton,"",2958.27835661313,29582.7835661313,1962402119.35425,374945.851452288,202202210940
139,27521,1762,16,7149,Coats,"",2464.68037487761,24646.8037487761,721041350.168091,174373.299688565,202202210940
140,27522,3240,11,13652,Creedmoor,"",2373.27864049224,23732.7864049224,2172960809.67273,361578.814896965,202202210940
141,27523,3237,2,12782,Apex,"",2532.46753246753,25324.6753246753,1210964088.06177,294058.887697932,202202210940
142,27524,3819,35,13532,Four Oaks,"",2822.19923145137,28221.9923145137,3831785222.9375,530912.577014992,202202210940
143,27525,5071,7,15534,Franklinton,"",3264.45216943479,32644.5216943479,2660281050.9928,421324.476104612,202202210940
144,27526,14582,71,54027,Fuquay Varina,"",2699.0208599404,26990.208599404,2787678657.25134,460586.982042285,202202210940
145,27527,8666,25,30234,Clayton,"",2866.30945293378,28663.0945293378,1261348608.45837,213730.175971786,202202210940
146,27529,14897,96,53854,Garner,"",2766.18264195789,27661.8264195789,1666161335.17407,336033.618547781,202202210940
147,27530,8396,118,40212,Goldsboro,"",2087.93395006466,20879.3395006466,2920081393.96802,465673.796837526,202202210940
148,27531,86,0,666,Goldsboro,"",1291.29129129129,12912.9129129129,123956304.007813,71472.4653387502,202202210940
149,27534,7127,105,31819,Goldsboro,"",2239.85668939942,22398.5668939942,1995982542.31616,394454.137280507,202202210940
150,27536,4574,56,16459,Henderson,"",2779.02667233732,27790.2667233732,359552678.037964,148817.062353839,202202210940
151,27537,5978,48,25321,Henderson,"",2360.88622092334,23608.8622092334,5545289733.50195,795404.906342347,202202210940
152,27539,5562,12,26567,Apex,"",2093.57473557421,20935.7473557421,805959451.628174,335082.894750928,202202210940
153,27540,10712,16,39075,Holly Springs,"",2741.39475367882,27413.9475367882,1299006108.57275,339054.617126206,202202210940
154,27541,842,3,4044,Hurdle Mills,"",2082.09693372898,20820.9693372898,1979862536.66309,328579.598479954,202202210940
155,27542,2339,27,10043,Kenly,"",2328.98536293936,23289.8536293936,2499059670.1123,366253.348192187,202202210940
156,27544,971,6,4291,Kittrell,"",2262.87578652995,22628.7578652995,1645813165.28467,322022.503716068,202202210940
157,27545,9703,49,30327,Knightdale,"",3199.45922775085,31994.5922775085,885541868.759766,219250.012614228,202202210940
158,27546,5792,96,22436,Lillington,"",2581.56534141558,25815.6534141558,3433026188.83105,510775.88711738,202202210940
159,27549,6447,40,25224,Louisburg,"",2555.89914367269,25558.9914367269,6636124442.18066,817297.028533168,202202210940
160,27551,345,3,2205,Macon,"",1564.62585034014,15646.2585034014,2443966870.98499,402849.299843211,202202210940
161,27553,747,1,2030,Manson,"",3679.80295566502,36798.0295566502,1245206626.07959,217969.561788749,202202210940
162,27556,51,0,298,Middleburg,"",1711.40939597315,17114.0939597315,67850312.0914307,63490.7222823736,202202210940
163,27557,2354,17,9214,Middlesex,"",2554.80790102019,25548.0790102019,2046463550.40088,338861.342265205,202202210940
164,27559,412,1,2874,Moncure,"",1433.54210160056,14335.4210160056,1458825370.29968,366837.077035256,202202210940
165,27560,6542,17,33691,Morrisville,"",1941.7648630198,19417.648630198,794384947.373291,268297.11970144,202202210940
166,27562,918,1,2791,New Hill,"",3289.14367610176,32891.4367610176,1862081556.93738,349507.762295745,202202210940
167,27563,1068,11,5312,Norlina,"",2010.5421686747,20105.421686747,1943381370.69177,412640.540954252,202202210940
168,27565,5760,59,26057,Oxford,"",2210.53843496949,22105.3843496949,9219811779.9552,826827.222809143,202202210940
169,27569,2274,16,8984,Princeton,"",2531.16651825467,25311.6651825467,2107084820.73511,313917.550563748,202202210940
170,27571,2640,3,7385,Rolesville,"",3574.81381178064,35748.1381178064,149121249.193359,94251.9264704589,202202210940
171,27572,1262,6,7316,Rougemont,"",1724.98633132859,17249.8633132859,3003228111.9873,397658.617230022,202202210940
172,27573,2967,61,11561,Roxboro,"",2566.38699074475,25663.8699074475,501787874.430542,219611.309648668,202202210940
173,27574,3040,24,15232,Roxboro,"",1995.79831932773,19957.9831932773,5527133817.3114,691755.452465681,202202210940
174,27576,5007,40,20197,Selma,"",2479.08105164133,24790.8105164133,2407427117.65723,339571.106645256,202202210940
175,27577,7878,74,25214,Smithfield,"",3124.45466804156,31244.5466804156,2877290650.99841,416726.966278934,202202210940
176,27581,872,2,3956,Stem,"",2204.24671385238,22042.4671385238,1038615853.81189,246789.101888964,202202210940
177,27583,1660,12,7012,Timberlake,"",2367.37022247576,23673.7022247576,1327957318.65857,326956.719649922,202202210940
178,27587,22565,70,74087,Wake Forest,"",3045.74351775615,30457.4351775615,3132804734.81897,700749.84181148,202202210940
179,27589,1780,17,8312,Warrenton,"",2141.48219441771,21414.8219441771,4790731000.68542,626837.217934377,202202210940
180,27591,7768,39,23448,Wendell,"",3312.86250426476,33128.6250426476,1913446220.02844,380727.392057269,202202210940
181,27592,4638,18,17368,Willow Spring,"",2670.42837402119,26704.2837402119,1090932847.86865,312475.180771682,202202210940
182,27596,5770,9,18655,Youngsville,"",3093.00455641919,30930.0455641919,1519151285.28821,344366.073155402,202202210940
183,27597,9022,33,25494,Zebulon,"",3538.87189142543,35388.7189142543,3191967656.80884,568385.679042478,202202210940
184,27601,2773,8,12139,Raleigh,"",2284.37268308757,22843.7268308757,49970514.2080078,41226.7428180514,202202210940
185,27603,14592,54,55479,Raleigh,"",2630.18439409506,26301.8439409506,1420350588.63403,346107.072534997,202202210940
186,27604,12203,60,47645,Raleigh,"",2561.23412740057,25612.3412740057,550434833.049927,194088.121184431,202202210940
187,27605,1474,19,5253,Raleigh,"",2806.01561012755,28060.1561012755,26954475.7900391,26465.2700663817,202202210940
188,27606,10536,16,47938,Raleigh,"",2197.83887521382,21978.3887521382,750229681.939209,267151.497057326,202202210940
189,27607,5505,13,30296,Raleigh,"",1817.07156060206,18170.7156060206,519162282.902344,200611.380547666,202202210940
190,27608,2693,3,11603,Raleigh,"",2320.95147806602,23209.5147806602,91889809.9622803,55583.7467967219,202202210940
191,27609,9020,34,38631,Raleigh,"",2334.91237607103,23349.1237607103,310136046.756592,95880.1630267631,202202210940
192,27610,24086,120,74203,Raleigh,"",3245.96040591351,32459.6040591351,1211166911.84558,327751.489063643,202202210940
193,27612,8896,44,39208,Raleigh,"",2268.92470924301,22689.2470924301,428868509.332275,164483.082879678,202202210940
194,27613,9714,17,46521,Raleigh,"",2088.08925001612,20880.8925001612,675406849.409912,184431.643996557,202202210940
195,27614,8342,27,37689,Raleigh,"",2213.37790867362,22133.7790867362,829063194.918701,218912.319813944,202202210940
196,27615,9852,57,46038,Raleigh,"",2139.97132803336,21399.7132803336,525952454.993774,134192.839940925,202202210940
197,27616,16885,46,55260,Raleigh,"",3055.55555555556,30555.5555555556,646426991.218628,201092.505637391,202202210940
198,27617,4651,3,19511,Raleigh,"",2383.78350673979,23837.8350673979,230483847.672241,125016.743498848,202202210940
199,27701,5654,22,26489,Durham,"",2134.47091245423,21344.7091245423,147212202.097778,89264.6755119976,202202210940
200,27703,14465,46,61351,Durham,"",2357.74478003619,23577.4478003619,1376809528.09961,349864.156739062,202202210940
201,27704,10428,46,39369,Durham,"",2648.7845766974,26487.845766974,1307759376.10449,279407.953507315,202202210940
202,27705,9509,89,48078,Durham,"",1977.82769665959,19778.2769665959,1155101566.94189,288440.086812307,202202210940
203,27707,9790,22,47036,Durham,"",2081.38447146866,20813.8447146866,551326002.510864,228660.826032165,202202210940
204,27708,669,0,4635,Durham,"",1443.36569579288,14433.6569579288,24140532.868042,39624.2440738689,202202210940
205,27709,502,0,4,Durham,"",,,166810196.870483,93465.8554704914,202202210940
206,27710,20,0,0,Durham,"",,,3645590.83996582,9509.2112718363,202202210940
207,27712,4239,36,22055,Durham,"",1922.01314894582,19220.1314894582,952678558.948486,239427.124284806,202202210940
208,27713,9905,34,53996,Durham,"",1834.39514038077,18343.9514038077,1004016276.63342,186930.768828538,202202210940
209,27801,4998,34,21556,Rocky Mount,"",2318.6119873817,23186.119873817,1947625744.14368,298032.749540483,202202210940
210,27803,5051,47,22337,Rocky Mount,"",2261.27053767292,22612.7053767292,1209689022.16736,314786.382274833,202202210940
211,27804,7570,115,29160,Rocky Mount,"",2596.0219478738,25960.219478738,1207912397.80139,237805.719395059,202202210940
212,27805,591,5,3769,Aulander,"",1568.05518705227,15680.5518705227,3260348789.01416,427031.578041759,202202210940
213,27806,392,4,2441,Aurora,"",1605.89922163048,16058.9922163048,3806890944.80762,575449.481817414,202202210940
214,27807,2021,18,6940,Bailey,"",2912.10374639769,29121.0374639769,1393278091.89233,266050.599193056,202202210940
215,27808,512,7,2481,Bath,"",2063.68399838775,20636.8399838775,1375581489.5946,320371.987641635,202202210940
216,27809,1128,11,5254,Battleboro,"",2146.93566806243,21469.3566806243,2127311815.53979,418206.140952668,202202210940
217,27812,613,2,2951,Bethel,"",2077.26194510335,20772.6194510335,1796512894.90283,307599.92172387,202202210940
218,27813,192,1,687,Black Creek,"",2794.75982532751,27947.5982532751,17954681.8726807,21851.3845296183,202202210940
219,27814,333,4,1801,Blounts Creek,"",1848.97279289284,18489.7279289284,2084052221.88855,349050.345630614,202202210940
220,27816,575,4,2634,Castalia,"",2182.99164768413,21829.9164768413,1727056405.90051,269780.663460197,202202210940
221,27817,1918,14,7777,Chocowinity,"",2466.24662466247,24662.4662466247,3011254799.10022,441922.251479678,202202210940
222,27818,211,1,1269,Como,"",1662.72655634358,16627.2655634358,1775223218.97412,291672.91933713,202202210940
223,27820,502,8,3292,Conway,"",1524.90886998785,15249.0886998785,1787180209.86865,300570.413456991,202202210940
224,27822,2168,25,9119,Elm City,"",2377.45366816537,23774.5366816537,2421416079.34338,500329.938801195,202202210940
225,27823,1844,15,7812,Enfield,"",2360.47107014849,23604.7107014849,5279947738.18738,591795.38238411,202202210940
226,27827,63,0,99,Falkland,"",6363.63636363636,63636.3636363636,6818760.54968262,12365.1347191574,202202210940
227,27828,2413,11,9031,Farmville,"",2671.90787288229,26719.0787288229,1954373169.79175,304535.643741104,202202210940
228,27829,434,1,1872,Fountain,"",2318.37606837607,23183.7606837607,1242859232.87109,276952.810668189,202202210940
229,27830,883,13,4858,Fremont,"",1817.6204199259,18176.204199259,1661392631.86707,301522.072838785,202202210940
230,27831,839,13,3588,Garysburg,"",2338.35005574136,23383.5005574136,1733783751.73071,369102.732751728,202202210940
231,27832,734,10,2912,Gaston,"",2520.6043956044,25206.043956044,1029571544.94922,217897.088475999,202202210940
232,27834,16564,58,57505,Greenville,"",2880.44517868012,28804.4517868012,5082356628.8689,890421.476518531,202202210940
233,27837,1726,4,6506,Grimesland,"",2652.93575161389,26529.3575161389,1710764546.60681,462288.004070908,202202210940
234,27839,703,6,3702,Halifax,"",1898.9735278228,18989.735278228,3728459644.54443,454921.143892168,202202210940
235,27840,107,4,535,Hamilton,"",2000,20000,127567387.286499,59155.8177418193,202202210940
236,27842,167,1,1436,Henrico,"",1162.95264623955,11629.5264623955,414285932.678223,116849.514846702,202202210940
237,27843,265,3,946,Hobgood,"",2801.26849894292,28012.6849894292,1458584246.23853,232329.162988765,202202210940
238,27844,841,8,3039,Hollister,"",2767.3576834485,27673.576834485,1251113401.94934,274076.283965929,202202210940
239,27845,374,12,2841,Jackson,"",1316.43787398803,13164.3787398803,2842001076.66528,416912.567186113,202202210940
240,27846,796,8,3069,Jamesville,"",2593.67872271098,25936.7872271098,3050744149.28796,442133.927899832,202202210940
241,27847,145,1,1071,Kelford,"",1353.87488328665,13538.7488328665,1048559305.60547,265580.578438826,202202210940
242,27849,281,3,1483,Lewiston Woodville,"",1894.80782198247,18948.0782198247,2062202839.65674,367759.436044124,202202210940
243,27850,1198,9,7413,Littleton,"",1616.07985970592,16160.7985970592,5554617534.52942,570792.398502674,202202210940
244,27851,1263,17,5595,Lucama,"",2257.3726541555,22573.726541555,1253082833.57764,200836.347936783,202202210940
245,27852,685,5,3454,Macclesfield,"",1983.20787492762,19832.0787492762,1418996205.83582,268041.951522527,202202210940
246,27853,85,2,436,Margarettsville,"",1949.54128440367,19495.4128440367,1061331085.73535,233986.055045062,202202210940
247,27855,1120,8,6105,Murfreesboro,"",1834.56183456183,18345.6183456183,1379257056.24951,246550.621363096,202202210940
248,27856,5012,49,17301,Nashville,"",2896.94237327322,28969.4237327322,3696764195.94336,508647.139191862,202202210940
249,27857,290,10,1601,Oak City,"",1811.36789506558,18113.6789506558,2180191629.70935,354763.313675516,202202210940
250,27858,15270,27,58170,Greenville,"",2625.0644662197,26250.644662197,1683129152.90881,395293.630437,202202210940
251,27860,481,6,2062,Pantego,"",2332.68671193017,23326.8671193016,4384086912.80859,475177.331131482,202202210940
252,27862,122,1,945,Pendleton,"",1291.00529100529,12910.0529100529,1337735767.81812,305131.144563485,202202210940
253,27863,2795,34,12670,Pikeville,"",2205.99842146803,22059.9842146803,1822358483.62146,414140.550515842,202202210940
254,27864,1247,9,4823,Pinetops,"",2585.5276798673,25855.276798673,1058515929.69434,223861.53375515,202202210940
255,27865,532,10,2003,Pinetown,"",2656.01597603595,26560.1597603595,3183419700.15735,407140.115990912,202202210940
256,27866,191,2,672,Pleasant Hill,"",2842.2619047619,28422.619047619,548856343.547363,183824.668332886,202202210940
257,27869,553,18,2167,Rich Square,"",2551.91508998616,25519.1508998616,2314340977.34839,283794.508144883,202202210940
258,27870,7485,98,26633,Roanoke Rapids,"",2810.42315923854,28104.2315923854,1958976214.39966,237465.130853914,202202210940
259,27871,1063,14,4466,Robersonville,"",2380.20600089566,23802.0600089566,2640265625.23401,370404.169208956,202202210940
260,27874,1018,15,4766,Scotland Neck,"",2135.96307175829,21359.6307175829,3988089594.78687,425091.541566969,202202210940
261,27876,261,4,1290,Seaboard,"",2023.25581395349,20232.5581395349,1161065802.28784,286123.221519332,202202210940
262,27880,843,2,3280,Sims,"",2570.12195121951,25701.2195121951,661768421.449585,178936.521495753,202202210940
263,27882,2150,16,7927,Spring Hope,"",2712.24927463101,27122.4927463101,2721376125.90833,404465.358087667,202202210940
264,27883,842,11,4361,Stantonsburg,"",1930.7498280211,19307.498280211,2149873597.18677,378850.12800901,202202210940
265,27884,377,1,1545,Stokes,"",2440.12944983819,24401.2944983819,1118165618.53992,178810.199825373,202202210940
266,27885,432,5,859,Swanquarter,"",5029.1036088475,50291.036088475,3236637890.30994,778832.459471454,202202210940
267,27886,5389,81,21595,Tarboro,"",2495.4850659875,24954.850659875,5534275751.92761,530150.851444627,202202210940
268,27888,644,2,2803,Walstonburg,"",2297.53835176597,22975.3835176597,1661899290.0293,260588.447365408,202202210940
269,27889,7723,96,27543,Washington,"",2803.97923247286,28039.7923247286,4746901259.41052,624948.845007957,202202210940
270,27890,607,21,2398,Weldon,"",2531.27606338616,25312.7606338616,250295126.203369,88214.5142201126,202202210940
271,27891,1191,12,5011,Whitakers,"",2376.77110357214,23767.7110357214,3802342458.24487,551887.618669608,202202210940
272,27892,3825,48,14363,Williamston,"",2663.09266866254,26630.9266866254,4740161664.64209,528153.604658044,202202210940
273,27893,10257,178,40647,Wilson,"",2523.43346372426,25234.3346372426,3134674028.43115,441390.734015219,202202210940
274,27896,5369,54,21212,Wilson,"",2531.11446351122,25311.1446351122,1013992738.34033,260787.736893696,202202210940
275,27897,293,2,2467,Woodland,"",1187.67734089988,11876.7734089988,1262848506.99878,250563.523857377,202202210940
276,27909,7620,110,40958,Elizabeth City,"",1860.44240441428,18604.4240441428,6356628470.42627,720925.199090357,202202210940
277,27910,2596,60,11609,Ahoskie,"",2236.19605478508,22361.9605478508,3854004911.8667,558805.248838311,202202210940
278,27915,162,1,758,Avon,"",2137.20316622691,21372.0316622691,132797325.68457,159985.858445685,202202210940
279,27916,173,1,554,Aydlett,"",3122.74368231047,31227.4368231047,175446906.710938,88834.9392660151,202202210940
280,27917,217,7,1084,Barco,"",2001.84501845018,20018.4501845018,583346697.773926,150643.300800981,202202210940
281,27922,172,4,1107,Cofield,"",1553.74887082204,15537.4887082204,1372106941.59424,230585.938382193,202202210940
282,27924,657,8,3509,Colerain,"",1872.32829866059,18723.2829866059,2545571117.46045,325068.518729582,202202210940
283,27925,923,8,4164,Columbia,"",2216.61863592699,22166.1863592699,9421043776.67224,822613.133571787,202202210940
284,27926,210,1,1965,Corapeake,"",1068.70229007634,10687.0229007634,1084179276.0813,176947.978129327,202202210940
285,27927,148,0,613,Corolla,"",2414.35562805873,24143.5562805873,685869287.21875,1266393.74615983,202202210940
286,27928,432,7,1888,Creswell,"",2288.13559322034,22881.3559322034,3736346955.86023,344143.792077435,202202210940
287,27929,254,2,1949,Currituck,"",1303.23242688558,13032.3242688558,352573124.774658,146317.944454099,202202210940
288,27932,3570,44,12644,Edenton,"",2823.47358430876,28234.7358430876,3509551689.6084,391797.495792958,202202210940
289,27935,277,3,1674,Eure,"",1654.7192353644,16547.192353644,1443577833.21069,213483.780281898,202202210940
290,27937,578,6,4253,Gates,"",1359.04067716906,13590.4067716906,2407949124.70361,290137.740864669,202202210940
291,27938,314,10,1430,Gatesville,"",2195.8041958042,21958.041958042,1202645918.03784,229961.178585235,202202210940
292,27942,134,2,936,Harrellsville,"",1431.62393162393,14316.2393162393,927451831.666504,150762.800286803,202202210940
293,27944,2365,13,12230,Hertford,"",1933.76941946034,19337.6941946034,5013940953.42065,828274.577378666,202202210940
294,27946,202,0,1089,Hobbsville,"",1854.91276400367,18549.1276400367,1234977495.96777,250163.996071758,202202210940
295,27948,2445,5,12518,Kill Devil Hills,"",1953.18741012941,19531.8741012941,288939959.776123,266090.270790261,202202210940
296,27949,1437,4,7235,Kitty Hawk,"",1986.17829993089,19861.7829993089,426732703.740967,296487.58160632,202202210940
297,27950,205,0,2183,Knotts Island,"",939.074667888227,9390.74667888227,1009906812.90234,393684.159837613,202202210940
298,27957,300,9,1419,Merry Hill,"",2114.16490486258,21141.6490486258,1345289022.66797,219570.3989813,202202210940
299,27958,2026,12,12061,Moyock,"",1679.79437857557,16797.9437857557,2191273226.67993,258895.732965411,202202210940
300,27959,598,1,2451,Nags Head,"",2439.82048143615,24398.2048143615,464337538.219238,468359.824712584,202202210940
301,27962,1788,28,7439,Plymouth,"",2403.54886409464,24035.4886409464,2248894843.11377,323982.42240407,202202210940
302,27966,211,0,1473,Powells Point,"",1432.45078071962,14324.5078071962,310362212.773438,140593.315765635,202202210940
303,27968,73,0,413,Rodanthe,"",1767.55447941889,17675.5447941889,255307311.38855,376970.397727618,202202210940
304,27970,719,12,3214,Roper,"",2237.08774113255,22370.8774113255,3979984913.95898,386215.845703473,202202210940
305,27976,590,2,3561,South Mills,"",1656.83796686324,16568.3796686324,2739484648.62012,348819.066033239,202202210940
306,27979,205,0,1813,Sunbury,"",1130.72255929399,11307.2255929399,2196378526.26221,272849.595585558,202202210940
307,27982,12,0,0,Waves,"",,,5381164.09509277,11228.317119066,202202210940
308,27983,2208,36,10633,Windsor,"",2076.55412395373,20765.5412395373,9431469996.22351,861662.756904588,202202210940
309,27986,289,4,2650,Winton,"",1090.56603773585,10905.6603773585,374234308.870117,153016.850399202,202202210940
310,28001,8369,160,28360,Albemarle,"",2950.98730606488,29509.8730606488,3791255242.38873,479491.354130006,202202210940
311,28006,318,3,1136,Alexis,"",2799.29577464789,27992.9577464789,126883649.701416,88485.0702727942,202202210940
312,28012,6706,46,24276,Belmont,"",2762.39907727797,27623.9907727797,865729022.118042,170607.84187697,202202210940
313,28016,3873,42,14526,Bessemer City,"",2666.253614209,26662.53614209,1271825919.55414,236943.686135101,202202210940
314,28018,1385,37,5943,Bostic,"",2330.47282517247,23304.7282517247,2694770404.83051,433562.153950885,202202210940
315,28020,658,8,2464,Casar,"",2670.45454545455,26704.5454545455,1475633951.64899,260515.821792163,202202210940
316,28021,3850,56,13436,Cherryville,"",2865.43614170884,28654.3614170884,1626380587.60425,391038.422631114,202202210940
317,28023,4055,50,14843,China Grove,"",2731.92750791619,27319.2750791619,1273875684.14087,277795.952246167,202202210940
318,28025,14261,129,55325,Concord,"",2577.67736104835,25776.7736104835,2992149162.05573,466210.816136512,202202210940
319,28027,17918,128,74072,Concord,"",2418.99773193649,24189.9773193649,1903468707.60345,332965.289746402,202202210940
320,28031,6601,34,31049,Cornelius,"",2125.99439595478,21259.9439595478,672168572.25116,151594.592125485,202202210940
321,28032,872,3,3249,Cramerton,"",2683.9027393044,26839.027393044,59161626.1264038,51515.5503878613,202202210940
322,28033,962,8,3362,Crouse,"",2861.39202855443,28613.9202855443,509703222.739563,189532.085619349,202202210940
323,28034,5720,58,17859,Dallas,"",3202.86690184221,32028.6690184221,1273410668.68243,215322.291269956,202202210940
324,28036,3998,21,18554,Davidson,"",2154.79141963997,21547.9141963997,669928559.48645,197029.79366816,202202210940
325,28037,6308,19,23834,Denver,"",2646.63925484602,26466.3925484602,1521729514.62848,312689.389421742,202202210940
326,28039,113,4,428,East Spencer,"",2640.18691588785,26401.8691588785,13759835.5942383,34526.6128305972,202202210940
327,28040,1871,28,8270,Ellenboro,"",2262.39419588875,22623.9419588875,1773879551.02985,348064.117544276,202202210940
328,28043,5518,136,21472,Forest City,"",2569.85842026826,25698.5842026826,1816346053.52002,348394.442075552,202202210940
329,28052,10431,155,36823,Gastonia,"",2832.74040681096,28327.4040681096,1165429048.27631,189783.469072904,202202210940
330,28054,11039,138,40184,Gastonia,"",2747.11327891698,27471.1327891698,562652947.772949,139549.083675328,202202210940
331,28056,9432,84,35595,Gastonia,"",2649.81036662453,26498.1036662453,1342394953.02258,344787.60681341,202202210940
332,28071,859,9,3198,Gold Hill,"",2686.05378361476,26860.5378361476,1345839018.92865,236923.074375116,202202210940
333,28073,1541,16,5606,Grover,"",2748.84052800571,27488.4052800571,702973243.533203,143952.911566798,202202210940
334,28075,4789,30,19174,Harrisburg,"",2497.65307186815,24976.5307186815,656107496.741638,238150.023406484,202202210940
335,28078,14977,86,66079,Huntersville,"",2266.52945716491,22665.2945716491,1870251820.14679,316647.648839996,202202210940
336,28079,10086,61,39813,Indian Trail,"",2533.34338030292,25333.4338030292,1221176124.08392,283660.370334182,202202210940
337,28080,2134,10,8157,Iron Station,"",2616.15790118916,26161.5790118916,1095921164.38501,240845.709042299,202202210940
338,28081,7382,71,28249,Kannapolis,"",2613.18984742823,26131.8984742823,862858421.935425,200259.108957382,202202210940
339,28083,6864,81,25877,Kannapolis,"",2652.54859527766,26525.4859527766,582493569.448059,145983.725103448,202202210940
340,28086,8169,85,26988,Kings Mountain,"",3026.90084481992,30269.0084481992,2467878462.36133,329807.139806484,202202210940
341,28088,933,8,3059,Landis,"",3050.01634521085,30500.1634521085,72787169.9580688,52885.3256566675,202202210940
342,28090,2068,34,8506,Lawndale,"",2431.22501763461,24312.2501763461,2661358061.4715,458218.963524001,202202210940
343,28091,537,5,2353,Lilesville,"",2282.19294517637,22821.9294517637,2694411423.45477,313074.926269122,202202210940
344,28092,11783,87,40052,Lincolnton,"",2941.92549685409,29419.2549685409,3216596915.74634,535483.341451104,202202210940
345,28097,2034,14,6124,Locust,"",3321.35858915741,33213.5858915741,836579136.406799,181830.474266294,202202210940
346,28098,1040,7,4010,Lowell,"",2593.51620947631,25935.1620947631,99103128.4535522,49283.194148661,202202210940
347,28103,2983,46,11346,Marshville,"",2629.12039485281,26291.2039485281,4253866560.83563,449440.107851782,202202210940
348,28104,7721,31,32469,Matthews,"",2377.96051618467,23779.6051618467,824578845.587585,325979.692599077,202202210940
349,28105,10048,91,45346,Matthews,"",2215.85145327041,22158.5145327041,668165195.784729,278013.840820393,202202210940
350,28107,2426,16,8210,Midland,"",2954.93300852619,29549.3300852619,1388640520.38739,250943.513182056,202202210940
351,28110,14810,139,55536,Monroe,"",2666.73869201959,26667.3869201959,3676478383.48267,422255.233862207,202202210940
352,28112,7662,90,28060,Monroe,"",2730.57733428368,27305.7733428368,3713382117.46545,318461.97727687,202202210940
353,28114,1932,18,9034,Mooresboro,"",2138.58755811379,21385.8755811379,1900066101.23077,346437.871140422,202202210940
354,28115,10537,87,41536,Mooresville,"",2536.83551617874,25368.3551617874,2057262512.61176,327151.756863337,202202210940
355,28117,11334,35,47608,Mooresville,"",2380.69232061838,23806.9232061838,1555969690.69189,234425.757349855,202202210940
356,28119,698,11,3034,Morven,"",2300.59327620303,23005.9327620303,1970357677.74512,298425.64822689,202202210940
357,28120,6261,67,24318,Mount Holly,"",2574.6360720454,25746.360720454,1001654680.08618,272689.093586748,202202210940
358,28124,1780,18,7015,Mount Pleasant,"",2537.41981468282,25374.1981468282,1620148303.23315,301866.136666845,202202210940
359,28125,622,5,2657,Mount Ulla,"",2340.98607452014,23409.8607452014,1169162879.13867,198953.955252748,202202210940
360,28127,2234,15,7631,New London,"",2927.53243349496,29275.3243349496,2159940152.89789,468250.659328753,202202210940
361,28128,2130,20,8098,Norwood,"",2630.27908125463,26302.7908125463,2054286113.35083,282114.674844028,202202210940
362,28129,1629,15,6031,Oakboro,"",2701.04460288509,27010.4460288509,1226619926.53345,219035.034364981,202202210940
363,28133,692,8,2713,Peachland,"",2550.68190195356,25506.8190195356,2384968915.9574,421295.337069002,202202210940
364,28134,2850,36,11817,Pineville,"",2411.77963950241,24117.7963950241,248618254.324951,88085.4538299006,202202210940
365,28135,1207,10,5968,Polkton,"",2022.45308310992,20224.5308310992,2916374106.84241,475980.429437205,202202210940
366,28137,835,7,3843,Richfield,"",2172.7816809784,21727.816809784,1223676252.05975,291589.496037827,202202210940
367,28138,2941,49,11659,Rockwell,"",2522.514795437,25225.14795437,1278406256.12445,357387.534646104,202202210940
368,28139,4836,136,20134,Rutherfordton,"",2401.90722161518,24019.0722161518,5078697342.95056,674832.691106947,202202210940
369,28144,7256,98,25846,Salisbury,"",2807.39766308133,28073.9766308133,867982991.287292,279505.654446658,202202210940
370,28146,8059,91,30382,Salisbury,"",2652.55743532355,26525.5743532355,3012969418.7887,452196.720325258,202202210940
371,28147,7801,122,26204,Salisbury,"",2977.02640818196,29770.2640818196,2146390330.37,312495.471896358,202202210940
372,28150,8144,122,29296,Shelby,"",2779.9016930639,27799.016930639,3159764942.52783,579453.815714685,202202210940
373,28152,6937,76,26078,Shelby,"",2660.09663317739,26600.9663317739,2247420971.2251,304211.560780764,202202210940
374,28159,962,29,3126,Spencer,"",3077.41522712732,30774.1522712732,51886096.1330566,42602.5220628392,202202210940
375,28160,1124,18,4015,Spindale,"",2799.50186799502,27995.0186799502,170326604.450989,70799.3749654705,202202210940
376,28163,1456,8,5814,Stanfield,"",2504.29996560028,25042.9996560028,970276414.142883,191731.821086023,202202210940
377,28164,4037,65,15447,Stanley,"",2613.45245031398,26134.5245031398,1144736813.58362,324856.854746788,202202210940
378,28166,2580,29,9868,Troutman,"",2614.51155249291,26145.1155249291,911716953.816406,217041.310552797,202202210940
379,28167,511,7,2418,Union Mills,"",2113.31679073615,21133.1679073615,1934997992.23633,347927.953502144,202202210940
380,28168,3021,26,10437,Vale,"",2894.50991664271,28945.0991664271,2469130589.68384,340004.345415379,202202210940
381,28170,3154,57,12494,Wadesboro,"",2524.41171762446,25244.1171762446,5053183842.2157,655726.472285972,202202210940
382,28173,14834,55,63837,Waxhaw,"",2323.73075175838,23237.3075175838,3045162637.21796,318858.064536165,202202210940
383,28174,2579,24,9287,Wingate,"",2777.0001076774,27770.001076774,985461754.807983,246986.820118662,202202210940
384,28202,4914,4,16755,Charlotte,"",2932.85586392122,29328.5586392122,50452583.9099121,34485.9053855683,202202210940
385,28203,4796,9,19070,Charlotte,"",2514.94493969586,25149.4493969586,91001089.479126,54761.2733662689,202202210940
386,28204,2398,10,8738,Charlotte,"",2744.33508812085,27443.3508812085,48899100.5548096,40761.7265321132,202202210940
387,28205,11458,92,51821,Charlotte,"",2211.07273113217,22110.7273113217,335820474.82135,104910.810677792,202202210940
388,28206,4083,22,15244,Charlotte,"",2678.43085804251,26784.3085804251,182577260.697876,71458.0502165389,202202210940
389,28207,1854,8,9761,Charlotte,"",1899.39555373425,18993.9555373425,68333859.7921753,36157.3958026362,202202210940
390,28208,11023,80,39944,Charlotte,"",2759.61345884238,27596.1345884238,595973347.5495,157267.598078636,202202210940
391,28209,5289,19,26012,Charlotte,"",2033.29232661848,20332.9232661848,157335764.525879,72359.4847682198,202202210940
392,28210,9640,54,44704,Charlotte,"",2156.40658554044,21564.0658554044,342547124.476257,112745.958411282,202202210940
393,28211,6232,80,31253,Charlotte,"",1994.04857133715,19940.4857133715,292827786.05603,102838.759144167,202202210940
394,28212,10547,57,42744,Charlotte,"",2467.48081602096,24674.8081602096,237710291.866211,96077.3791004252,202202210940
395,28213,12391,73,45338,Charlotte,"",2733.02748246504,27330.2748246504,412614569.613403,162252.089416931,202202210940
396,28214,11912,63,41208,Charlotte,"",2890.70083478936,28907.0083478936,965554836.030151,224926.880987092,202202210940
397,28215,16923,106,60256,Charlotte,"",2808.51699415826,28085.1699415826,782010510.903748,222976.412140326,202202210940
398,28216,15064,91,58744,Charlotte,"",2564.34699714013,25643.4699714013,857978895.941772,184761.316525276,202202210940
399,28217,7129,32,30875,Charlotte,"",2308.98785425101,23089.8785425101,428067925.271423,132462.900799897,202202210940
400,28226,7691,48,40227,Charlotte,"",1911.8999676834,19118.999676834,430471271.22644,131097.087702525,202202210940
401,28227,14507,95,57319,Charlotte,"",2530.92342853155,25309.2342853155,1173416755.00244,297066.255269002,202202210940
402,28262,11215,58,43683,Charlotte,"",2567.36030034567,25673.6030034567,593648477.600464,159979.41236041,202202210940
403,28269,19603,91,81464,Charlotte,"",2406.33899636649,24063.3899636649,840640266.840637,192155.045229048,202202210940
404,28270,6482,37,34753,Charlotte,"",1865.1627197652,18651.627197652,345778417.622314,161555.486865571,202202210940
405,28273,10812,61,40544,Charlotte,"",2666.73243883189,26667.3243883189,614626385.142517,192801.276498243,202202210940
406,28277,13983,45,72020,Charlotte,"",1941.54401555124,19415.4401555124,675381884.726379,144850.675101077,202202210940
407,28278,8119,26,32539,Charlotte,"",2495.15965456836,24951.5965456836,902762098.137573,246465.469761239,202202210940
408,28301,4603,89,17717,Fayetteville,"",2598.06965061805,25980.6965061805,348717238.9104,130217.445212828,202202210940
409,28303,6816,48,34600,Fayetteville,"",1969.94219653179,19699.4219653179,540160738.043701,179304.154504403,202202210940
410,28304,8400,42,39651,Fayetteville,"",2118.48377090111,21184.8377090111,491742944.185852,186465.416198877,202202210940
411,28305,1246,8,5010,Fayetteville,"",2487.02594810379,24870.2594810379,69895111.336731,49443.8950343603,202202210940
412,28306,10508,71,42565,Fayetteville,"",2468.69493715494,24686.9493715494,2090603260.31519,562860.488861908,202202210940
413,28307,2452,0,15486,Fort Bragg,"",1583.36562056051,15833.6562056051,174879596.356018,92732.9092032322,202202210940
414,28310,1645,0,8861,Fort Bragg,"",1856.44961065343,18564.4961065343,506286340.902344,200733.090413706,202202210940
415,28311,8567,50,36046,Fayetteville,"",2376.68534650169,23766.8534650169,1336136656.04889,240844.864072535,202202210940
416,28312,4586,53,18419,Fayetteville,"",2489.82029426136,24898.2029426136,4341373681.0871,556260.336471476,202202210940
417,28314,12992,62,53642,Fayetteville,"",2421.98277469147,24219.8277469147,816473670.87677,185615.29020179,202202210940
418,28315,3552,27,13329,Aberdeen,"",2664.86608147648,26648.6608147648,2049308469.85626,494397.056686911,202202210940
419,28318,1196,8,4579,Autryville,"",2611.92400087355,26119.2400087355,2217851356.83313,372935.466158955,202202210940
420,28320,2530,42,9381,Bladenboro,"",2696.94062466688,26969.4062466688,3248490168.58801,381864.201698899,202202210940
421,28323,1155,2,4578,Bunnlevel,"",2522.93577981651,25229.3577981651,1112191308.33496,301931.807656216,202202210940
422,28326,5388,26,22382,Cameron,"",2407.29157358592,24072.9157358592,3242119864.63824,488036.173063299,202202210940
423,28327,4730,52,18273,Carthage,"",2588.51857932469,25885.1857932469,5396542091.08795,586939.342565837,202202210940
424,28328,7804,78,26951,Clinton,"",2895.62539423398,28956.2539423398,6810728499.67102,657248.933701039,202202210940
425,28333,2528,36,10709,Dudley,"",2360.63124474741,23606.3124474741,1249687746.85376,213915.020571421,202202210940
426,28334,7686,81,26215,Dunn,"",2931.90921228304,29319.0921228304,4497238669.98419,544402.158241248,202202210940
427,28337,3030,38,11927,Elizabethtown,"",2540.45443112266,25404.5443112266,5069041872.41577,577770.225904477,202202210940
428,28338,1025,10,4804,Ellerbe,"",2133.63863447127,21336.3863447127,3935542448.08881,492508.044174153,202202210940
429,28339,1960,20,7226,Erwin,"",2712.4273456961,27124.273456961,1064553458.41333,310656.999787593,202202210940
430,28340,2717,50,10738,Fairmont,"",2530.26634382567,25302.6634382567,3757196814.59872,450516.228420329,202202210940
431,28341,1101,9,5080,Faison,"",2167.32283464567,21673.2283464567,2787115249.34564,421094.619116887,202202210940
432,28343,432,9,1567,Gibson,"",2756.8602425016,27568.602425016,458723474.164063,106909.663733147,202202210940
433,28344,943,8,3814,Godwin,"",2472.46984792868,24724.6984792868,1128755315.22852,269142.265002464,202202210940
434,28345,3519,55,12656,Hamlet,"",2780.49936788875,27804.9936788875,2126402412.95966,332606.523883072,202202210940
435,28347,419,1,1826,Hoffman,"",2294.63307776561,22946.3307776561,747268691.675964,194334.44204749,202202210940
436,28348,9169,61,36052,Hope Mills,"",2543.27083102186,25432.7083102186,1166315651.14276,329846.853315969,202202210940
437,28349,1247,19,3955,Kenansville,"",3152.97092288243,31529.7092288243,1959246504.78113,326624.538750416,202202210940
438,28350,71,0,70,Lakeview,"",,,7876659.25891113,11657.1581787366,202202210940
439,28351,1305,10,5269,Laurel Hill,"",2476.75080660467,24767.5080660467,1788599136.13666,386362.39437636,202202210940
440,28352,6998,96,25298,Laurinburg,"",2766.22657917622,27662.2657917622,3264782876.16284,438869.872406895,202202210940
441,28356,1359,8,4914,Linden,"",2765.56776556777,27655.6776556777,1497885580.84283,286294.988335977,202202210940
442,28357,699,5,3224,Lumber Bridge,"",2168.1141439206,21681.141439206,998095899.747498,200973.924425577,202202210940
443,28358,11402,155,38517,Lumberton,"",2960.25131760002,29602.5131760002,5499536726.32037,504386.80427759,202202210940
444,28360,4426,50,14944,Lumberton,"",2961.72376873662,29617.2376873662,1985862696.58282,363920.117329658,202202210940
445,28363,304,2,1079,Marston,"",2817.42354031511,28174.2354031511,1736455559.11224,383927.716730151,202202210940
446,28364,4262,55,15170,Maxton,"",2809.49241924852,28094.9241924852,3845135736.01221,464303.223304612,202202210940
447,28365,3469,68,17063,Mount Olive,"",2033.05397644025,20330.5397644025,5449867058.99634,617077.13642774,202202210940
448,28366,1484,16,5153,Newton Grove,"",2879.87580050456,28798.7580050456,2293381130.24042,414618.719505342,202202210940
449,28369,633,8,2241,Orrum,"",2824.63186077644,28246.3186077644,1800121585.61136,401393.305842192,202202210940
450,28371,1822,21,7085,Parkton,"",2571.63020465773,25716.3020465773,1005950088.08063,229991.086519014,202202210940
451,28372,4785,60,15254,Pembroke,"",3136.88212927757,31368.8212927757,1147770145.91595,255857.280522167,202202210940
452,28373,632,6,2552,Pinebluff,"",2476.48902821317,24764.8902821317,460329066.992676,140223.621385681,202202210940
453,28374,3605,66,18171,Pinehurst,"",1983.93043861097,19839.3043861097,609888351.153748,186776.563275303,202202210940
454,28376,11856,85,43831,Raeford,"",2704.93486345281,27049.3486345281,8255601209.37079,618028.253174215,202202210940
455,28377,3786,43,13036,Red Springs,"",2904.26511199755,29042.6511199755,2872865768.25568,446034.002241505,202202210940
456,28379,6937,112,25804,Rockingham,"",2688.34289257479,26883.428925748,4156662320.34821,486165.084209016,202202210940
457,28382,1847,22,8006,Roseboro,"",2307.0197351986,23070.197351986,3525739741.42773,652666.741452104,202202210940
458,28383,2216,28,7713,Rowland,"",2873.07143783223,28730.7143783223,2904453853.97415,460017.981876533,202202210940
459,28384,3342,32,12414,Saint Pauls,"",2692.12179797003,26921.2179797003,2850567240.80182,480450.415018018,202202210940
460,28385,866,5,3005,Salemburg,"",2881.86356073211,28818.6356073211,1040463355.97156,321938.125650219,202202210940
461,28386,2014,17,6068,Shannon,"",3319.05075807515,33190.5075807515,1134602512.8537,354913.796549299,202202210940
462,28387,3451,66,17139,Southern Pines,"",2013.53637901861,20135.3637901861,810260751.658813,181010.127281146,202202210940
463,28390,5155,31,23494,Spring Lake,"",2194.1772367413,21941.772367413,1630867413.08136,287302.836124698,202202210940
464,28391,1367,14,5326,Stedman,"",2566.6541494555,25666.541494555,1084470955.12604,202263.555324583,202202210940
465,28392,425,5,1554,Tar Heel,"",2734.87773487773,27348.7773487773,925384379.987671,187529.786563955,202202210940
466,28393,529,6,2160,Turkey,"",2449.07407407407,24490.7407407407,1437383838.7915,233550.655699493,202202210940
467,28394,1306,16,6094,Vass,"",2143.09156547424,21430.9156547424,1215312777.16113,300186.221923817,202202210940
468,28395,664,3,2657,Wade,"",2499.05908919834,24990.5908919834,1382105528.22943,246616.208913961,202202210940
469,28396,646,9,2679,Wagram,"",2411.3475177305,24113.475177305,1631714382.90094,330475.243709586,202202210940
470,28398,2351,36,7672,Warsaw,"",3064.38998957247,30643.8998957247,2739435952.33466,345606.723026117,202202210940
471,28399,505,4,1934,White Oak,"",2611.16856256463,26111.6856256463,2338498223.40869,308489.981388208,202202210940
472,28401,5289,78,24213,Wilmington,"",2184.36377152769,21843.6377152769,925590291.269562,302995.40520751,202202210940
473,28403,8951,40,41945,Wilmington,"",2133.98498033139,21339.8498033139,403456249.54361,135103.298695973,202202210940
474,28405,6878,48,33719,Wilmington,"",2039.79951955871,20397.9951955871,694443662.189972,212896.044608315,202202210940
475,28409,6447,33,34974,Wilmington,"",1843.36936009607,18433.6936009607,678530052.059952,626246.01836128,202202210940
476,28411,7532,53,38820,Wilmington,"",1940.23699124163,19402.3699124163,1477023573.08954,591854.549770877,202202210940
477,28412,8227,68,42977,Wilmington,"",1914.27973101892,19142.7973101892,635947452.301941,245813.217862995,202202210940
478,28420,1016,15,5116,Ash,"",1985.9265050821,19859.265050821,4030119174.4476,622951.504256467,202202210940
479,28421,323,4,2040,Atkinson,"",1583.33333333333,15833.3333333333,1701084244.28595,246250.995159076,202202210940
480,28422,1863,14,8682,Bolivia,"",2145.81893572909,21458.1893572909,2520456183.00197,406510.949073509,202202210940
481,28423,575,6,2285,Bolton,"",2516.4113785558,25164.113785558,4327886518.67657,560706.237916531,202202210940
482,28425,2978,32,12625,Burgaw,"",2358.81188118812,23588.1188118812,4872852970.19843,522799.098840263,202202210940
483,28428,1255,5,7142,Carolina Beach,"",1757.21086530384,17572.1086530384,153392950.326767,131890.839899376,202202210940
484,28429,2006,21,8542,Castle Hayne,"",2348.39616014985,23483.9616014985,1146009267.92944,244578.64538817,202202210940
485,28430,530,7,2055,Cerro Gordo,"",2579.07542579075,25790.7542579075,1294763521.80133,235369.368885516,202202210940
486,28431,1966,38,6741,Chadbourn,"",2916.48123423824,29164.8123423824,2019287633.59152,414968.282140325,202202210940
487,28432,629,5,1684,Clarendon,"",3735.15439429929,37351.5439429929,913029717.719559,381140.327621418,202202210940
488,28433,1211,13,5297,Clarkton,"",2286.19973569945,22861.9973569945,3257754219.81824,497145.128049415,202202210940
489,28434,239,4,1357,Council,"",1761.23802505527,17612.3802505527,2209417286.23001,262045.947095385,202202210940
490,28435,574,7,2931,Currie,"",1958.37598089389,19583.7598089389,2746865502.37314,418800.327512465,202202210940
491,28436,599,7,2312,Delco,"",2590.83044982699,25908.3044982699,1250613651.60083,304067.898737589,202202210940
492,28438,461,6,1688,Evergreen,"",2731.04265402844,27310.4265402844,1324758692.31961,354385.951020838,202202210940
493,28439,354,14,1536,Fair Bluff,"",2304.6875,23046.875,667490225.496307,213264.007900786,202202210940
494,28441,853,8,3328,Garland,"",2563.10096153846,25631.0096153846,3774857745.4223,555550.533903292,202202210940
495,28442,376,8,1734,Hallsboro,"",2168.3967704729,21683.967704729,1395074837.14975,336354.405393144,202202210940
496,28443,5514,33,22483,Hampstead,"",2452.51968153716,24525.1968153716,4337834719.99771,560208.032392266,202202210940
497,28444,525,3,2278,Harrells,"",2304.65320456541,23046.5320456541,3251010335.70935,548979.732892781,202202210940
498,28445,2192,21,8142,Holly Ridge,"",2692.21321542619,26922.1321542619,2835470197.40424,676482.174744673,202202210940
499,28447,248,0,1334,Ivanhoe,"",1859.07046476762,18590.7046476762,2755654733.91089,442226.920323366,202202210940
500,28448,197,2,1216,Kelly,"",1620.06578947368,16200.6578947368,2360585218.26868,400674.523076971,202202210940
501,28449,257,2,1958,Kure Beach,"",1312.56384065373,13125.6384065373,112229003.875305,80695.0045848031,202202210940
502,28450,566,12,2397,Lake Waccamaw,"",2361.28493950772,23612.8493950772,1482484363.39343,277199.450521116,202202210940
503,28451,8774,53,39194,Leland,"",2238.60795019646,22386.0795019646,5322314275.71591,771852.448618024,202202210940
504,28452,161,2,513,Longwood,"",3138.40155945419,31384.0155945419,201031402.998276,76626.878203892,202202210940
505,28453,1205,8,4137,Magnolia,"",2912.73869954073,29127.3869954073,2286467269.94287,428957.863476439,202202210940
506,28454,709,9,3549,Maple Hill,"",1997.74584389969,19977.4584389969,3064407818.25446,319144.850869928,202202210940
507,28455,503,6,1718,Nakina,"",2927.82305005821,29278.2305005821,1802269564.75485,339624.478895421,202202210940
508,28456,889,9,3566,Riegelwood,"",2492.98934380258,24929.8934380258,1872158645.14374,368901.622022321,202202210940
509,28457,2687,21,12840,Rocky Point,"",2092.67912772586,20926.7912772586,3397895880.78387,551931.996451502,202202210940
510,28458,1729,19,7018,Rose Hill,"",2463.66486178398,24636.6486178398,3025757032.09851,549753.327973728,202202210940
511,28460,2891,13,10588,Sneads Ferry,"",2730.4495655459,27304.495655459,868820245.916626,505270.66774661,202202210940
512,28461,3595,28,20575,Southport,"",1747.26609963548,17472.6609963548,2976816159.44659,699193.372938299,202202210940
513,28462,2823,28,14309,Supply,"",1972.88419875603,19728.8419875603,3173815797.17627,578042.071238935,202202210940
514,28463,2799,49,9865,Tabor City,"",2837.30359858084,28373.0359858084,3441446535.6745,489113.866817468,202202210940
515,28464,787,7,2491,Teachey,"",3159.37374548374,31593.7374548374,651873569.02948,216752.818849917,202202210940
516,28465,1277,12,8285,Oak Island,"",1541.33977066989,15413.3977066989,278142792.540329,260764.452809296,202202210940
517,28466,2802,52,10375,Wallace,"",2700.72289156626,27007.2289156627,4134830722.40503,646652.750223625,202202210940
518,28467,2041,28,11393,Calabash,"",1791.45089089792,17914.5089089792,478052225.035095,182374.085490172,202202210940
519,28468,815,5,5394,Sunset Beach,"",1510.93807934742,15109.3807934742,561581539.026329,281339.504069841,202202210940
520,28469,1548,25,7481,Ocean Isle Beach,"",2069.24207993584,20692.4207993584,718539224.77166,397460.188245043,202202210940
521,28470,2542,58,13446,Shallotte,"",1890.52506321583,18905.2506321583,1182514664.27979,362760.617388836,202202210940
522,28472,5322,93,20002,Whiteville,"",2660.73392660734,26607.3392660734,5336860792.21823,836470.753006454,202202210940
523,28478,1119,8,4976,Willard,"",2248.79421221865,22487.9421221865,3641064446.79327,420805.470689163,202202210940
524,28479,1508,18,4874,Winnabow,"",3093.96799343455,30939.6799343455,2117768058.25922,493774.783138491,202202210940
525,28480,556,0,2737,Wrightsville Beach,"",2031.42126415784,20314.2126415784,105606171.513519,198146.556810674,202202210940
526,28501,4683,59,19507,Kinston,"",2400.67668016609,24006.7668016609,2991635337.302,625626.150351651,202202210940
527,28504,5779,77,21016,Kinston,"",2749.80966882375,27498.0966882375,3402165916.96191,527051.926248192,202202210940
528,28508,604,11,2984,Albertson,"",2024.12868632708,20241.2868632708,979966062.858154,216402.11543394,202202210940
529,28510,232,0,1543,Arapahoe,"",1503.56448476993,15035.6448476993,492605022.366577,160146.449017413,202202210940
530,28511,83,0,628,Atlantic,"",1321.65605095541,13216.5605095541,664520864.566406,632922.312503469,202202210940
531,28512,550,8,3689,Atlantic Beach,"",1490.91894822445,14909.1894822445,159414908.561523,282548.210087653,202202210940
532,28513,2769,6,10825,Ayden,"",2557.96766743649,25579.6766743649,2611479123.85803,477095.460669019,202202210940
533,28515,604,3,3463,Bayboro,"",1744.15246895755,17441.5246895755,1758589825.68518,437586.784820445,202202210940
534,28516,2121,12,12482,Beaufort,"",1699.2469155584,16992.469155584,3384236686.76337,1001596.71803033,202202210940
535,28518,2486,33,8803,Beulaville,"",2824.03726002499,28240.3726002499,2702594658.36359,473932.945095065,202202210940
536,28521,619,12,2259,Chinquapin,"",2740.15050907481,27401.5050907481,984336924.154663,232445.955683395,202202210940
537,28523,576,3,2274,Cove City,"",2532.98153034301,25329.8153034301,2247611957.06177,297516.586083844,202202210940
538,28525,839,5,3309,Deep Run,"",2535.50921728619,25355.0921728619,1368793733.10339,260376.07892082,202202210940
539,28526,557,7,2384,Dover,"",2336.40939597315,23364.0939597315,2062614072.29626,437910.466683838,202202210940
540,28529,659,10,2539,Grantsboro,"",2595.51004332414,25955.1004332414,2523317524.60889,412017.089612735,202202210940
541,28530,1933,21,7474,Grifton,"",2586.29917045759,25862.9917045759,1906098626.48975,426610.065184873,202202210940
542,28531,218,3,1414,Harkers Island,"",1541.72560113154,15417.2560113154,96666650.4205933,159397.370996394,202202210940
543,28532,4488,14,25868,Havelock,"",1734.96211535488,17349.6211535488,5072028576.29651,874966.498361209,202202210940
544,28538,909,4,3342,Hookerton,"",2719.92818671454,27199.2818671454,837514346.679443,167225.326393657,202202210940
545,28539,3869,35,18000,Hubert,"",2149.44444444444,21494.4444444444,2158531628.89203,965472.416809674,202202210940
546,28540,11990,107,52400,Jacksonville,"",2288.1679389313,22881.679389313,3283488394.35052,547729.060516665,202202210940
547,28542,1100,0,6146,Camp Lejeune,"",1789.78197201432,17897.8197201432,1137151211.30426,554417.951637185,202202210940
548,28543,1032,2,6618,Tarawa Terrace,"",1559.38349954669,15593.8349954669,101812905.851257,81799.9494086724,202202210940
549,28546,12482,93,51963,Jacksonville,"",2402.09379750977,24020.9379750977,2766403023.01086,429757.095409677,202202210940
550,28547,4930,0,13868,Camp Lejeune,"",3554.94663974618,35549.4663974618,321351155.112183,125030.1108688,202202210940
551,28551,3443,38,14265,La Grange,"",2413.59971959341,24135.9971959341,3578620059.57935,402405.541085344,202202210940
552,28553,59,1,522,Marshallberg,"",1130.26819923372,11302.6819923372,44093630.395752,64625.7950525977,202202210940
553,28555,1213,7,4702,Maysville,"",2579.75329646959,25797.5329646959,3623337430.05573,600372.548840718,202202210940
554,28557,2845,17,15254,Morehead City,"",1865.08456798217,18650.8456798217,400526127.961975,291647.007459014,202202210940
555,28560,6348,80,28926,New Bern,"",2194.56544285418,21945.6544285418,3309199654.78784,1030041.14449326,202202210940
556,28562,8345,68,38009,New Bern,"",2195.53263700702,21955.3263700702,3853792240.20764,1071472.47820274,202202210940
557,28570,4443,21,22687,Newport,"",1958.39026755411,19583.9026755411,4050945831.7467,612371.091717981,202202210940
558,28571,318,3,3137,Oriental,"",1013.7073637233,10137.073637233,1482289449.53186,353024.477698561,202202210940
559,28572,1920,21,6379,Pink Hill,"",3009.87615613733,30098.7615613733,3042675125.74115,395176.694907307,202202210940
560,28573,530,19,2475,Pollocksville,"",2141.41414141414,21414.1414141414,3035889883.2348,360117.83631843,202202210940
561,28574,4700,45,17702,Richlands,"",2655.06722404248,26550.6722404248,3868294357.7301,523654.71280993,202202210940
562,28577,99,2,595,Sealevel,"",1663.86554621849,16638.6554621849,131607264.267456,82049.6590834024,202202210940
563,28578,1152,12,7044,Seven Springs,"",1635.43441226576,16354.3441226576,1837860745.29797,304549.150963809,202202210940
564,28580,2943,38,12031,Snow Hill,"",2446.1806998587,24461.806998587,3261656823.56982,373362.024423986,202202210940
565,28582,414,3,1824,Stella,"",2269.73684210526,22697.3684210526,566119411.242798,233745.537488706,202202210940
566,28584,2609,19,12910,Swansboro,"",2020.91402013943,20209.1402013943,870417864.570801,630505.524420814,202202210940
567,28585,903,13,4170,Trenton,"",2165.46762589928,21654.6762589928,5857263271.9624,616313.550954668,202202210940
568,28586,2689,14,8427,Vanceboro,"",3190.93390293105,31909.3390293106,3798727344.79224,393188.365406212,202202210940
569,28590,8019,21,26551,Winterville,"",3020.22522692177,30202.2522692177,1153236268.85608,260797.112041444,202202210940
570,28594,641,5,3678,Emerald Isle,"",1742.79499728113,17427.9499728113,161880563.377441,206007.395136269,202202210940
571,28601,14351,163,49848,Hickory,"",2878.95201412293,28789.5201412293,1378207425.05768,365850.750506082,202202210940
572,28602,8659,123,31218,Hickory,"",2773.72028957653,27737.2028957653,1938678919.97003,319569.803956005,202202210940
573,28604,1231,11,6449,Banner Elk,"",1908.8230733447,19088.230733447,1915326545.24634,325836.980718489,202202210940
574,28605,657,5,4143,Blowing Rock,"",1585.80738595221,15858.0738595221,895784503.144714,248689.345104093,202202210940
575,28606,509,7,2367,Boomer,"",2150.40135192226,21504.0135192226,1247639586.18042,214129.251492026,202202210940
576,28607,7375,30,37481,Boone,"",1967.66361623222,19676.6361623222,2776057252.95807,555835.873680891,202202210940
577,28609,1667,18,6457,Catawba,"",2581.6942852718,25816.942852718,1341728385.28827,281255.134101197,202202210940
578,28610,3049,33,10238,Claremont,"",2978.12072670443,29781.2072670443,1121879522.66571,308096.881521473,202202210940
579,28612,3443,53,14906,Connelly Springs,"",2309.80813095398,23098.0813095398,2400642845.42798,441028.943696581,202202210940
580,28613,6897,97,25216,Conover,"",2735.16814720812,27351.6814720812,1220326345.78546,362168.639637895,202202210940
581,28615,331,3,1883,Creston,"",1757.83324482209,17578.3324482209,1868599532.61511,272770.247470023,202202210940
582,28617,483,4,2451,Crumpler,"",1970.62423500612,19706.2423500612,986888820.641235,263906.737953269,202202210940
583,28618,402,3,2480,Deep Gap,"",1620.96774193548,16209.6774193548,1010729766.2395,224128.286954044,202202210940
584,28621,3012,50,10400,Elkin,"",2896.15384615385,28961.5384615385,1827310682.30029,492431.108964797,202202210940
585,28622,518,2,2638,Elk Park,"",1963.60879454132,19636.0879454132,922706854.79248,228052.883765708,202202210940
586,28623,390,0,1716,Ennice,"",2272.72727272727,22727.2727272727,790959225.749146,176648.995975266,202202210940
587,28624,367,9,1893,Ferguson,"",1938.72160591653,19387.2160591653,1893859856.27216,280305.359064925,202202210940
588,28625,9681,138,38862,Statesville,"",2491.12243322526,24911.2243322526,5528677082.18164,627405.109037109,202202210940
589,28626,442,3,3001,Fleetwood,"",1472.84238587138,14728.4238587138,819063990.876587,148645.734339712,202202210940
590,28627,268,1,1534,Glade Valley,"",1747.0664928292,17470.664928292,929851696.585571,229623.659776181,202202210940
591,28630,5202,76,20369,Granite Falls,"",2553.88089744219,25538.8089744219,1749206123.14734,364175.180926025,202202210940
592,28631,133,0,536,Grassy Creek,"",2481.34328358209,24813.4328358209,666742006.060913,167245.211138671,202202210940
593,28634,1220,15,5269,Harmony,"",2315.42987284115,23154.2987284115,1708637469.52393,380041.000632719,202202210940
594,28635,978,10,4032,Hays,"",2425.59523809524,24255.9523809524,1589254753.84888,282956.554467362,202202210940
595,28636,1357,19,5186,Hiddenite,"",2616.66023910528,26166.6023910528,1563401720.00476,343683.132287544,202202210940
596,28637,646,5,1583,Hildebran,"",4080.85912823752,40808.5912823752,75804105.8025513,39679.7431148788,202202210940
597,28638,3353,20,12560,Hudson,"",2669.58598726115,26695.8598726115,586195125.955933,179942.259882133,202202210940
598,28640,1246,23,4805,Jefferson,"",2593.13215400624,25931.3215400624,1056537388.6748,302637.689495691,202202210940
599,28642,1502,19,5578,Jonesville,"",2692.72140552169,26927.2140552169,922184812.2677,173376.666314256,202202210940
600,28643,600,8,3443,Lansing,"",1742.66627940749,17426.6627940749,2044042930.41492,275858.107391136,202202210940
601,28644,286,0,1570,Laurel Springs,"",1821.65605095541,18216.5605095541,2045165288.09131,297831.47514214,202202210940
602,28645,12307,176,47621,Lenoir,"",2584.36404107432,25843.6404107432,9179149391.98291,930216.037146455,202202210940
603,28649,236,3,1034,Mc Grady,"",2282.39845261122,22823.9845261122,1036137984.80469,190682.670149615,202202210940
604,28650,3788,33,13374,Maiden,"",2832.36129804098,28323.6129804098,1278104496.07623,377336.649296681,202202210940
605,28651,1671,22,6653,Millers Creek,"",2511.64888020442,25116.4888020442,2065649255.9353,349078.290644554,202202210940
606,28654,767,13,3800,Moravian Falls,"",2018.42105263158,20184.2105263158,1821577421.53857,295573.209104024,202202210940
607,28655,14305,160,58249,Morganton,"",2455.83615169359,24558.3615169359,9153179930.14331,677983.745386269,202202210940
608,28657,2115,25,9610,Newland,"",2200.83246618106,22008.3246618106,3935578521.47217,457051.359413869,202202210940
609,28658,7935,76,25858,Newton,"",3068.68280609483,30686.8280609483,2022657893.02307,451555.722478839,202202210940
610,28659,5552,82,21013,North Wilkesboro,"",2642.17389235235,26421.7389235235,2817470108.66394,743040.466864702,202202210940
611,28660,576,6,2336,Olin,"",2465.75342465753,24657.5342465753,892135691.594116,224297.744075571,202202210940
612,28665,597,6,2986,Purlear,"",1999.33020763563,19993.3020763563,1778038258.60608,240271.301413849,202202210940
613,28668,47,1,39,Roaring Gap,"",,,150579895.761963,97868.8716295681,202202210940
614,28669,713,8,3133,Roaring River,"",2275.77401851261,22757.7401851261,1299426384.18799,252536.432806369,202202210940
615,28670,781,14,3183,Ronda,"",2453.66006911719,24536.6006911719,1123975912.01135,257469.478215133,202202210940
616,28673,1513,10,6621,Sherrills Ford,"",2285.15330010572,22851.5330010572,852092289.759583,248402.605359209,202202210940
617,28675,1746,9,6805,Sparta,"",2565.76047024247,25657.6047024247,2977111225.9541,397880.218381249,202202210940
618,28676,900,7,3444,State Road,"",2613.24041811847,26132.4041811847,830902972.436646,197653.666386266,202202210940
619,28677,9434,99,35614,Statesville,"",2648.95827483574,26489.5827483574,2372250827.99042,364916.143502524,202202210940
620,28678,1326,9,5252,Stony Point,"",2524.75247524752,25247.5247524752,1249807753.12482,237772.476162198,202202210940
621,28679,341,3,2122,Sugar Grove,"",1606.97455230914,16069.7455230914,636943392.934937,227619.317646308,202202210940
622,28681,7150,94,26959,Taylorsville,"",2652.17552579843,26521.7552579843,4726487412.65814,412700.759417832,202202210940
623,28682,256,2,1099,Terrell,"",2329.39035486806,23293.9035486806,164657442.78833,108427.066369374,202202210940
624,28683,446,5,1934,Thurmond,"",2306.10134436401,23061.0134436401,988749233.112671,203358.604100989,202202210940
625,28684,331,2,2175,Todd,"",1521.83908045977,15218.3908045977,1383524229.94177,292392.138653963,202202210940
626,28685,444,3,1908,Traphill,"",2327.04402515723,23270.4402515723,1296786088.98804,215086.939280452,202202210940
627,28689,453,5,1662,Union Grove,"",2725.63176895307,27256.3176895307,1218398001.86389,304792.24772459,202202210940
628,28690,2342,28,9427,Valdese,"",2484.3534528482,24843.534528482,668624773.04187,213466.610171622,202202210940
629,28692,744,3,4504,Vilas,"",1651.86500888099,16518.6500888099,1091553223.68976,286379.955820553,202202210940
630,28693,359,2,1693,Warrensville,"",2120.49616066155,21204.9616066155,621923811.260986,170328.387778475,202202210940
631,28694,1689,24,8033,West Jefferson,"",2102.57687040956,21025.7687040956,2188720146.69934,416426.801998168,202202210940
632,28697,3353,54,13376,Wilkesboro,"",2506.72846889952,25067.2846889952,1810927272.521,565265.362104432,202202210940
633,28701,865,7,4830,Alexander,"",1790.89026915114,17908.9026915114,557040025.003723,178622.867954756,202202210940
634,28702,64,0,704,Almond,"",909.090909090909,9090.90909090909,749571990.457794,168899.042279792,202202210940
635,28704,5346,32,21728,Arden,"",2460.41973490427,24604.1973490427,1481682958.97644,329012.999643476,202202210940
636,28705,1122,9,7168,Bakersville,"",1565.29017857143,15652.9017857143,3538838336.04175,376028.663142582,202202210940
637,28711,2284,47,15250,Black Mountain,"",1497.70491803279,14977.0491803279,2289646423.50623,432841.107136649,202202210940
638,28712,3428,43,19644,Brevard,"",1745.0621054775,17450.621054775,3743370041.24365,607196.289251342,202202210940
639,28713,2135,23,9333,Bryson City,"",2287.58169934641,22875.8169934641,7085157294.99072,658029.652447303,202202210940
640,28714,4208,48,17066,Burnsville,"",2465.72131723895,24657.2131723895,7287599937.88281,538818.932986382,202202210940
641,28715,5169,44,27289,Candler,"",1894.16981201217,18941.6981201217,1975153881.5733,274379.594297132,202202210940
642,28716,3639,69,18650,Canton,"",1951.20643431635,19512.0643431635,4450693739.33826,450946.985814241,202202210940
643,28718,93,0,607,Cedar Mountain,"",1532.12520593081,15321.2520593081,604740430.192017,157079.894608512,202202210940
644,28719,2050,16,6945,Cherokee,"",2951.76385889129,29517.6385889129,6313532001.74988,506970.161305605,202202210940
645,28721,2176,22,10866,Clyde,"",2002.57684520523,20025.7684520523,3262240884.20239,451646.750156333,202202210940
646,28722,1251,15,6854,Columbus,"",1825.21155529618,18252.1155529618,1330435890.70984,371441.890606651,202202210940
647,28723,2223,6,11678,Cullowhee,"",1903.57938003083,19035.7938003083,2829089767.59064,521400.904374384,202202210940
648,28726,884,12,3477,East Flat Rock,"",2542.42162784009,25424.2162784009,62782212.3257446,52681.8363735949,202202210940
649,28729,708,3,2978,Etowah,"",2377.43451981195,23774.3451981195,115914409.369507,74718.0620947517,202202210940
650,28730,1611,12,10068,Fairview,"",1600.11918951132,16001.1918951132,1334723772.69336,277836.650121475,202202210940
651,28731,1912,23,9271,Flat Rock,"",2062.3449466077,20623.449466077,910498937.374664,308715.430561089,202202210940
652,28732,3864,19,18899,Fletcher,"",2044.55262183184,20445.5262183184,1163648233.76184,268599.174805655,202202210940
653,28734,5625,81,28423,Franklin,"",1979.0310663899,19790.310663899,8413329787.90622,680710.034553257,202202210940
654,28736,141,0,740,Glenville,"",1905.40540540541,19054.0540540541,845894035.551971,243241.394198335,202202210940
655,28739,3498,43,21994,Hendersonville,"",1590.43375466036,15904.3375466036,1809199500.98254,354883.696935042,202202210940
656,28740,421,1,2123,Green Mountain,"",1983.04286387188,19830.4286387188,2560353451.70599,391601.88482291,202202210940
657,28741,598,9,3135,Highlands,"",1907.49601275917,19074.9601275917,2488322100.83908,291652.561708351,202202210940
658,28742,597,7,2834,Horse Shoe,"",2106.56316160903,21065.6316160903,759756422.807678,323788.261855292,202202210940
659,28745,171,0,598,Lake Junaluska,"",2859.53177257525,28595.3177257525,24208240.7459412,20619.3143809221,202202210940
660,28746,383,10,2583,Lake Lure,"",1482.77197057685,14827.7197057685,1635267198.94843,301403.103342596,202202210940
661,28747,306,10,2517,Lake Toxaway,"",1215.73301549464,12157.3301549464,1644170650.80768,278687.825520296,202202210940
662,28748,2399,19,12684,Leicester,"",1891.3591926837,18913.591926837,2568900770.12885,433742.542694055,202202210940
663,28751,685,12,3738,Maggie Valley,"",1832.53076511503,18325.3076511503,1196971956.93442,252655.252396679,202202210940
664,28752,9048,103,31501,Marion,"",2872.28976857878,28722.8976857878,6843838240.70496,729852.019397461,202202210940
665,28753,2638,40,12286,Marshall,"",2147.15936838678,21471.5936838678,7221367422.4903,582321.875436498,202202210940
666,28754,1908,30,8823,Mars Hill,"",2162.52975178511,21625.2975178511,2532637146.55933,336365.654274913,202202210940
667,28756,837,4,4770,Mill Spring,"",1754.71698113208,17547.1698113208,2319967191.40479,359387.276461913,202202210940
668,28759,1502,8,7867,Mills River,"",1909.24113385026,19092.4113385026,710290580.507599,219074.688607407,202202210940
669,28761,2294,36,8493,Nebo,"",2701.04792181797,27010.4792181797,3254647047.74689,448908.605974668,202202210940
670,28762,1727,16,7603,Old Fort,"",2271.47178745232,22714.7178745232,2996741187.4848,387268.208256282,202202210940
671,28763,445,8,2864,Otto,"",1553.77094972067,15537.7094972067,1145043002.66425,202810.842815888,202202210940
672,28766,315,2,1526,Penrose,"",2064.22018348624,20642.2018348624,159626292.482056,88900.5625977205,202202210940
673,28768,1266,5,7895,Pisgah Forest,"",1603.54654844839,16035.4654844839,2244655883.74216,321689.536597621,202202210940
674,28771,2158,30,8212,Robbinsville,"",2627.86166585485,26278.6166585485,9086438704.3884,732920.807564291,202202210940
675,28773,659,13,3508,Saluda,"",1878.56328392246,18785.6328392246,1396855034.24573,267712.497423626,202202210940
676,28775,77,3,493,Scaly Mountain,"",1561.86612576065,15618.6612576065,456631744.06662,130336.94180952,202202210940
677,28777,2633,26,10391,Spruce Pine,"",2533.92358772014,25339.2358772014,1968811938.32007,332780.684408784,202202210940
678,28778,1893,19,10803,Swannanoa,"",1752.29103026937,17522.9103026937,692162823.950317,188030.795128165,202202210940
679,28779,3568,50,17610,Sylva,"",2026.12152186258,20261.2152186258,3287520334.70795,472387.421611018,202202210940
680,28782,974,13,6512,Tryon,"",1495.70024570025,14957.0024570025,1239852111.02036,390005.579825198,202202210940
681,28783,286,3,1905,Tuckasegee,"",1501.31233595801,15013.1233595801,2507065764.50815,412465.098737655,202202210940
682,28785,1268,11,8309,Waynesville,"",1526.05608376459,15260.5608376459,4680111391.07288,434987.630089387,202202210940
683,28786,4275,69,21837,Waynesville,"",1957.68649539772,19576.8649539772,2130537927.5513,319219.020654078,202202210940
684,28787,4278,50,20681,Weaverville,"",2068.56534983802,20685.6534983802,2146776657.76654,337936.038355961,202202210940
685,28789,1148,12,6551,Whittier,"",1752.40421309724,17524.0421309724,1731085189.80936,281392.474737519,202202210940
686,28790,675,7,3775,Zirconia,"",1788.07947019868,17880.7947019868,1184634316.47168,272368.233599775,202202210940
687,28791,2926,42,15811,Hendersonville,"",1850.61033457719,18506.1033457719,466838231.125,123544.27336528,202202210940
688,28792,7756,104,37949,Hendersonville,"",2043.79562043796,20437.9562043796,2892120004.20319,483608.715059926,202202210940
689,28801,2731,33,16782,Asheville,"",1627.33881539745,16273.3881539745,142991050.123962,66531.4000304091,202202210940
690,28803,5761,74,34731,Asheville,"",1658.74866833664,16587.4866833664,1148499781.62708,221583.067984848,202202210940
691,28804,3480,37,23302,Asheville,"",1493.43403999657,14934.3403999657,818376430.368896,216401.982596761,202202210940
692,28805,2921,41,20394,Asheville,"",1432.28400509954,14322.8400509954,743578799.615234,203043.782551957,202202210940
693,28806,8057,78,43841,Asheville,"",1837.77742296024,18377.7742296024,1123591112.45288,297671.815966071,202202210940
694,28901,1298,20,6039,Andrews,"",2149.36247723133,21493.6247723133,1881090750.42804,271571.032581688,202202210940
695,28902,281,1,1562,Brasstown,"",1798.97567221511,17989.7567221511,645585335.657318,162521.113458697,202202210940
696,28904,2068,35,9535,Hayesville,"",2168.85159937074,21688.5159937074,5317145252.91805,403950.005454209,202202210940
697,28905,834,13,3548,Marble,"",2350.62006764374,23506.2006764374,1058320723.96715,269002.244098821,202202210940
698,28906,4462,60,20296,Murphy,"",2198.46275128104,21984.6275128104,9849733400.34212,586826.324547444,202202210940
699,28909,193,4,1068,Warne,"",1807.11610486891,18071.1610486891,269492752.319427,107722.293423693,202202210940
700,27533,619,3,0,"","",,,18055719.4014893,15817.3715737294,202202210940
701,27340,26,1,34,Saxapahaw,"",7647.05882352941,76470.5882352941,694758.987792969,3852.87240074502,202202210940
702,27411,190,0,847,Greensboro,"",2243.21133412042,22432.1133412042,713742.998291016,5860.23208289576,202202210940
703,27412,79,0,1886,Greensboro,"",418.875927889714,4188.75927889714,4771290.83532715,13054.7888333439,202202210940
704,27498,,,13,Greensboro,Population <500 and Cases <5,,,3369264.12316895,7774.18760349114,202202210940
705,27599,39,0,0,Chapel Hill,"",,,4275416.30163574,15555.1510255833,202202210940
706,27706,,,10,Durham,Population <500 and Cases <5,,,1281872.18347168,6816.757693542,202202210940
707,27711,,,62,Durham,Population <500 and Cases <5,,,11690491.0200195,25227.7794868175,202202210940
708,27810,917,10,4224,Belhaven,"",2170.92803030303,21709.2803030303,5320714553.85889,863428.562860574,202202210940
709,27821,70,1,343,Edward,"",2040.81632653061,20408.1632653061,180879118.265869,102716.617789089,202202210940
710,27824,271,1,1540,Engelhard,"",1759.74025974026,17597.4025974026,5755622445.56714,766498.765242208,202202210940
711,27826,162,2,1245,Fairfield,"",1301.20481927711,13012.0481927711,5502010014.61365,681909.128335756,202202210940
712,27841,31,1,84,Hassell,"",3690.47619047619,36904.7619047619,5972995.94189453,12505.2057352129,202202210940
713,27872,65,1,429,Roxobel,"",1515.15151515152,15151.5151515152,78668396.3901367,60062.9164687203,202202210940
714,27875,114,3,511,Scranton,"",2230.91976516634,22309.1976516634,1462926064.75208,668994.049821798,202202210940
715,27881,17,0,323,Speed,"",526.315789473684,5263.15789473684,45624486.2655029,35379.3892263349,202202210940
716,27919,213,2,1211,Belvidere,"",1758.8769611891,17588.769611891,1805677755.21484,260299.205087965,202202210940
717,27920,281,0,1415,Buxton,"",1985.86572438163,19858.6572438163,251417477.481567,169552.58818934,202202210940
718,27921,834,7,5366,Camden,"",1554.23033917257,15542.3033917257,2216306760.15601,371309.805402765,202202210940
719,27923,114,0,990,Coinjock,"",1151.51515151515,11515.1515151515,442853112.258789,222994.427279021,202202210940
720,27936,113,1,961,Frisco,"",1175.85848074922,11758.5848074922,134638106.065186,108288.074251883,202202210940
721,27939,565,6,3370,Grandy,"",1676.55786350148,16765.5786350148,296874050.40332,237784.484514938,202202210940
722,27941,135,0,670,Harbinger,"",2014.92537313433,20149.2537313433,66348159.842041,42125.3614314888,202202210940
723,27943,96,0,491,Hatteras,"",1955.19348268839,19551.9348268839,82146889.1915283,162150.406610954,202202210940
724,27947,171,1,845,Jarvisburg,"",2023.66863905325,20236.6863905325,181991023.044922,117825.871497151,202202210940
725,27953,233,1,992,Manns Harbor,"",2348.79032258065,23487.9032258065,4841742826.08521,775886.839802655,202202210940
726,27954,1355,6,6405,Manteo,"",2115.53473848556,21155.3473848556,346159524.466309,171104.045001834,202202210940
727,27956,59,2,328,Maple,"",1798.78048780488,17987.8048780488,91616147.3259277,62675.9008746753,202202210940
728,27960,189,0,899,Ocracoke,"",2102.33592880979,21023.3592880979,272996211.932129,221416.979930584,202202210940
729,27964,98,1,653,Point Harbor,"",1500.76569678407,15007.6569678407,40700993.1791992,29044.1496807834,202202210940
730,27965,93,0,611,Poplar Branch,"",1522.09492635025,15220.9492635025,362463348.010742,286670.57703568,202202210940
731,27972,19,0,196,Salvo,"",969.387755102041,9693.87755102041,25839959.5158691,77591.8753697891,202202210940
732,27973,276,0,1493,Shawboro,"",1848.62692565305,18486.2692565305,1350823542.63281,279776.313560853,202202210940
733,27974,183,0,1375,Shiloh,"",1330.90909090909,13309.0909090909,1282875105.52026,448552.234751616,202202210940
734,27978,38,0,221,Stumpy Point,"",1719.45701357466,17194.5701357466,3250437066.68713,488663.160212978,202202210940
735,27980,565,7,2075,Tyner,"",2722.89156626506,27228.9156626506,1319096560.03711,208839.628959426,202202210940
736,27981,349,1,1863,Wanchese,"",1873.32259796028,18733.2259796028,183167116.380371,177755.254740471,202202210940
737,28077,124,1,557,High Shoals,"",2226.2118491921,22262.118491921,25098303.871521,27989.3633622467,202202210940
738,28101,176,4,465,Mc Adenville,"",3784.94623655914,37849.4623655914,12210373.4969482,19058.3264759027,202202210940
739,28223,35,0,2941,Charlotte,"",119.007140428426,1190.07140428426,16745950.1914673,34959.7943637767,202202210940
740,28308,24,0,737,Pope Army Airfield,"",325.644504748982,3256.44504748982,90374263.7665405,45243.1542141805,202202210940
741,28375,45,0,155,Proctorville,"",2903.22580645161,29032.2580645161,16154829.5779114,21293.1141646593,202202210940
742,28519,119,2,328,Bridgeton,"",3628.0487804878,36280.487804878,3782179.40026855,11964.2990373982,202202210940
743,28520,49,1,352,Cedar Island,"",1392.04545454545,13920.4545454545,633116579.775757,427477.052966736,202202210940
744,28524,76,1,443,Davis,"",1715.57562076749,17155.7562076749,547256692.822876,860357.358716607,202202210940
745,28527,320,2,905,Ernul,"",3535.91160220994,35359.1160220994,1145978492.04919,209684.397786102,202202210940
746,28528,105,0,640,Gloucester,"",1640.625,16406.25,74196560.923584,79933.9347539672,202202210940
747,28533,333,0,0,Cherry Point,"",,,253735788.170532,192645.367219711,202202210940
748,28537,32,0,186,Hobucken,"",1720.43010752688,17204.3010752688,891999129.25647,352204.851723087,202202210940
749,28544,1230,11,5607,Midway Park,"",2193.68646334938,21936.8646334938,155759986.503357,92182.0384683424,202202210940
750,28545,386,0,4010,Mccutcheon Field,"",962.593516209476,9625.93516209476,145247654.855835,101700.276162633,202202210940
751,28552,23,0,131,Lowland,"",1755.72519083969,17557.2519083969,211084218.553589,104037.967496467,202202210940
752,28556,164,5,1150,Merritt,"",1426.08695652174,14260.8695652174,1139666751.30212,394317.853497313,202202210940
753,28561,80,1,0,New Bern,"",,,195198.709350586,2618.49962886206,202202210940
754,28579,82,0,798,Smyrna,"",1027.56892230576,10275.6892230576,633080494.557556,233023.142000653,202202210940
755,28581,31,1,224,Stacy,"",1383.92857142857,13839.2857142857,2404669972.88318,703346.462367878,202202210940
756,28583,33,1,0,Stonewall,"",,,596710.740722656,3607.20989795631,202202210940
757,28587,63,1,324,Vandemere,"",1944.44444444444,19444.4444444444,250612018.426636,182903.197478108,202202210940
758,28611,161,3,978,Collettsville,"",1646.21676891616,16462.1676891616,2483135872.03735,419111.187381629,202202210940
759,28629,28,0,63,Glendale Springs,"",4444.44444444444,44444.4444444444,18113919.8492432,19773.9407564207,202202210940
760,28646,179,1,463,Linville,"",3866.09071274298,38660.9071274298,440709602.757813,156576.175660301,202202210940
761,28663,143,0,715,Piney Creek,"",2000,20000,577849850.650269,137228.322788793,202202210940
762,28667,112,2,105,Rhodhiss,"",,,1309548.80932617,6065.66147149414,202202210940
763,28672,10,0,35,Scottville,"",2857.14285714286,28571.4285714286,62555584.7313232,47932.7256464108,202202210940
764,28698,389,4,1844,Zionville,"",2109.54446854664,21095.4446854664,762471326.925049,227334.653867248,202202210940
765,28708,111,3,1340,Balsam Grove,"",828.358208955224,8283.58208955224,795626278.709686,241272.033803256,202202210940
766,28709,414,3,2308,Barnardsville,"",1793.76083188908,17937.6083188908,1635213770.4093,231197.383485249,202202210940
767,28717,361,5,1471,Cashiers,"",2454.11284840245,24541.1284840245,1160000231.10587,300525.403558474,202202210940
768,28720,17,0,35,Chimney Rock,"",4857.14285714286,48571.4285714286,47877696.5422974,47768.4833790312,202202210940
769,28725,85,2,36,Dillsboro,"",,,1395548.49920654,7541.63511359509,202202210940
770,28733,18,0,200,Fontana Dam,"",900,9000,498075903.916718,200917.740964481,202202210940
771,28735,37,0,294,Gerton,"",1258.50340136054,12585.0340136054,137680777.623108,92735.3834552802,202202210940
772,28743,424,9,2422,Hot Springs,"",1750.61932287366,17506.1932287366,2855463957.34918,351331.648547095,202202210940
773,28749,14,0,0,Little Switzerland,"",,,1713987.45050049,8852.52475284555,202202210940
774,28757,102,0,0,Montreat,"",,,129672.114624023,2617.87913210505,202202210940
775,28772,352,3,1942,Rosman,"",1812.56436663234,18125.6436663234,577124059.134399,256613.212684218,202202210940
776,28774,202,3,1569,Sapphire,"",1287.4442319949,12874.442319949,1130246511.80005,224488.61951138,202202210940
777,28781,145,0,957,Topton,"",1515.15151515152,15151.5151515152,2402982140.90009,297913.620657843,202202210940
778,27969,7,0,0,Roduco,"",,,724387.010986328,3958.82496624679,202202210940
779,28253,,,0,Charlotte,Population <500 and Cases <5,,,133339.295837402,3050.2273713774,202202210940
780,28608,140,0,0,Boone,"",,,274774.708862305,3583.90419251761,202202210940
