OBJECTID,ZIPCode,Cases,Deaths,TotalPop,Place,Note,RatePer10K,RatePer100K,Shape__Area,Shape__Length,DataGatherTS
1,27006,3251,18,14872,Advance,"",2185.98708983324,21859.8708983324,1744189234.37061,355282.663136038,202202091540
2,27007,575,5,2136,Ararat,"",2691.94756554307,26919.4756554307,592499585.594238,195922.003442792,202202091540
3,27009,664,9,2937,Belews Creek,"",2260.81035069799,22608.1035069799,618093097.011353,191244.647442635,202202091540
4,27011,1474,14,5411,Boonville,"",2724.08057660322,27240.8057660322,1489580093.86462,316910.589814884,202202091540
5,27012,6913,75,28954,Clemmons,"",2387.58029978587,23875.8029978587,1176567385.86804,255774.303165276,202202091540
6,27013,1553,13,6495,Cleveland,"",2391.07005388761,23910.7005388761,2066336247.98627,379169.285246239,202202091540
7,27014,256,6,957,Cooleemee,"",2675.02612330199,26750.2612330199,21479098.032959,22299.1178929161,202202091540
8,27016,477,6,1682,Danbury,"",2835.9096313912,28359.096313912,1068209590.0686,211061.413302457,202202091540
9,27017,2600,30,9499,Dobson,"",2737.13022423413,27371.3022423413,2962951682.04883,566348.974052303,202202091540
10,27018,1957,13,8221,East Bend,"",2380.48899160686,23804.8899160686,2331567909.96985,255811.974556888,202202091540
11,27019,822,5,4234,Germanton,"",1941.42654700047,19414.2654700047,977414017.819214,270248.259734795,202202091540
12,27020,1616,11,6104,Hamptonville,"",2647.44429882045,26474.4429882045,2114111622.36755,316969.486887135,202202091540
13,27021,4415,71,17979,King,"",2455.64269425441,24556.4269425441,1469376476.14172,210392.900707099,202202091540
14,27022,286,4,1512,Lawsonville,"",1891.53439153439,18915.3439153439,918745327.278442,200803.000966771,202202091540
15,27023,2710,11,12775,Lewisville,"",2121.33072407045,21213.3072407045,807172159.002075,183078.980128526,202202091540
16,27024,691,6,2683,Lowgap,"",2575.47521431234,25754.7521431234,1265827411.39758,278411.484773322,202202091540
17,27025,2418,37,11117,Madison,"",2175.04722497077,21750.4722497077,2714649364.33142,468723.596670607,202202091540
18,27027,858,19,4017,Mayodan,"",2135.92233009709,21359.2233009709,548179131.574585,172371.363079245,202202091540
19,27028,6937,57,28039,Mocksville,"",2474.05399621955,24740.5399621955,5475621774.30664,567238.136149726,202202091540
20,27030,10184,180,37641,Mount Airy,"",2705.56042613108,27055.6042613108,4824085732.75671,624989.724929864,202202091540
21,27040,2653,17,13150,Pfafftown,"",2017.49049429658,20174.9049429658,763349953.536133,205025.773716105,202202091540
22,27041,1929,17,8020,Pilot Mountain,"",2405.23690773067,24052.3690773067,1629462738.40637,324677.141569035,202202091540
23,27042,150,3,720,Pine Hall,"",2083.33333333333,20833.3333333333,290758639.069458,113971.243586081,202202091540
24,27043,1484,15,6442,Pinnacle,"",2303.63241229432,23036.3241229432,1935795027.06067,395674.180712495,202202091540
25,27045,2523,19,9583,Rural Hall,"",2632.78722738182,26327.8722738182,666085549.25769,154538.589918543,202202091540
26,27046,398,6,1953,Sandy Ridge,"",2037.8904249872,20378.904249872,1237681699.0647,217125.573744555,202202091540
27,27047,301,2,1279,Siloam,"",2353.40109460516,23534.0109460516,576295820.815674,144984.839113672,202202091540
28,27048,1905,23,8902,Stoneville,"",2139.96854639407,21399.6854639407,2355000804.03674,325454.766660312,202202091540
29,27050,871,10,4084,Tobaccoville,"",2132.71302644466,21327.1302644466,703876500.567505,219088.1792708,202202091540
30,27051,1916,15,8287,Walkertown,"",2312.05502594425,23120.5502594425,524680317.775635,151066.808563308,202202091540
31,27052,2320,37,10061,Walnut Cove,"",2305.93380379684,23059.3380379684,2710320219.82117,403203.611044297,202202091540
32,27053,613,5,3156,Westfield,"",1942.33206590621,19423.3206590621,2152815477.55933,413464.446930883,202202091540
33,27054,691,11,2608,Woodleaf,"",2649.53987730061,26495.3987730061,778193820.583862,201172.963339102,202202091540
34,27055,4057,46,14521,Yadkinville,"",2793.88471868329,27938.8471868329,3115987965.39453,403366.492297811,202202091540
35,27101,4479,56,24321,Winston Salem,"",1841.61835450845,18416.1835450845,356085731.400146,162957.922513792,202202091540
36,27103,7877,59,36071,Winston Salem,"",2183.74871780655,21837.4871780655,527249856.672729,146399.561156354,202202091540
37,27104,6263,54,29383,Winston Salem,"",2131.50461151006,21315.0461151006,337669863.683838,130394.134288752,202202091540
38,27105,9934,68,40186,Winston Salem,"",2472.00517593192,24720.0517593192,950547784.577881,208375.813794777,202202091540
39,27106,10245,84,51378,Winston Salem,"",1994.04414340768,19940.4414340768,787324720.967285,203893.681115083,202202091540
40,27107,12053,94,52432,Winston Salem,"",2298.78700030516,22987.8700030516,1859279716.41162,319111.813640457,202202091540
41,27127,9541,43,38510,Winston Salem,"",2477.53830173981,24775.3830173981,820319160.873047,213438.375685158,202202091540
42,27157,227,1,5,Winston Salem,"",,,827769.094482422,4216.57245655308,202202091540
43,27203,5960,64,21876,Asheboro,"",2724.44688242823,27244.4688242823,589408161.410522,188062.356665824,202202091540
44,27205,8144,66,34549,Asheboro,"",2357.23175779328,23572.3175779328,6255653514.79199,588011.232518038,202202091540
45,27207,773,3,3806,Bear Creek,"",2031.00367840252,20310.0367840252,2300194678.82397,473699.237818466,202202091540
46,27208,372,4,1691,Bennett,"",2199.88172678888,21998.8172678888,1029479783.1405,215638.108979383,202202091540
47,27209,1334,45,4151,Biscoe,"",3213.68344977114,32136.8344977114,1198089302.20734,259108.004034657,202202091540
48,27212,569,1,1600,Blanch,"",3556.25,35562.5,1328181375.12305,277007.399750669,202202091540
49,27214,2562,20,11747,Browns Summit,"",2180.98237847961,21809.8237847961,1414533235.94788,324969.09283087,202202091540
50,27215,11097,106,44892,Burlington,"",2471.932638332,24719.32638332,1827823774.30115,298200.358945539,202202091540
51,27217,11472,140,39111,Burlington,"",2933.19015110838,29331.9015110838,3473433663.33496,513818.514768521,202202091540
52,27229,1146,19,4014,Candor,"",2855.00747384155,28550.0747384155,2747739848.89313,367384.611313313,202202091540
53,27231,347,1,2048,Cedar Grove,"",1694.3359375,16943.359375,987771348.581177,209108.769362036,202202091540
54,27233,739,8,3647,Climax,"",2026.32300520976,20263.2300520976,703252829.253662,187154.002103637,202202091540
55,27235,927,16,4575,Colfax,"",2026.22950819672,20262.2950819672,380654027.583252,148521.339190304,202202091540
56,27239,2193,27,9629,Denton,"",2277.49506698515,22774.9506698515,4319759872.9696,429373.198159065,202202091540
57,27242,507,7,2668,Eagle Springs,"",1900.29985007496,19002.9985007496,1480408484.01825,321391.030328654,202202091540
58,27243,806,4,4665,Efland,"",1727.75991425509,17277.5991425509,1142332751.10315,311755.144165645,202202091540
59,27244,4640,31,16259,Elon,"",2853.80404698936,28538.0404698936,1541989025.453,399696.340130383,202202091540
60,27248,1024,9,4835,Franklinville,"",2117.89038262668,21178.9038262668,942909114.352783,215710.992817748,202202091540
61,27249,2954,25,13355,Gibsonville,"",2211.90565331337,22119.0565331337,1679803774.77087,397477.611919869,202202091540
62,27252,328,3,2264,Goldston,"",1448.76325088339,14487.6325088339,1142470673.17163,220926.147155477,202202091540
63,27253,8737,87,31464,Graham,"",2776.82430714467,27768.2430714467,2351372927.78931,521476.969804175,202202091540
64,27258,1722,12,7740,Haw River,"",2224.80620155039,22248.0620155039,473631125.268677,312686.877842212,202202091540
65,27260,5081,67,25696,High Point,"",1977.35056039851,19773.5056039851,348441568.963501,133229.878739789,202202091540
66,27262,4672,75,24764,High Point,"",1886.60959457277,18866.0959457277,368730084.700928,171087.864383377,202202091540
67,27263,4691,69,22320,High Point,"",2101.70250896057,21017.0250896057,1121512604.52234,249658.228757679,202202091540
68,27265,10278,89,50038,High Point,"",2054.03893041289,20540.3893041289,1172957282.41284,307481.490778656,202202091540
69,27268,390,0,1695,High Point,"",2300.88495575221,23008.8495575221,2495618.64758301,8251.66869064816,202202091540
70,27278,4693,29,27181,Hillsborough,"",1726.57370957654,17265.7370957654,2885765742.02771,502574.675043234,202202091540
71,27281,679,6,3710,Jackson Springs,"",1830.18867924528,18301.8867924528,2095606802.2608,479969.724586593,202202091540
72,27282,3186,32,16597,Jamestown,"",1919.62402843887,19196.2402843887,404066994.873657,168803.970950205,202202091540
73,27283,638,5,2982,Julian,"",2139.50368879946,21395.0368879946,711286368.914917,161239.518798817,202202091540
74,27284,12720,134,56201,Kernersville,"",2263.30492339994,22633.0492339994,2233069317.10205,420748.080109326,202202091540
75,27288,5788,83,23585,Eden,"",2454.10218359127,24541.0218359127,1951079100.05676,304615.616752016,202202091540
76,27291,304,1,1538,Leasburg,"",1976.59297789337,19765.9297789337,1492904663.44434,314720.3653191,202202091540
77,27292,10116,83,41465,Lexington,"",2439.64789581575,24396.4789581575,4270233445.18579,407599.915340798,202202091540
78,27295,10440,89,39191,Lexington,"",2663.87691051517,26638.7691051517,3631502180.53174,466742.919509857,202202091540
79,27298,2287,18,10440,Liberty,"",2190.61302681992,21906.1302681992,2639148530.03284,431527.987760386,202202091540
80,27299,1548,11,5254,Linwood,"",2946.32660829844,29463.2660829844,822543412.257813,203597.604040364,202202091540
81,27301,2474,25,10019,Mc Leansville,"",2469.30831420301,24693.0831420301,900133716.655151,287107.537324028,202202091540
82,27302,7488,35,32302,Mebane,"",2318.12271685964,23181.2271685964,3198656461.27478,644303.594275321,202202091540
83,27305,318,1,1585,Milton,"",2006.30914826498,20063.0914826498,687167820.539429,263836.485514183,202202091540
84,27306,1581,23,5945,Mount Gilead,"",2659.37762825904,26593.7762825904,5305900334.83325,426306.558627535,202202091540
85,27310,1630,5,8562,Oak Ridge,"",1903.76080355057,19037.6080355057,526240082.103149,140986.043049622,202202091540
86,27311,730,6,3220,Pelham,"",2267.08074534162,22670.8074534162,1338371966.32642,293760.993606137,202202091540
87,27312,3189,31,22205,Pittsboro,"",1436.16302634542,14361.6302634542,5005768374.64233,617961.777569282,202202091540
88,27313,1359,29,7288,Pleasant Garden,"",1864.70911086718,18647.0911086718,760352714.59021,181619.740165306,202202091540
89,27314,195,1,1138,Prospect Hill,"",1713.53251318102,17135.3251318102,773578280.842896,162162.976448062,202202091540
90,27315,337,1,2140,Providence,"",1574.76635514019,15747.6635514019,697810511.310425,179457.95829655,202202091540
91,27316,1616,20,7156,Ramseur,"",2258.24482951369,22582.4482951369,1975410509.03577,278228.393914437,202202091540
92,27317,4356,42,17851,Randleman,"",2440.19942860344,24401.9942860344,1700826686.43616,339539.515262609,202202091540
93,27320,8689,75,38894,Reidsville,"",2234.02067156888,22340.2067156888,6966725984.64832,658218.836963247,202202091540
94,27325,1651,18,7676,Robbins,"",2150.85982282439,21508.5982282439,2401051783.47894,409075.895347678,202202091540
95,27326,834,4,3692,Ruffin,"",2258.93824485374,22589.3824485374,1884156536.74561,359587.547530237,202202091540
96,27330,9983,82,39529,Sanford,"",2525.48761668648,25254.8761668648,6011213414.18433,528161.840140258,202202091540
97,27332,7464,54,33549,Sanford,"",2224.80550836091,22248.0550836091,2996782209.29614,417113.1648361,202202091540
98,27341,1195,7,5820,Seagrove,"",2053.264604811,20532.64604811,2678433259.4787,311632.157547413,202202091540
99,27343,285,0,1840,Semora,"",1548.91304347826,15489.1304347826,1390260353.39624,348769.311430722,202202091540
100,27344,4330,41,19290,Siler City,"",2244.68636599274,22446.8636599274,4591228058.44531,607903.308882545,202202091540
101,27349,1483,8,5850,Snow Camp,"",2535.04273504274,25350.4273504274,1831279532.651,381750.490582419,202202091540
102,27350,1539,18,7508,Sophia,"",2049.81353223229,20498.1353223229,1066449848.573,204602.636460839,202202091540
103,27355,574,3,3196,Staley,"",1795.99499374218,17959.9499374218,1016358702.6969,245160.332752788,202202091540
104,27356,715,8,3513,Star,"",2035.2974665528,20352.974665528,1815293543.21783,348288.379855761,202202091540
105,27357,2210,29,8325,Stokesdale,"",2654.65465465465,26546.5465465465,1273124268.28796,223115.118835702,202202091540
106,27358,2648,13,15960,Summerfield,"",1659.14786967419,16591.4786967419,1557557662.14905,323017.176053331,202202091540
107,27360,11390,123,48331,Thomasville,"",2356.66549419627,23566.6549419627,2458732404.91687,372395.85217249,202202091540
108,27370,3636,58,14622,Trinity,"",2486.66393106278,24866.6393106278,1663817222.16028,344702.900725307,202202091540
109,27371,1907,20,7778,Troy,"",2451.78709179738,24517.8709179738,4076136455.00793,473833.643450898,202202091540
110,27376,2139,26,9884,West End,"",2164.10360178066,21641.0360178066,1781050002.06519,320932.333330313,202202091540
111,27377,2580,13,9597,Whitsett,"",2688.34010628321,26883.4010628321,736936774.92627,183024.518653502,202202091540
112,27379,1269,25,6057,Yanceyville,"",2095.09658246657,20950.9658246657,2663338769.75159,422550.665080929,202202091540
113,27401,4431,41,20221,Greensboro,"",2191.2862865338,21912.862865338,171748092.127686,100334.769337553,202202091540
114,27403,3397,26,21278,Greensboro,"",1596.48463201429,15964.8463201429,159396286.028687,87465.254538865,202202091540
115,27405,11564,77,52510,Greensboro,"",2202.24719101124,22022.4719101124,886695637.391357,284328.52642169,202202091540
116,27406,13193,149,60755,Greensboro,"",2171.50851781746,21715.0851781746,1894160074.00403,327705.317343954,202202091540
117,27407,10234,95,49837,Greensboro,"",2053.494391717,20534.94391717,840498790.451172,227731.576408349,202202091540
118,27408,2972,9,17406,Greensboro,"",1707.45719866713,17074.5719866713,221403500.549561,80148.1616765213,202202091540
119,27409,3669,23,17953,Greensboro,"",2043.66958168551,20436.6958168551,603872824.646484,239783.02449594,202202091540
120,27410,9507,67,56968,Greensboro,"",1668.8316247718,16688.316247718,859363574.914917,272309.563854046,202202091540
121,27455,5659,79,29197,Greensboro,"",1938.21283008528,19382.1283008528,816075696.678345,198282.860420202,202202091540
122,27501,5603,32,21338,Angier,"",2625.83184928297,26258.3184928297,1683348454.90833,329143.189780915,202202091540
123,27502,8713,17,43747,Apex,"",1991.67942944659,19916.7942944659,840126405.51062,242725.298081049,202202091540
124,27503,630,1,7222,Bahama,"",872.334533370258,8723.34533370257,1054708975.44934,246183.053747647,202202091540
125,27504,5127,38,16320,Benson,"",3141.54411764706,31415.4411764706,2584462015.08862,486262.181304732,202202091540
126,27505,1592,18,7308,Broadway,"",2178.4345922277,21784.345922277,1509842573.20557,320128.84050568,202202091540
127,27507,318,3,2053,Bullock,"",1548.95275207014,15489.5275207014,1354883649.98218,266873.357504052,202202091540
128,27508,616,1,2340,Bunn,"",2632.47863247863,26324.7863247863,312599782.273071,114289.902416244,202202091540
129,27509,2859,43,6935,Butner,"",4122.56669069935,41225.6669069935,507253453.414795,156294.942704551,202202091540
130,27510,2187,8,14543,Carrboro,"",1503.81626899539,15038.1626899539,88705554.5671387,57867.6032694508,202202091540
131,27511,6104,31,34041,Cary,"",1793.13181163891,17931.3181163891,333520579.048462,98702.6527265332,202202091540
132,27513,7781,29,49003,Cary,"",1587.86196763463,15878.6196763463,474399121.186279,162336.294574525,202202091540
133,27514,5177,24,32847,Chapel Hill,"",1576.0952293969,15760.952293969,579057212.663452,190879.985276748,202202091540
134,27516,6125,20,44117,Chapel Hill,"",1388.35369585421,13883.5369585421,2564236091.9281,438904.079251582,202202091540
135,27517,3643,19,28831,Chapel Hill,"",1263.57046234955,12635.7046234955,1520140847.99951,299162.993678502,202202091540
136,27518,3809,21,22765,Cary,"",1673.18251702174,16731.8251702174,262665807.612671,130741.025823352,202202091540
137,27519,9705,11,59960,Cary,"",1618.5790527018,16185.790527018,609072010.422363,166930.324843009,202202091540
138,27520,12769,91,43958,Clayton,"",2904.81823558852,29048.1823558852,1962402119.35425,374945.851452288,202202091540
139,27521,1721,15,7149,Coats,"",2407.32969646104,24073.2969646104,721041350.168091,174373.299688565,202202091540
140,27522,3159,10,13652,Creedmoor,"",2313.94667447993,23139.4667447993,2172960809.67273,361578.814896965,202202091540
141,27523,3120,2,12782,Apex,"",2440.93256141449,24409.3256141449,1210964088.06177,294058.887697932,202202091540
142,27524,3755,36,13532,Four Oaks,"",2774.90393142181,27749.0393142181,3831785222.9375,530912.577014992,202202091540
143,27525,4946,7,15534,Franklinton,"",3183.9835200206,31839.835200206,2660281050.9928,421324.476104612,202202091540
144,27526,14102,70,54027,Fuquay Varina,"",2610.17639328484,26101.7639328484,2787678657.25134,460586.982042285,202202091540
145,27527,8477,23,30234,Clayton,"",2803.79704967917,28037.9704967917,1261348608.45837,213730.175971786,202202091540
146,27529,14590,92,53854,Garner,"",2709.17666282913,27091.7666282913,1666161335.17407,336033.618547781,202202091540
147,27530,8251,115,40212,Goldsboro,"",2051.8750621705,20518.750621705,2920081393.96802,465673.796837526,202202091540
148,27531,87,0,666,Goldsboro,"",1306.30630630631,13063.0630630631,123956304.007813,71472.4653387502,202202091540
149,27534,6947,103,31819,Goldsboro,"",2183.28671548446,21832.8671548446,1995982542.31616,394454.137280507,202202091540
150,27536,4521,56,16459,Henderson,"",2746.82544504526,27468.2544504526,359552678.037964,148817.062353839,202202091540
151,27537,5879,48,25321,Henderson,"",2321.7882390111,23217.882390111,5545289733.50195,795404.906342347,202202091540
152,27539,5407,12,26567,Apex,"",2035.23167839801,20352.3167839801,805959451.628174,335082.894750928,202202091540
153,27540,10345,15,39075,Holly Springs,"",2647.47280870122,26474.7280870122,1299006108.57275,339054.617126206,202202091540
154,27541,825,3,4044,Hurdle Mills,"",2040.05934718101,20400.5934718101,1979862536.66309,328579.598479954,202202091540
155,27542,2292,26,10043,Kenly,"",2282.18659763019,22821.8659763019,2499059670.1123,366253.348192187,202202091540
156,27544,952,6,4291,Kittrell,"",2218.59706362153,22185.9706362153,1645813165.28467,322022.503716068,202202091540
157,27545,9486,47,30327,Knightdale,"",3127.90582649125,31279.0582649125,885541868.759766,219250.012614228,202202091540
158,27546,5658,96,22436,Lillington,"",2521.83990016046,25218.3990016046,3433026188.83105,510775.88711738,202202091540
159,27549,6269,40,25224,Louisburg,"",2485.33143038376,24853.3143038376,6636124442.18066,817297.028533168,202202091540
160,27551,334,3,2205,Macon,"",1514.73922902494,15147.3922902494,2443966870.98499,402849.299843211,202202091540
161,27553,722,1,2030,Manson,"",3556.65024630542,35566.5024630542,1245206626.07959,217969.561788749,202202091540
162,27556,51,0,298,Middleburg,"",1711.40939597315,17114.0939597315,67850312.0914307,63490.7222823736,202202091540
163,27557,2317,17,9214,Middlesex,"",2514.65161710441,25146.5161710441,2046463550.40088,338861.342265205,202202091540
164,27559,407,1,2874,Moncure,"",1416.14474599861,14161.4474599861,1458825370.29968,366837.077035256,202202091540
165,27560,6352,17,33691,Morrisville,"",1885.36998011338,18853.6998011338,794384947.373291,268297.11970144,202202091540
166,27562,885,1,2791,New Hill,"",3170.90648513078,31709.0648513078,1862081556.93738,349507.762295745,202202091540
167,27563,1031,11,5312,Norlina,"",1940.88855421687,19408.8855421687,1943381370.69177,412640.540954252,202202091540
168,27565,5628,59,26057,Oxford,"",2159.88026250144,21598.8026250144,9219811779.9552,826827.222809143,202202091540
169,27569,2242,14,8984,Princeton,"",2495.54764024933,24955.4764024933,2107084820.73511,313917.550563748,202202091540
170,27571,2565,3,7385,Rolesville,"",3473.25660121869,34732.5660121869,149121249.193359,94251.9264704589,202202091540
171,27572,1233,5,7316,Rougemont,"",1685.34718425369,16853.4718425369,3003228111.9873,397658.617230022,202202091540
172,27573,2923,60,11561,Roxboro,"",2528.32799930802,25283.2799930802,501787874.430542,219611.309648668,202202091540
173,27574,2974,22,15232,Roxboro,"",1952.46848739496,19524.6848739496,5527133817.3114,691755.452465681,202202091540
174,27576,4926,38,20197,Selma,"",2438.97608555726,24389.7608555726,2407427117.65723,339571.106645256,202202091540
175,27577,7745,69,25214,Smithfield,"",3071.70619497105,30717.0619497105,2877290650.99841,416726.966278934,202202091540
176,27581,847,2,3956,Stem,"",2141.05156723964,21410.5156723964,1038615853.81189,246789.101888964,202202091540
177,27583,1624,11,7012,Timberlake,"",2316.02966343411,23160.2966343411,1327957318.65857,326956.719649922,202202091540
178,27587,22011,70,74087,Wake Forest,"",2970.96656633417,29709.6656633417,3132804734.81897,700749.84181148,202202091540
179,27589,1719,17,8312,Warrenton,"",2068.09432146295,20680.9432146295,4790731000.68542,626837.217934377,202202091540
180,27591,7633,38,23448,Wendell,"",3255.28829750938,32552.8829750938,1913446220.02844,380727.392057269,202202091540
181,27592,4509,17,17368,Willow Spring,"",2596.15384615385,25961.5384615385,1090932847.86865,312475.180771682,202202091540
182,27596,5634,9,18655,Youngsville,"",3020.10184937014,30201.0184937014,1519151285.28821,344366.073155402,202202091540
183,27597,8855,32,25494,Zebulon,"",3473.36628226249,34733.6628226249,3191967656.80884,568385.679042478,202202091540
184,27601,2727,8,12139,Raleigh,"",2246.47829310487,22464.7829310487,49970514.2080078,41226.7428180514,202202091540
185,27603,14252,53,55479,Raleigh,"",2568.899944123,25688.99944123,1420350588.63403,346107.072534997,202202091540
186,27604,11985,56,47645,Raleigh,"",2515.47906391017,25154.7906391017,550434833.049927,194088.121184431,202202091540
187,27605,1447,19,5253,Raleigh,"",2754.61640967066,27546.1640967066,26954475.7900391,26465.2700663817,202202091540
188,27606,10314,16,47938,Raleigh,"",2151.52905836706,21515.2905836706,750229681.939209,267151.497057326,202202091540
189,27607,5412,13,30296,Raleigh,"",1786.37443886982,17863.7443886982,519162282.902344,200611.380547666,202202091540
190,27608,2598,3,11603,Raleigh,"",2239.07610100836,22390.7610100836,91889809.9622803,55583.7467967219,202202091540
191,27609,8835,33,38631,Raleigh,"",2287.02337500971,22870.2337500971,310136046.756592,95880.1630267631,202202091540
192,27610,23734,110,74203,Raleigh,"",3198.52297076938,31985.2297076938,1211166911.84558,327751.489063643,202202091540
193,27612,8674,43,39208,Raleigh,"",2212.30361150786,22123.0361150786,428868509.332275,164483.082879678,202202091540
194,27613,9504,16,46521,Raleigh,"",2042.9483459083,20429.483459083,675406849.409912,184431.643996557,202202091540
195,27614,8098,26,37689,Raleigh,"",2148.63753349784,21486.3753349784,829063194.918701,218912.319813944,202202091540
196,27615,9603,56,46038,Raleigh,"",2085.8855727877,20858.855727877,525952454.993774,134192.839940925,202202091540
197,27616,16621,43,55260,Raleigh,"",3007.78139703221,30077.8139703221,646426991.218628,201092.505637391,202202091540
198,27617,4556,3,19511,Raleigh,"",2335.09302444775,23350.9302444775,230483847.672241,125016.743498848,202202091540
199,27701,5504,22,26489,Durham,"",2077.84363320624,20778.4363320624,147212202.097778,89264.6755119976,202202091540
200,27703,14230,45,61351,Durham,"",2319.44059591531,23194.4059591531,1376809528.09961,349864.156739062,202202091540
201,27704,10262,46,39369,Durham,"",2606.61942137215,26066.1942137215,1307759376.10449,279407.953507315,202202091540
202,27705,9190,88,48078,Durham,"",1911.4771829111,19114.771829111,1155101566.94189,288440.086812307,202202091540
203,27707,9583,21,47036,Durham,"",2037.37562717918,20373.7562717918,551326002.510864,228660.826032165,202202091540
204,27708,636,0,4635,Durham,"",1372.16828478964,13721.6828478964,24140532.868042,39624.2440738689,202202091540
205,27709,470,0,4,Durham,"",,,166810196.870483,93465.8554704914,202202091540
206,27710,20,0,0,Durham,"",,,3645590.83996582,9509.2112718363,202202091540
207,27712,4110,36,22055,Durham,"",1863.52301065518,18635.2301065518,952678558.948486,239427.124284806,202202091540
208,27713,9644,33,53996,Durham,"",1786.0582265353,17860.582265353,1004016276.63342,186930.768828538,202202091540
209,27801,4965,34,21556,Rocky Mount,"",2303.3030246799,23033.030246799,1947625744.14368,298032.749540483,202202091540
210,27803,4955,46,22337,Rocky Mount,"",2218.29251913865,22182.9251913865,1209689022.16736,314786.382274833,202202091540
211,27804,7451,114,29160,Rocky Mount,"",2555.21262002744,25552.1262002744,1207912397.80139,237805.719395059,202202091540
212,27805,583,5,3769,Aulander,"",1546.82939771823,15468.2939771823,3260348789.01416,427031.578041759,202202091540
213,27806,381,4,2441,Aurora,"",1560.83572306432,15608.3572306432,3806890944.80762,575449.481817414,202202091540
214,27807,1992,18,6940,Bailey,"",2870.31700288184,28703.1700288184,1393278091.89233,266050.599193056,202202091540
215,27808,490,7,2481,Bath,"",1975.01007658202,19750.1007658202,1375581489.5946,320371.987641635,202202091540
216,27809,1116,11,5254,Battleboro,"",2124.09592691283,21240.9592691283,2127311815.53979,418206.140952668,202202091540
217,27812,605,2,2951,Bethel,"",2050.15249068113,20501.5249068113,1796512894.90283,307599.92172387,202202091540
218,27813,188,1,687,Black Creek,"",2736.53566229985,27365.3566229985,17954681.8726807,21851.3845296183,202202091540
219,27814,328,4,1801,Blounts Creek,"",1821.2104386452,18212.104386452,2084052221.88855,349050.345630614,202202091540
220,27816,563,4,2634,Castalia,"",2137.43356112377,21374.3356112377,1727056405.90051,269780.663460197,202202091540
221,27817,1873,14,7777,Chocowinity,"",2408.38369551241,24083.8369551241,3011254799.10022,441922.251479678,202202091540
222,27818,208,1,1269,Como,"",1639.08589440504,16390.8589440504,1775223218.97412,291672.91933713,202202091540
223,27820,494,8,3292,Conway,"",1500.60753341434,15006.0753341434,1787180209.86865,300570.413456991,202202091540
224,27822,2120,23,9119,Elm City,"",2324.81631757868,23248.1631757868,2421416079.34338,500329.938801195,202202091540
225,27823,1821,15,7812,Enfield,"",2331.0291858679,23310.291858679,5279947738.18738,591795.38238411,202202091540
226,27827,60,0,99,Falkland,"",6060.60606060606,60606.0606060606,6818760.54968262,12365.1347191574,202202091540
227,27828,2332,11,9031,Farmville,"",2582.21680876979,25822.1680876979,1954373169.79175,304535.643741104,202202091540
228,27829,425,1,1872,Fountain,"",2270.29914529915,22702.9914529915,1242859232.87109,276952.810668189,202202091540
229,27830,867,12,4858,Fremont,"",1784.68505557843,17846.8505557843,1661392631.86707,301522.072838785,202202091540
230,27831,831,12,3588,Garysburg,"",2316.05351170569,23160.5351170569,1733783751.73071,369102.732751728,202202091540
231,27832,717,10,2912,Gaston,"",2462.22527472528,24622.2527472527,1029571544.94922,217897.088475999,202202091540
232,27834,16237,58,57505,Greenville,"",2823.58055821233,28235.8055821233,5082356628.8689,890421.476518531,202202091540
233,27837,1683,4,6506,Grimesland,"",2586.84291423302,25868.4291423302,1710764546.60681,462288.004070908,202202091540
234,27839,691,5,3702,Halifax,"",1866.5586169638,18665.586169638,3728459644.54443,454921.143892168,202202091540
235,27840,106,4,535,Hamilton,"",1981.30841121495,19813.0841121495,127567387.286499,59155.8177418193,202202091540
236,27842,163,1,1436,Henrico,"",1135.09749303621,11350.9749303621,414285932.678223,116849.514846702,202202091540
237,27843,262,3,946,Hobgood,"",2769.55602536998,27695.5602536998,1458584246.23853,232329.162988765,202202091540
238,27844,824,8,3039,Hollister,"",2711.41822968082,27114.1822968082,1251113401.94934,274076.283965929,202202091540
239,27845,368,11,2841,Jackson,"",1295.31854980641,12953.1854980641,2842001076.66528,416912.567186113,202202091540
240,27846,783,7,3069,Jamesville,"",2551.31964809384,25513.1964809384,3050744149.28796,442133.927899832,202202091540
241,27847,145,1,1071,Kelford,"",1353.87488328665,13538.7488328665,1048559305.60547,265580.578438826,202202091540
242,27849,280,3,1483,Lewiston Woodville,"",1888.06473364801,18880.6473364801,2062202839.65674,367759.436044124,202202091540
243,27850,1168,8,7413,Littleton,"",1575.61041413733,15756.1041413733,5554617534.52942,570792.398502674,202202091540
244,27851,1231,15,5595,Lucama,"",2200.17873100983,22001.7873100983,1253082833.57764,200836.347936783,202202091540
245,27852,670,5,3454,Macclesfield,"",1939.77996525767,19397.7996525767,1418996205.83582,268041.951522527,202202091540
246,27853,84,2,436,Margarettsville,"",1926.60550458716,19266.0550458716,1061331085.73535,233986.055045062,202202091540
247,27855,1118,8,6105,Murfreesboro,"",1831.28583128583,18312.8583128583,1379257056.24951,246550.621363096,202202091540
248,27856,4918,47,17301,Nashville,"",2842.61025374256,28426.1025374256,3696764195.94336,508647.139191862,202202091540
249,27857,288,10,1601,Oak City,"",1798.87570268582,17988.7570268582,2180191629.70935,354763.313675516,202202091540
250,27858,14944,27,58170,Greenville,"",2569.02183255974,25690.2183255974,1683129152.90881,395293.630437,202202091540
251,27860,463,6,2062,Pantego,"",2245.39282250242,22453.9282250242,4384086912.80859,475177.331131482,202202091540
252,27862,121,1,945,Pendleton,"",1280.42328042328,12804.2328042328,1337735767.81812,305131.144563485,202202091540
253,27863,2745,33,12670,Pikeville,"",2166.53512233623,21665.3512233623,1822358483.62146,414140.550515842,202202091540
254,27864,1224,9,4823,Pinetops,"",2537.83951897159,25378.3951897159,1058515929.69434,223861.53375515,202202091540
255,27865,511,9,2003,Pinetown,"",2551.17324013979,25511.7324013979,3183419700.15735,407140.115990912,202202091540
256,27866,188,2,672,Pleasant Hill,"",2797.61904761905,27976.1904761905,548856343.547363,183824.668332886,202202091540
257,27869,548,18,2167,Rich Square,"",2528.84171665898,25288.4171665898,2314340977.34839,283794.508144883,202202091540
258,27870,7372,94,26633,Roanoke Rapids,"",2767.99459317388,27679.9459317388,1958976214.39966,237465.130853914,202202091540
259,27871,1046,12,4466,Robersonville,"",2342.14061800269,23421.4061800269,2640265625.23401,370404.169208956,202202091540
260,27874,1005,15,4766,Scotland Neck,"",2108.68652958456,21086.8652958456,3988089594.78687,425091.541566969,202202091540
261,27876,256,4,1290,Seaboard,"",1984.49612403101,19844.9612403101,1161065802.28784,286123.221519332,202202091540
262,27880,828,2,3280,Sims,"",2524.39024390244,25243.9024390244,661768421.449585,178936.521495753,202202091540
263,27882,2113,16,7927,Spring Hope,"",2665.57335688154,26655.7335688154,2721376125.90833,404465.358087667,202202091540
264,27883,820,11,4361,Stantonsburg,"",1880.3026828709,18803.026828709,2149873597.18677,378850.12800901,202202091540
265,27884,370,1,1545,Stokes,"",2394.82200647249,23948.2200647249,1118165618.53992,178810.199825373,202202091540
266,27885,431,5,859,Swanquarter,"",5017.4621653085,50174.621653085,3236637890.30994,778832.459471454,202202091540
267,27886,5325,80,21595,Tarboro,"",2465.84857605927,24658.4857605927,5534275751.92761,530150.851444627,202202091540
268,27888,627,2,2803,Walstonburg,"",2236.88904744916,22368.8904744916,1661899290.0293,260588.447365408,202202091540
269,27889,7571,91,27543,Washington,"",2748.79279671786,27487.9279671786,4746901259.41052,624948.845007957,202202091540
270,27890,605,21,2398,Weldon,"",2522.93577981651,25229.3577981651,250295126.203369,88214.5142201126,202202091540
271,27891,1173,12,5011,Whitakers,"",2340.85012971463,23408.5012971463,3802342458.24487,551887.618669608,202202091540
272,27892,3774,47,14363,Williamston,"",2627.5847664137,26275.847664137,4740161664.64209,528153.604658044,202202091540
273,27893,10003,160,40647,Wilson,"",2460.94422712623,24609.4422712623,3134674028.43115,441390.734015219,202202091540
274,27896,5220,52,21212,Wilson,"",2460.87120497831,24608.7120497831,1013992738.34033,260787.736893696,202202091540
275,27897,292,1,2467,Woodland,"",1183.62383461694,11836.2383461694,1262848506.99878,250563.523857377,202202091540
276,27909,7533,110,40958,Elizabeth City,"",1839.20113286782,18392.0113286782,6356628470.42627,720925.199090357,202202091540
277,27910,2579,60,11609,Ahoskie,"",2221.55224394866,22215.5224394866,3854004911.8667,558805.248838311,202202091540
278,27915,154,1,758,Avon,"",2031.66226912929,20316.6226912929,132797325.68457,159985.858445685,202202091540
279,27916,171,1,554,Aydlett,"",3086.64259927798,30866.4259927798,175446906.710938,88834.9392660151,202202091540
280,27917,214,7,1084,Barco,"",1974.16974169742,19741.6974169742,583346697.773926,150643.300800981,202202091540
281,27922,170,4,1107,Cofield,"",1535.6820234869,15356.820234869,1372106941.59424,230585.938382193,202202091540
282,27924,645,8,3509,Colerain,"",1838.1305215161,18381.305215161,2545571117.46045,325068.518729582,202202091540
283,27925,897,7,4164,Columbia,"",2154.17867435159,21541.7867435159,9421043776.67224,822613.133571787,202202091540
284,27926,209,1,1965,Corapeake,"",1063.61323155216,10636.1323155216,1084179276.0813,176947.978129327,202202091540
285,27927,145,0,613,Corolla,"",2365.41598694943,23654.1598694943,685869287.21875,1266393.74615983,202202091540
286,27928,420,7,1888,Creswell,"",2224.57627118644,22245.7627118644,3736346955.86023,344143.792077435,202202091540
287,27929,249,2,1949,Currituck,"",1277.57824525398,12775.7824525398,352573124.774658,146317.944454099,202202091540
288,27932,3526,44,12644,Edenton,"",2788.6744701044,27886.744701044,3509551689.6084,391797.495792958,202202091540
289,27935,270,3,1674,Eure,"",1612.90322580645,16129.0322580645,1443577833.21069,213483.780281898,202202091540
290,27937,568,6,4253,Gates,"",1335.52786268516,13355.2786268516,2407949124.70361,290137.740864669,202202091540
291,27938,313,10,1430,Gatesville,"",2188.81118881119,21888.1118881119,1202645918.03784,229961.178585235,202202091540
292,27942,133,2,936,Harrellsville,"",1420.94017094017,14209.4017094017,927451831.666504,150762.800286803,202202091540
293,27944,2303,13,12230,Hertford,"",1883.07440719542,18830.7440719542,5013940953.42065,828274.577378666,202202091540
294,27946,198,0,1089,Hobbsville,"",1818.18181818182,18181.8181818182,1234977495.96777,250163.996071758,202202091540
295,27948,2397,5,12518,Kill Devil Hills,"",1914.84262661767,19148.4262661767,288939959.776123,266090.270790261,202202091540
296,27949,1393,4,7235,Kitty Hawk,"",1925.36281962681,19253.6281962681,426732703.740967,296487.58160632,202202091540
297,27950,203,0,2183,Knotts Island,"",929.912963811269,9299.12963811269,1009906812.90234,393684.159837613,202202091540
298,27957,294,8,1419,Merry Hill,"",2071.88160676533,20718.8160676533,1345289022.66797,219570.3989813,202202091540
299,27958,1990,12,12061,Moyock,"",1649.94610728795,16499.4610728795,2191273226.67993,258895.732965411,202202091540
300,27959,590,1,2451,Nags Head,"",2407.18074255406,24071.8074255406,464337538.219238,468359.824712584,202202091540
301,27962,1741,28,7439,Plymouth,"",2340.36832907649,23403.6832907649,2248894843.11377,323982.42240407,202202091540
302,27966,200,0,1473,Powells Point,"",1357.77325186694,13577.7325186694,310362212.773438,140593.315765635,202202091540
303,27968,72,0,413,Rodanthe,"",1743.34140435835,17433.4140435835,255307311.38855,376970.397727618,202202091540
304,27970,700,9,3214,Roper,"",2177.97137523335,21779.7137523335,3979984913.95898,386215.845703473,202202091540
305,27976,585,2,3561,South Mills,"",1642.79696714406,16427.9696714406,2739484648.62012,348819.066033239,202202091540
306,27979,205,0,1813,Sunbury,"",1130.72255929399,11307.2255929399,2196378526.26221,272849.595585558,202202091540
307,27982,12,0,0,Waves,"",,,5381164.09509277,11228.317119066,202202091540
308,27983,2177,36,10633,Windsor,"",2047.39960500329,20473.9960500329,9431469996.22351,861662.756904588,202202091540
309,27986,288,4,2650,Winton,"",1086.79245283019,10867.9245283019,374234308.870117,153016.850399202,202202091540
310,28001,8217,158,28360,Albemarle,"",2897.39069111425,28973.9069111425,3791255242.38873,479491.354130006,202202091540
311,28006,311,3,1136,Alexis,"",2737.67605633803,27376.7605633803,126883649.701416,88485.0702727942,202202091540
312,28012,6561,44,24276,Belmont,"",2702.66930301532,27026.6930301532,865729022.118042,170607.84187697,202202091540
313,28016,3773,41,14526,Bessemer City,"",2597.41153793198,25974.1153793198,1271825919.55414,236943.686135101,202202091540
314,28018,1345,35,5943,Bostic,"",2263.16675079926,22631.6675079926,2694770404.83051,433562.153950885,202202091540
315,28020,646,5,2464,Casar,"",2621.75324675325,26217.5324675325,1475633951.64899,260515.821792163,202202091540
316,28021,3715,55,13436,Cherryville,"",2764.9598094671,27649.598094671,1626380587.60425,391038.422631114,202202091540
317,28023,3986,49,14843,China Grove,"",2685.4409485953,26854.409485953,1273875684.14087,277795.952246167,202202091540
318,28025,13979,123,55325,Concord,"",2526.70582919114,25267.0582919114,2992149162.05573,466210.816136512,202202091540
319,28027,17543,127,74072,Concord,"",2368.3713143968,23683.713143968,1903468707.60345,332965.289746402,202202091540
320,28031,6439,34,31049,Cornelius,"",2073.81880253792,20738.1880253792,672168572.25116,151594.592125485,202202091540
321,28032,859,3,3249,Cramerton,"",2643.89042782395,26438.9042782395,59161626.1264038,51515.5503878613,202202091540
322,28033,944,8,3362,Crouse,"",2807.85246876859,28078.5246876859,509703222.739563,189532.085619349,202202091540
323,28034,5577,54,17859,Dallas,"",3122.79522929615,31227.9522929615,1273410668.68243,215322.291269956,202202091540
324,28036,3912,21,18554,Davidson,"",2108.44022852215,21084.4022852215,669928559.48645,197029.79366816,202202091540
325,28037,6163,17,23834,Denver,"",2585.80179575396,25858.0179575396,1521729514.62848,312689.389421742,202202091540
326,28039,113,4,428,East Spencer,"",2640.18691588785,26401.8691588785,13759835.5942383,34526.6128305972,202202091540
327,28040,1818,28,8270,Ellenboro,"",2198.30713422007,21983.0713422007,1773879551.02985,348064.117544276,202202091540
328,28043,5399,132,21472,Forest City,"",2514.43740685544,25144.3740685544,1816346053.52002,348394.442075552,202202091540
329,28052,10219,149,36823,Gastonia,"",2775.16769410423,27751.6769410423,1165429048.27631,189783.469072904,202202091540
330,28054,10833,132,40184,Gastonia,"",2695.84909416683,26958.4909416683,562652947.772949,139549.083675328,202202091540
331,28056,9246,84,35595,Gastonia,"",2597.55583649389,25975.5583649389,1342394953.02258,344787.60681341,202202091540
332,28071,838,8,3198,Gold Hill,"",2620.38774233896,26203.8774233896,1345839018.92865,236923.074375116,202202091540
333,28073,1508,16,5606,Grover,"",2689.97502675705,26899.7502675705,702973243.533203,143952.911566798,202202091540
334,28075,4688,28,19174,Harrisburg,"",2444.97757379785,24449.7757379785,656107496.741638,238150.023406484,202202091540
335,28078,14649,85,66079,Huntersville,"",2216.89190211716,22168.9190211716,1870251820.14679,316647.648839996,202202091540
336,28079,9878,57,39813,Indian Trail,"",2481.09913847236,24810.9913847236,1221176124.08392,283660.370334182,202202091540
337,28080,2078,10,8157,Iron Station,"",2547.50521024887,25475.0521024887,1095921164.38501,240845.709042299,202202091540
338,28081,7232,70,28249,Kannapolis,"",2560.09062267691,25600.9062267691,862858421.935425,200259.108957382,202202091540
339,28083,6740,77,25877,Kannapolis,"",2604.62959384782,26046.2959384782,582493569.448059,145983.725103448,202202091540
340,28086,7983,84,26988,Kings Mountain,"",2957.98132503335,29579.8132503335,2467878462.36133,329807.139806484,202202091540
341,28088,917,7,3059,Landis,"",2997.71167048055,29977.1167048055,72787169.9580688,52885.3256566675,202202091540
342,28090,1998,32,8506,Lawndale,"",2348.93016694098,23489.3016694098,2661358061.4715,458218.963524001,202202091540
343,28091,525,5,2353,Lilesville,"",2231.1942201445,22311.942201445,2694411423.45477,313074.926269122,202202091540
344,28092,11512,84,40052,Lincolnton,"",2874.26345750524,28742.6345750524,3216596915.74634,535483.341451104,202202091540
345,28097,1991,14,6124,Locust,"",3251.14304376225,32511.4304376225,836579136.406799,181830.474266294,202202091540
346,28098,1024,7,4010,Lowell,"",2553.61596009975,25536.1596009975,99103128.4535522,49283.194148661,202202091540
347,28103,2924,46,11346,Marshville,"",2577.11968975851,25771.1968975851,4253866560.83563,449440.107851782,202202091540
348,28104,7568,27,32469,Matthews,"",2330.8386460932,23308.386460932,824578845.587585,325979.692599077,202202091540
349,28105,9851,91,45346,Matthews,"",2172.40770961055,21724.0770961055,668165195.784729,278013.840820393,202202091540
350,28107,2387,15,8210,Midland,"",2907.4299634592,29074.299634592,1388640520.38739,250943.513182056,202202091540
351,28110,14527,133,55536,Monroe,"",2615.7807548257,26157.807548257,3676478383.48267,422255.233862207,202202091540
352,28112,7479,88,28060,Monroe,"",2665.35994297933,26653.5994297933,3713382117.46545,318461.97727687,202202091540
353,28114,1887,17,9034,Mooresboro,"",2088.77573610804,20887.7573610804,1900066101.23077,346437.871140422,202202091540
354,28115,10366,82,41536,Mooresville,"",2495.66640986133,24956.6640986133,2057262512.61176,327151.756863337,202202091540
355,28117,11125,33,47608,Mooresville,"",2336.7921357755,23367.921357755,1555969690.69189,234425.757349855,202202091540
356,28119,689,10,3034,Morven,"",2270.92946605142,22709.2946605142,1970357677.74512,298425.64822689,202202091540
357,28120,6116,61,24318,Mount Holly,"",2515.00945801464,25150.0945801464,1001654680.08618,272689.093586748,202202091540
358,28124,1749,17,7015,Mount Pleasant,"",2493.22879543835,24932.2879543835,1620148303.23315,301866.136666845,202202091540
359,28125,613,5,2657,Mount Ulla,"",2307.11328566052,23071.1328566052,1169162879.13867,198953.955252748,202202091540
360,28127,2218,15,7631,New London,"",2906.56532564539,29065.6532564539,2159940152.89789,468250.659328753,202202091540
361,28128,2080,20,8098,Norwood,"",2568.53544084959,25685.3544084959,2054286113.35083,282114.674844028,202202091540
362,28129,1595,15,6031,Oakboro,"",2644.66920908639,26446.6920908639,1226619926.53345,219035.034364981,202202091540
363,28133,673,7,2713,Peachland,"",2480.64872834501,24806.4872834501,2384968915.9574,421295.337069002,202202091540
364,28134,2779,36,11817,Pineville,"",2351.69670813235,23516.9670813235,248618254.324951,88085.4538299006,202202091540
365,28135,1179,10,5968,Polkton,"",1975.53619302949,19755.3619302949,2916374106.84241,475980.429437205,202202091540
366,28137,818,7,3843,Richfield,"",2128.54540723393,21285.4540723393,1223676252.05975,291589.496037827,202202091540
367,28138,2865,49,11659,Rockwell,"",2457.3291019813,24573.291019813,1278406256.12445,357387.534646104,202202091540
368,28139,4702,131,20134,Rutherfordton,"",2335.35313400219,23353.5313400219,5078697342.95056,674832.691106947,202202091540
369,28144,7116,95,25846,Salisbury,"",2753.23067399211,27532.3067399211,867982991.287292,279505.654446658,202202091540
370,28146,7941,90,30382,Salisbury,"",2613.71864920018,26137.1864920018,3012969418.7887,452196.720325258,202202091540
371,28147,7650,122,26204,Salisbury,"",2919.40161807358,29194.0161807358,2146390330.37,312495.471896358,202202091540
372,28150,7930,120,29296,Shelby,"",2706.85417804478,27068.5417804478,3159764942.52783,579453.815714685,202202091540
373,28152,6778,73,26078,Shelby,"",2599.12569982361,25991.2569982361,2247420971.2251,304211.560780764,202202091540
374,28159,943,28,3126,Spencer,"",3016.63467690339,30166.3467690339,51886096.1330566,42602.5220628392,202202091540
375,28160,1106,18,4015,Spindale,"",2754.6699875467,27546.699875467,170326604.450989,70799.3749654705,202202091540
376,28163,1419,8,5814,Stanfield,"",2440.6604747162,24406.604747162,970276414.142883,191731.821086023,202202091540
377,28164,3954,63,15447,Stanley,"",2559.72033404545,25597.2033404545,1144736813.58362,324856.854746788,202202091540
378,28166,2529,29,9868,Troutman,"",2562.82934738549,25628.2934738549,911716953.816406,217041.310552797,202202091540
379,28167,498,7,2418,Union Mills,"",2059.55334987593,20595.5334987593,1934997992.23633,347927.953502144,202202091540
380,28168,2920,26,10437,Vale,"",2797.73881383539,27977.3881383539,2469130589.68384,340004.345415379,202202091540
381,28170,3080,54,12494,Wadesboro,"",2465.18328797823,24651.8328797823,5053183842.2157,655726.472285972,202202091540
382,28173,14596,51,63837,Waxhaw,"",2286.44829800899,22864.4829800899,3045162637.21796,318858.064536165,202202091540
383,28174,2522,22,9287,Wingate,"",2715.62399052439,27156.2399052439,985461754.807983,246986.820118662,202202091540
384,28202,4855,3,16755,Charlotte,"",2897.64249477768,28976.4249477768,50452583.9099121,34485.9053855683,202202091540
385,28203,4729,9,19070,Charlotte,"",2479.81122181437,24798.1122181437,91001089.479126,54761.2733662689,202202091540
386,28204,2349,9,8738,Charlotte,"",2688.25818265049,26882.5818265049,48899100.5548096,40761.7265321132,202202091540
387,28205,11264,91,51821,Charlotte,"",2173.6361706644,21736.361706644,335820474.82135,104910.810677792,202202091540
388,28206,4024,21,15244,Charlotte,"",2639.72710574652,26397.2710574652,182577260.697876,71458.0502165389,202202091540
389,28207,1813,7,9761,Charlotte,"",1857.3916606905,18573.916606905,68333859.7921753,36157.3958026362,202202091540
390,28208,10874,75,39944,Charlotte,"",2722.31123573002,27223.1123573002,595973347.5495,157267.598078636,202202091540
391,28209,5201,19,26012,Charlotte,"",1999.4617868676,19994.617868676,157335764.525879,72359.4847682198,202202091540
392,28210,9493,52,44704,Charlotte,"",2123.52362204724,21235.2362204724,342547124.476257,112745.958411282,202202091540
393,28211,6115,79,31253,Charlotte,"",1956.61216523214,19566.1216523214,292827786.05603,102838.759144167,202202091540
394,28212,10447,57,42744,Charlotte,"",2444.08571963316,24440.8571963317,237710291.866211,96077.3791004252,202202091540
395,28213,12207,72,45338,Charlotte,"",2692.44342494155,26924.4342494155,412614569.613403,162252.089416931,202202091540
396,28214,11740,62,41208,Charlotte,"",2848.96136672491,28489.6136672491,965554836.030151,224926.880987092,202202091540
397,28215,16677,101,60256,Charlotte,"",2767.6911842804,27676.911842804,782010510.903748,222976.412140326,202202091540
398,28216,14864,89,58744,Charlotte,"",2530.30096690726,25303.0096690726,857978895.941772,184761.316525276,202202091540
399,28217,7047,31,30875,Charlotte,"",2282.42914979757,22824.2914979757,428067925.271423,132462.900799897,202202091540
400,28226,7546,47,40227,Charlotte,"",1875.85452556741,18758.545255674,430471271.22644,131097.087702525,202202091540
401,28227,14263,90,57319,Charlotte,"",2488.35464680124,24883.5464680124,1173416755.00244,297066.255269002,202202091540
402,28262,11002,56,43683,Charlotte,"",2518.59991300964,25185.9991300964,593648477.600464,159979.41236041,202202091540
403,28269,19238,89,81464,Charlotte,"",2361.53392909752,23615.3392909752,840640266.840637,192155.045229048,202202091540
404,28270,6347,37,34753,Charlotte,"",1826.31715247605,18263.1715247605,345778417.622314,161555.486865571,202202091540
405,28273,10667,59,40544,Charlotte,"",2630.96882399369,26309.6882399369,614626385.142517,192801.276498243,202202091540
406,28277,13718,45,72020,Charlotte,"",1904.74868092197,19047.4868092197,675381884.726379,144850.675101077,202202091540
407,28278,7969,26,32539,Charlotte,"",2449.06112664802,24490.6112664802,902762098.137573,246465.469761239,202202091540
408,28301,4483,85,17717,Fayetteville,"",2530.33809335666,25303.3809335666,348717238.9104,130217.445212828,202202091540
409,28303,6673,47,34600,Fayetteville,"",1928.61271676301,19286.1271676301,540160738.043701,179304.154504403,202202091540
410,28304,8228,41,39651,Fayetteville,"",2075.10529368742,20751.0529368742,491742944.185852,186465.416198877,202202091540
411,28305,1206,8,5010,Fayetteville,"",2407.18562874251,24071.8562874252,69895111.336731,49443.8950343603,202202091540
412,28306,10276,65,42565,Fayetteville,"",2414.19006225772,24141.9006225772,2090603260.31519,562860.488861908,202202091540
413,28307,2343,0,15486,Fort Bragg,"",1512.97946532352,15129.7946532352,174879596.356018,92732.9092032322,202202091540
414,28310,1605,0,8861,Fort Bragg,"",1811.30797878343,18113.0797878343,506286340.902344,200733.090413706,202202091540
415,28311,8399,48,36046,Fayetteville,"",2330.07823336847,23300.7823336847,1336136656.04889,240844.864072535,202202091540
416,28312,4487,50,18419,Fayetteville,"",2436.07144796134,24360.7144796134,4341373681.0871,556260.336471476,202202091540
417,28314,12713,61,53642,Fayetteville,"",2369.97129115246,23699.7129115246,816473670.87677,185615.29020179,202202091540
418,28315,3484,26,13329,Aberdeen,"",2613.84950108785,26138.4950108785,2049308469.85626,494397.056686911,202202091540
419,28318,1162,8,4579,Autryville,"",2537.67198078183,25376.7198078183,2217851356.83313,372935.466158955,202202091540
420,28320,2495,41,9381,Bladenboro,"",2659.63116938493,26596.3116938493,3248490168.58801,381864.201698899,202202091540
421,28323,1125,2,4578,Bunnlevel,"",2457.40498034076,24574.0498034076,1112191308.33496,301931.807656216,202202091540
422,28326,5272,24,22382,Cameron,"",2355.46421231347,23554.6421231347,3242119864.63824,488036.173063299,202202091540
423,28327,4641,50,18273,Carthage,"",2539.81283861435,25398.1283861435,5396542091.08795,586939.342565837,202202091540
424,28328,7563,73,26951,Clinton,"",2806.20385143408,28062.0385143408,6810728499.67102,657248.933701039,202202091540
425,28333,2484,34,10709,Dudley,"",2319.54430852554,23195.4430852554,1249687746.85376,213915.020571421,202202091540
426,28334,7510,77,26215,Dunn,"",2864.77207705512,28647.7207705512,4497238669.98419,544402.158241248,202202091540
427,28337,2987,37,11927,Elizabethtown,"",2504.40177747967,25044.0177747967,5069041872.41577,577770.225904477,202202091540
428,28338,996,10,4804,Ellerbe,"",2073.27227310575,20732.7227310575,3935542448.08881,492508.044174153,202202091540
429,28339,1904,20,7226,Erwin,"",2634.92942153335,26349.2942153335,1064553458.41333,310656.999787593,202202091540
430,28340,2673,50,10738,Fairmont,"",2489.2903706463,24892.903706463,3757196814.59872,450516.228420329,202202091540
431,28341,1041,8,5080,Faison,"",2049.2125984252,20492.125984252,2787115249.34564,421094.619116887,202202091540
432,28343,423,9,1567,Gibson,"",2699.42565411615,26994.2565411615,458723474.164063,106909.663733147,202202091540
433,28344,913,7,3814,Godwin,"",2393.81227058207,23938.1227058207,1128755315.22852,269142.265002464,202202091540
434,28345,3433,51,12656,Hamlet,"",2712.54740834387,27125.4740834387,2126402412.95966,332606.523883072,202202091540
435,28347,412,1,1826,Hoffman,"",2256.29791894852,22562.9791894852,747268691.675964,194334.44204749,202202091540
436,28348,8947,59,36052,Hope Mills,"",2481.69310995229,24816.9310995229,1166315651.14276,329846.853315969,202202091540
437,28349,1183,19,3955,Kenansville,"",2991.15044247788,29911.5044247788,1959246504.78113,326624.538750416,202202091540
438,28350,69,0,70,Lakeview,"",9857.14285714286,98571.4285714286,7876659.25891113,11657.1581787366,202202091540
439,28351,1278,10,5269,Laurel Hill,"",2425.50768646802,24255.0768646802,1788599136.13666,386362.39437636,202202091540
440,28352,6914,93,25298,Laurinburg,"",2733.02237331014,27330.2237331014,3264782876.16284,438869.872406895,202202091540
441,28356,1331,8,4914,Linden,"",2708.58770858771,27085.8770858771,1497885580.84283,286294.988335977,202202091540
442,28357,693,5,3224,Lumber Bridge,"",2149.50372208437,21495.0372208437,998095899.747498,200973.924425577,202202091540
443,28358,11166,153,38517,Lumberton,"",2898.97967131397,28989.7967131397,5499536726.32037,504386.80427759,202202091540
444,28360,4316,50,14944,Lumberton,"",2888.11563169165,28881.1563169165,1985862696.58282,363920.117329658,202202091540
445,28363,299,2,1079,Marston,"",2771.0843373494,27710.843373494,1736455559.11224,383927.716730151,202202091540
446,28364,4195,54,15170,Maxton,"",2765.32630191167,27653.2630191167,3845135736.01221,464303.223304612,202202091540
447,28365,3363,67,17063,Mount Olive,"",1970.93125476177,19709.3125476177,5449867058.99634,617077.13642774,202202091540
448,28366,1450,16,5153,Newton Grove,"",2813.8948185523,28138.948185523,2293381130.24042,414618.719505342,202202091540
449,28369,621,8,2241,Orrum,"",2771.0843373494,27710.843373494,1800121585.61136,401393.305842192,202202091540
450,28371,1775,21,7085,Parkton,"",2505.29287226535,25052.9287226535,1005950088.08063,229991.086519014,202202091540
451,28372,4695,59,15254,Pembroke,"",3077.88121148551,30778.8121148551,1147770145.91595,255857.280522167,202202091540
452,28373,621,6,2552,Pinebluff,"",2433.3855799373,24333.855799373,460329066.992676,140223.621385681,202202091540
453,28374,3545,62,18171,Pinehurst,"",1950.91079192119,19509.1079192119,609888351.153748,186776.563275303,202202091540
454,28376,11561,84,43831,Raeford,"",2637.63090050421,26376.3090050421,8255601209.37079,618028.253174215,202202091540
455,28377,3733,43,13036,Red Springs,"",2863.60846885548,28636.0846885548,2872865768.25568,446034.002241505,202202091540
456,28379,6791,107,25804,Rockingham,"",2631.76251743916,26317.6251743916,4156662320.34821,486165.084209016,202202091540
457,28382,1790,20,8006,Roseboro,"",2235.82313265051,22358.2313265051,3525739741.42773,652666.741452104,202202091540
458,28383,2183,28,7713,Rowland,"",2830.28652923635,28302.8652923635,2904453853.97415,460017.981876533,202202091540
459,28384,3286,32,12414,Saint Pauls,"",2647.01143869824,26470.1143869824,2850567240.80182,480450.415018018,202202091540
460,28385,845,3,3005,Salemburg,"",2811.98003327787,28119.8003327787,1040463355.97156,321938.125650219,202202091540
461,28386,1977,17,6068,Shannon,"",3258.07514831905,32580.7514831905,1134602512.8537,354913.796549299,202202091540
462,28387,3391,64,17139,Southern Pines,"",1978.52850224634,19785.2850224634,810260751.658813,181010.127281146,202202091540
463,28390,5028,29,23494,Spring Lake,"",2140.1208819273,21401.208819273,1630867413.08136,287302.836124698,202202091540
464,28391,1338,13,5326,Stedman,"",2512.20428088622,25122.0428088622,1084470955.12604,202263.555324583,202202091540
465,28392,417,5,1554,Tar Heel,"",2683.39768339768,26833.9768339768,925384379.987671,187529.786563955,202202091540
466,28393,512,6,2160,Turkey,"",2370.37037037037,23703.7037037037,1437383838.7915,233550.655699493,202202091540
467,28394,1279,13,6094,Vass,"",2098.78569084345,20987.8569084345,1215312777.16113,300186.221923817,202202091540
468,28395,654,3,2657,Wade,"",2461.4226571321,24614.226571321,1382105528.22943,246616.208913961,202202091540
469,28396,634,9,2679,Wagram,"",2366.5546845838,23665.546845838,1631714382.90094,330475.243709586,202202091540
470,28398,2210,32,7672,Warsaw,"",2880.60479666319,28806.0479666319,2739435952.33466,345606.723026117,202202091540
471,28399,498,3,1934,White Oak,"",2574.97414684592,25749.7414684592,2338498223.40869,308489.981388208,202202091540
472,28401,5142,77,24213,Wilmington,"",2123.65258332301,21236.5258332301,925590291.269562,302995.40520751,202202091540
473,28403,8738,39,41945,Wilmington,"",2083.20419597091,20832.0419597091,403456249.54361,135103.298695973,202202091540
474,28405,6753,46,33719,Wilmington,"",2002.72843204128,20027.2843204128,694443662.189972,212896.044608315,202202091540
475,28409,6276,31,34974,Wilmington,"",1794.47589638017,17944.7589638017,678530052.059952,626246.01836128,202202091540
476,28411,7388,51,38820,Wilmington,"",1903.14270994333,19031.4270994333,1477023573.08954,591854.549770877,202202091540
477,28412,8013,68,42977,Wilmington,"",1864.48565511785,18644.8565511785,635947452.301941,245813.217862995,202202091540
478,28420,992,15,5116,Ash,"",1939.01485535575,19390.1485535575,4030119174.4476,622951.504256467,202202091540
479,28421,316,4,2040,Atkinson,"",1549.01960784314,15490.1960784314,1701084244.28595,246250.995159076,202202091540
480,28422,1810,14,8682,Bolivia,"",2084.7730937572,20847.730937572,2520456183.00197,406510.949073509,202202091540
481,28423,570,5,2285,Bolton,"",2494.5295404814,24945.295404814,4327886518.67657,560706.237916531,202202091540
482,28425,2907,31,12625,Burgaw,"",2302.57425742574,23025.7425742574,4872852970.19843,522799.098840263,202202091540
483,28428,1216,5,7142,Carolina Beach,"",1702.6043125175,17026.043125175,153392950.326767,131890.839899376,202202091540
484,28429,1954,19,8542,Castle Hayne,"",2287.52048700538,22875.2048700539,1146009267.92944,244578.64538817,202202091540
485,28430,529,7,2055,Cerro Gordo,"",2574.20924574209,25742.0924574209,1294763521.80133,235369.368885516,202202091540
486,28431,1935,37,6741,Chadbourn,"",2870.49399198932,28704.9399198932,2019287633.59152,414968.282140325,202202091540
487,28432,611,5,1684,Clarendon,"",3628.26603325416,36282.6603325416,913029717.719559,381140.327621418,202202091540
488,28433,1204,9,5297,Clarkton,"",2272.98470832547,22729.8470832547,3257754219.81824,497145.128049415,202202091540
489,28434,239,4,1357,Council,"",1761.23802505527,17612.3802505527,2209417286.23001,262045.947095385,202202091540
490,28435,571,7,2931,Currie,"",1948.1405663596,19481.405663596,2746865502.37314,418800.327512465,202202091540
491,28436,598,6,2312,Delco,"",2586.50519031142,25865.0519031142,1250613651.60083,304067.898737589,202202091540
492,28438,456,6,1688,Evergreen,"",2701.42180094787,27014.2180094787,1324758692.31961,354385.951020838,202202091540
493,28439,354,14,1536,Fair Bluff,"",2304.6875,23046.875,667490225.496307,213264.007900786,202202091540
494,28441,819,6,3328,Garland,"",2460.9375,24609.375,3774857745.4223,555550.533903292,202202091540
495,28442,369,7,1734,Hallsboro,"",2128.0276816609,21280.276816609,1395074837.14975,336354.405393144,202202091540
496,28443,5385,32,22483,Hampstead,"",2395.14299693101,23951.4299693101,4337834719.99771,560208.032392266,202202091540
497,28444,512,3,2278,Harrells,"",2247.58560140474,22475.8560140474,3251010335.70935,548979.732892781,202202091540
498,28445,2160,21,8142,Holly Ridge,"",2652.91083271923,26529.1083271923,2835470197.40424,676482.174744673,202202091540
499,28447,249,0,1334,Ivanhoe,"",1866.56671664168,18665.6671664168,2755654733.91089,442226.920323366,202202091540
500,28448,195,1,1216,Kelly,"",1603.61842105263,16036.1842105263,2360585218.26868,400674.523076971,202202091540
501,28449,246,2,1958,Kure Beach,"",1256.38406537283,12563.8406537283,112229003.875305,80695.0045848031,202202091540
502,28450,562,11,2397,Lake Waccamaw,"",2344.59741343346,23445.9741343346,1482484363.39343,277199.450521116,202202091540
503,28451,8542,51,39194,Leland,"",2179.41521661479,21794.1521661479,5322314275.71591,771852.448618024,202202091540
504,28452,159,2,513,Longwood,"",3099.41520467836,30994.1520467836,201031402.998276,76626.878203892,202202091540
505,28453,1128,8,4137,Magnolia,"",2726.61348803481,27266.1348803481,2286467269.94287,428957.863476439,202202091540
506,28454,696,8,3549,Maple Hill,"",1961.11580726965,19611.1580726965,3064407818.25446,319144.850869928,202202091540
507,28455,499,5,1718,Nakina,"",2904.54016298021,29045.4016298021,1802269564.75485,339624.478895421,202202091540
508,28456,877,9,3566,Riegelwood,"",2459.33819405496,24593.3819405496,1872158645.14374,368901.622022321,202202091540
509,28457,2629,19,12840,Rocky Point,"",2047.50778816199,20475.0778816199,3397895880.78387,551931.996451502,202202091540
510,28458,1640,17,7018,Rose Hill,"",2336.84810487318,23368.4810487318,3025757032.09851,549753.327973728,202202091540
511,28460,2831,13,10588,Sneads Ferry,"",2673.78163959199,26737.8163959199,868820245.916626,505270.66774661,202202091540
512,28461,3522,27,20575,Southport,"",1711.78614823815,17117.8614823815,2976816159.44659,699193.372938299,202202091540
513,28462,2757,27,14309,Supply,"",1926.759382207,19267.59382207,3173815797.17627,578042.071238935,202202091540
514,28463,2777,46,9865,Tabor City,"",2815.00253421186,28150.0253421186,3441446535.6745,489113.866817468,202202091540
515,28464,752,7,2491,Teachey,"",3018.8679245283,30188.679245283,651873569.02948,216752.818849917,202202091540
516,28465,1253,12,8285,Oak Island,"",1512.37175618588,15123.7175618588,278142792.540329,260764.452809296,202202091540
517,28466,2658,49,10375,Wallace,"",2561.92771084337,25619.2771084337,4134830722.40503,646652.750223625,202202091540
518,28467,1993,28,11393,Calabash,"",1749.31975774598,17493.1975774598,478052225.035095,182374.085490172,202202091540
519,28468,790,5,5394,Sunset Beach,"",1464.59028550241,14645.9028550241,561581539.026329,281339.504069841,202202091540
520,28469,1512,25,7481,Ocean Isle Beach,"",2021.12017110012,20211.2017110012,718539224.77166,397460.188245043,202202091540
521,28470,2482,56,13446,Shallotte,"",1845.90212702663,18459.0212702663,1182514664.27979,362760.617388836,202202091540
522,28472,5211,92,20002,Whiteville,"",2605.23947605239,26052.394760524,5336860792.21823,836470.753006454,202202091540
523,28478,1092,8,4976,Willard,"",2194.53376205788,21945.3376205788,3641064446.79327,420805.470689163,202202091540
524,28479,1466,18,4874,Winnabow,"",3007.79647107099,30077.9647107099,2117768058.25922,493774.783138491,202202091540
525,28480,550,0,2737,Wrightsville Beach,"",2009.49945195469,20094.9945195469,105606171.513519,198146.556810674,202202091540
526,28501,4605,58,19507,Kinston,"",2360.6910339878,23606.910339878,2991635337.302,625626.150351651,202202091540
527,28504,5653,75,21016,Kinston,"",2689.85534830605,26898.5534830605,3402165916.96191,527051.926248192,202202091540
528,28508,570,11,2984,Albertson,"",1910.18766756032,19101.8766756032,979966062.858154,216402.11543394,202202091540
529,28510,223,0,1543,Arapahoe,"",1445.2365521711,14452.365521711,492605022.366577,160146.449017413,202202091540
530,28511,82,0,628,Atlantic,"",1305.73248407643,13057.3248407643,664520864.566406,632922.312503469,202202091540
531,28512,524,8,3689,Atlantic Beach,"",1420.4391433993,14204.391433993,159414908.561523,282548.210087653,202202091540
532,28513,2706,6,10825,Ayden,"",2499.76905311778,24997.6905311778,2611479123.85803,477095.460669019,202202091540
533,28515,592,3,3463,Bayboro,"",1709.50043315045,17095.0043315045,1758589825.68518,437586.784820445,202202091540
534,28516,2035,12,12482,Beaufort,"",1630.34770068899,16303.4770068899,3384236686.76337,1001596.71803033,202202091540
535,28518,2333,32,8803,Beulaville,"",2650.2328751562,26502.328751562,2702594658.36359,473932.945095065,202202091540
536,28521,584,12,2259,Chinquapin,"",2585.21469676848,25852.1469676848,984336924.154663,232445.955683395,202202091540
537,28523,552,3,2274,Cove City,"",2427.44063324538,24274.4063324538,2247611957.06177,297516.586083844,202202091540
538,28525,813,4,3309,Deep Run,"",2456.93563009973,24569.3563009973,1368793733.10339,260376.07892082,202202091540
539,28526,537,7,2384,Dover,"",2252.51677852349,22525.1677852349,2062614072.29626,437910.466683838,202202091540
540,28529,648,10,2539,Grantsboro,"",2552.18589996061,25521.8589996061,2523317524.60889,412017.089612735,202202091540
541,28530,1891,21,7474,Grifton,"",2530.10436178753,25301.0436178753,1906098626.48975,426610.065184873,202202091540
542,28531,204,3,1414,Harkers Island,"",1442.71570014144,14427.1570014144,96666650.4205933,159397.370996394,202202091540
543,28532,4292,12,25868,Havelock,"",1659.19282511211,16591.9282511211,5072028576.29651,874966.498361209,202202091540
544,28538,902,4,3342,Hookerton,"",2698.98264512268,26989.8264512268,837514346.679443,167225.326393657,202202091540
545,28539,3787,35,18000,Hubert,"",2103.88888888889,21038.8888888889,2158531628.89203,965472.416809674,202202091540
546,28540,11797,102,52400,Jacksonville,"",2251.3358778626,22513.358778626,3283488394.35052,547729.060516665,202202091540
547,28542,1088,0,6146,Camp Lejeune,"",1770.25707777416,17702.5707777416,1137151211.30426,554417.951637185,202202091540
548,28543,1015,2,6618,Tarawa Terrace,"",1533.69598065881,15336.9598065881,101812905.851257,81799.9494086724,202202091540
549,28546,12275,89,51963,Jacksonville,"",2362.25776032947,23622.5776032947,2766403023.01086,429757.095409677,202202091540
550,28547,4328,0,13868,Camp Lejeune,"",3120.85376406115,31208.5376406115,321351155.112183,125030.1108688,202202091540
551,28551,3366,38,14265,La Grange,"",2359.6214511041,23596.214511041,3578620059.57935,402405.541085344,202202091540
552,28553,58,1,522,Marshallberg,"",1111.11111111111,11111.1111111111,44093630.395752,64625.7950525977,202202091540
553,28555,1186,7,4702,Maysville,"",2522.33092301148,25223.3092301148,3623337430.05573,600372.548840718,202202091540
554,28557,2724,17,15254,Morehead City,"",1785.76111183952,17857.6111183952,400526127.961975,291647.007459014,202202091540
555,28560,6134,78,28926,New Bern,"",2120.58355804467,21205.8355804467,3309199654.78784,1030041.14449326,202202091540
556,28562,8015,68,38009,New Bern,"",2108.71109474072,21087.1109474072,3853792240.20764,1071472.47820274,202202091540
557,28570,4267,21,22687,Newport,"",1880.8128002821,18808.128002821,4050945831.7467,612371.091717981,202202091540
558,28571,307,3,3137,Oriental,"",978.642014663691,9786.42014663691,1482289449.53186,353024.477698561,202202091540
559,28572,1812,21,6379,Pink Hill,"",2840.5706223546,28405.706223546,3042675125.74115,395176.694907307,202202091540
560,28573,519,19,2475,Pollocksville,"",2096.9696969697,20969.696969697,3035889883.2348,360117.83631843,202202091540
561,28574,4602,42,17702,Richlands,"",2599.7062478816,25997.062478816,3868294357.7301,523654.71280993,202202091540
562,28577,90,2,595,Sealevel,"",1512.60504201681,15126.0504201681,131607264.267456,82049.6590834024,202202091540
563,28578,1120,12,7044,Seven Springs,"",1590.00567859171,15900.0567859171,1837860745.29797,304549.150963809,202202091540
564,28580,2875,38,12031,Snow Hill,"",2389.66004488405,23896.6004488405,3261656823.56982,373362.024423986,202202091540
565,28582,388,3,1824,Stella,"",2127.19298245614,21271.9298245614,566119411.242798,233745.537488706,202202091540
566,28584,2511,19,12910,Swansboro,"",1945.00387296669,19450.0387296669,870417864.570801,630505.524420814,202202091540
567,28585,884,13,4170,Trenton,"",2119.90407673861,21199.0407673861,5857263271.9624,616313.550954668,202202091540
568,28586,2600,13,8427,Vanceboro,"",3085.32099204937,30853.2099204937,3798727344.79224,393188.365406212,202202091540
569,28590,7818,21,26551,Winterville,"",2944.52186358329,29445.2186358329,1153236268.85608,260797.112041444,202202091540
570,28594,625,5,3678,Emerald Isle,"",1699.29309407287,16992.9309407287,161880563.377441,206007.395136269,202202091540
571,28601,14071,156,49848,Hickory,"",2822.78125501525,28227.8125501525,1378207425.05768,365850.750506082,202202091540
572,28602,8429,119,31218,Hickory,"",2700.04484592222,27000.4484592222,1938678919.97003,319569.803956005,202202091540
573,28604,1207,11,6449,Banner Elk,"",1871.6080012405,18716.080012405,1915326545.24634,325836.980718489,202202091540
574,28605,637,5,4143,Blowing Rock,"",1537.53318851074,15375.3318851074,895784503.144714,248689.345104093,202202091540
575,28606,497,7,2367,Boomer,"",2099.70426700465,20997.0426700465,1247639586.18042,214129.251492026,202202091540
576,28607,7087,30,37481,Boone,"",1890.82468450682,18908.2468450682,2776057252.95807,555835.873680891,202202091540
577,28609,1641,18,6457,Catawba,"",2541.42790769707,25414.2790769707,1341728385.28827,281255.134101197,202202091540
578,28610,2983,31,10238,Claremont,"",2913.65501074429,29136.5501074429,1121879522.66571,308096.881521473,202202091540
579,28612,3354,52,14906,Connelly Springs,"",2250.10063061854,22501.0063061854,2400642845.42798,441028.943696581,202202091540
580,28613,6756,91,25216,Conover,"",2679.25126903553,26792.5126903553,1220326345.78546,362168.639637895,202202091540
581,28615,321,3,1883,Creston,"",1704.72650026553,17047.2650026553,1868599532.61511,272770.247470023,202202091540
582,28617,467,4,2451,Crumpler,"",1905.34475724194,19053.4475724194,986888820.641235,263906.737953269,202202091540
583,28618,396,3,2480,Deep Gap,"",1596.77419354839,15967.7419354839,1010729766.2395,224128.286954044,202202091540
584,28621,2929,47,10400,Elkin,"",2816.34615384615,28163.4615384615,1827310682.30029,492431.108964797,202202091540
585,28622,499,2,2638,Elk Park,"",1891.58453373768,18915.8453373768,922706854.79248,228052.883765708,202202091540
586,28623,382,0,1716,Ennice,"",2226.10722610723,22261.0722610723,790959225.749146,176648.995975266,202202091540
587,28624,349,8,1893,Ferguson,"",1843.63444268357,18436.3444268357,1893859856.27216,280305.359064925,202202091540
588,28625,9478,135,38862,Statesville,"",2438.88631568113,24388.8631568113,5528677082.18164,627405.109037109,202202091540
589,28626,424,3,3001,Fleetwood,"",1412.86237920693,14128.6237920693,819063990.876587,148645.734339712,202202091540
590,28627,261,1,1534,Glade Valley,"",1701.43415906128,17014.3415906128,929851696.585571,229623.659776181,202202091540
591,28630,5064,73,20369,Granite Falls,"",2486.13088516864,24861.3088516864,1749206123.14734,364175.180926025,202202091540
592,28631,126,0,536,Grassy Creek,"",2350.74626865672,23507.4626865672,666742006.060913,167245.211138671,202202091540
593,28634,1195,15,5269,Harmony,"",2267.98253938129,22679.8253938129,1708637469.52393,380041.000632719,202202091540
594,28635,942,10,4032,Hays,"",2336.30952380952,23363.0952380952,1589254753.84888,282956.554467362,202202091540
595,28636,1330,19,5186,Hiddenite,"",2564.59699190127,25645.9699190127,1563401720.00476,343683.132287544,202202091540
596,28637,636,5,1583,Hildebran,"",4017.68793430196,40176.8793430196,75804105.8025513,39679.7431148788,202202091540
597,28638,3256,19,12560,Hudson,"",2592.35668789809,25923.5668789809,586195125.955933,179942.259882133,202202091540
598,28640,1206,23,4805,Jefferson,"",2509.8855359001,25098.855359001,1056537388.6748,302637.689495691,202202091540
599,28642,1469,19,5578,Jonesville,"",2633.56041591968,26335.6041591968,922184812.2677,173376.666314256,202202091540
600,28643,580,8,3443,Lansing,"",1684.57740342724,16845.7740342724,2044042930.41492,275858.107391136,202202091540
601,28644,283,0,1570,Laurel Springs,"",1802.54777070064,18025.4777070064,2045165288.09131,297831.47514214,202202091540
602,28645,11968,162,47621,Lenoir,"",2513.17695974465,25131.7695974465,9179149391.98291,930216.037146455,202202091540
603,28649,233,2,1034,Mc Grady,"",2253.38491295938,22533.8491295938,1036137984.80469,190682.670149615,202202091540
604,28650,3709,33,13374,Maiden,"",2773.29146104382,27732.9146104382,1278104496.07623,377336.649296681,202202091540
605,28651,1609,20,6653,Millers Creek,"",2418.45783856907,24184.5783856907,2065649255.9353,349078.290644554,202202091540
606,28654,752,12,3800,Moravian Falls,"",1978.94736842105,19789.4736842105,1821577421.53857,295573.209104024,202202091540
607,28655,13776,152,58249,Morganton,"",2365.01914195952,23650.1914195952,9153179930.14331,677983.745386269,202202091540
608,28657,2038,25,9610,Newland,"",2120.7075962539,21207.075962539,3935578521.47217,457051.359413869,202202091540
609,28658,7763,72,25858,Newton,"",3002.16567406605,30021.6567406605,2022657893.02307,451555.722478839,202202091540
610,28659,5399,81,21013,North Wilkesboro,"",2569.36182363299,25693.6182363299,2817470108.66394,743040.466864702,202202091540
611,28660,565,5,2336,Olin,"",2418.66438356164,24186.6438356164,892135691.594116,224297.744075571,202202091540
612,28665,584,6,2986,Purlear,"",1955.79370395178,19557.9370395178,1778038258.60608,240271.301413849,202202091540
613,28668,45,1,39,Roaring Gap,"",,,150579895.761963,97868.8716295681,202202091540
614,28669,688,8,3133,Roaring River,"",2195.97829556336,21959.7829556336,1299426384.18799,252536.432806369,202202091540
615,28670,766,12,3183,Ronda,"",2406.53471567703,24065.3471567703,1123975912.01135,257469.478215133,202202091540
616,28673,1474,9,6621,Sherrills Ford,"",2226.24981120677,22262.4981120677,852092289.759583,248402.605359209,202202091540
617,28675,1706,9,6805,Sparta,"",2506.98016164585,25069.8016164585,2977111225.9541,397880.218381249,202202091540
618,28676,885,7,3444,State Road,"",2569.68641114983,25696.8641114983,830902972.436646,197653.666386266,202202091540
619,28677,9269,98,35614,Statesville,"",2602.62817992924,26026.2817992924,2372250827.99042,364916.143502524,202202091540
620,28678,1299,9,5252,Stony Point,"",2473.34348819497,24733.4348819497,1249807753.12482,237772.476162198,202202091540
621,28679,318,3,2122,Sugar Grove,"",1498.5862393968,14985.862393968,636943392.934937,227619.317646308,202202091540
622,28681,6968,92,26959,Taylorsville,"",2584.66560332357,25846.6560332357,4726487412.65814,412700.759417832,202202091540
623,28682,245,2,1099,Terrell,"",2229.29936305733,22292.9936305732,164657442.78833,108427.066369374,202202091540
624,28683,441,5,1934,Thurmond,"",2280.24819027921,22802.4819027921,988749233.112671,203358.604100989,202202091540
625,28684,323,2,2175,Todd,"",1485.05747126437,14850.5747126437,1383524229.94177,292392.138653963,202202091540
626,28685,430,3,1908,Traphill,"",2253.66876310273,22536.6876310273,1296786088.98804,215086.939280452,202202091540
627,28689,444,5,1662,Union Grove,"",2671.48014440433,26714.8014440433,1218398001.86389,304792.24772459,202202091540
628,28690,2267,25,9427,Valdese,"",2404.79473851703,24047.9473851703,668624773.04187,213466.610171622,202202091540
629,28692,712,2,4504,Vilas,"",1580.81705150977,15808.1705150977,1091553223.68976,286379.955820553,202202091540
630,28693,348,2,1693,Warrensville,"",2055.52274069699,20555.2274069699,621923811.260986,170328.387778475,202202091540
631,28694,1632,23,8033,West Jefferson,"",2031.61956927673,20316.1956927673,2188720146.69934,416426.801998168,202202091540
632,28697,3228,51,13376,Wilkesboro,"",2413.27751196172,24132.7751196172,1810927272.521,565265.362104432,202202091540
633,28701,837,7,4830,Alexander,"",1732.91925465839,17329.1925465839,557040025.003723,178622.867954756,202202091540
634,28702,56,0,704,Almond,"",795.454545454546,7954.54545454545,749571990.457794,168899.042279792,202202091540
635,28704,5216,32,21728,Arden,"",2400.58910162003,24005.8910162003,1481682958.97644,329012.999643476,202202091540
636,28705,1098,9,7168,Bakersville,"",1531.80803571429,15318.0803571429,3538838336.04175,376028.663142582,202202091540
637,28711,2189,46,15250,Black Mountain,"",1435.40983606557,14354.0983606557,2289646423.50623,432841.107136649,202202091540
638,28712,3345,42,19644,Brevard,"",1702.81001832621,17028.1001832621,3743370041.24365,607196.289251342,202202091540
639,28713,2058,23,9333,Bryson City,"",2205.0787528126,22050.787528126,7085157294.99072,658029.652447303,202202091540
640,28714,4109,47,17066,Burnsville,"",2407.71123872026,24077.1123872026,7287599937.88281,538818.932986382,202202091540
641,28715,4994,41,27289,Candler,"",1830.04140862619,18300.4140862619,1975153881.5733,274379.594297132,202202091540
642,28716,3544,63,18650,Canton,"",1900.26809651475,19002.6809651475,4450693739.33826,450946.985814241,202202091540
643,28718,88,0,607,Cedar Mountain,"",1449.7528830313,14497.528830313,604740430.192017,157079.894608512,202202091540
644,28719,2012,16,6945,Cherokee,"",2897.04823614111,28970.4823614111,6313532001.74988,506970.161305605,202202091540
645,28721,2106,21,10866,Clyde,"",1938.15571507454,19381.5571507454,3262240884.20239,451646.750156333,202202091540
646,28722,1206,15,6854,Columbus,"",1759.55646337905,17595.5646337905,1330435890.70984,371441.890606651,202202091540
647,28723,2175,6,11678,Cullowhee,"",1862.47645144717,18624.7645144717,2829089767.59064,521400.904374384,202202091540
648,28726,858,11,3477,East Flat Rock,"",2467.64452113891,24676.4452113891,62782212.3257446,52681.8363735949,202202091540
649,28729,689,3,2978,Etowah,"",2313.63331094694,23136.3331094694,115914409.369507,74718.0620947517,202202091540
650,28730,1575,11,10068,Fairview,"",1564.36233611442,15643.6233611442,1334723772.69336,277836.650121475,202202091540
651,28731,1893,23,9271,Flat Rock,"",2041.85093301693,20418.5093301693,910498937.374664,308715.430561089,202202091540
652,28732,3763,16,18899,Fletcher,"",1991.11064077464,19911.1064077464,1163648233.76184,268599.174805655,202202091540
653,28734,5511,77,28423,Franklin,"",1938.92270344439,19389.2270344439,8413329787.90622,680710.034553257,202202091540
654,28736,133,0,740,Glenville,"",1797.2972972973,17972.972972973,845894035.551971,243241.394198335,202202091540
655,28739,3416,40,21994,Hendersonville,"",1553.15085932527,15531.5085932527,1809199500.98254,354883.696935042,202202091540
656,28740,406,1,2123,Green Mountain,"",1912.38813000471,19123.8813000471,2560353451.70599,391601.88482291,202202091540
657,28741,587,9,3135,Highlands,"",1872.40829346093,18724.0829346093,2488322100.83908,291652.561708351,202202091540
658,28742,570,7,2834,Horse Shoe,"",2011.29146083275,20112.9146083275,759756422.807678,323788.261855292,202202091540
659,28745,167,0,598,Lake Junaluska,"",2792.64214046823,27926.4214046823,24208240.7459412,20619.3143809221,202202091540
660,28746,370,9,2583,Lake Lure,"",1432.44289585753,14324.4289585753,1635267198.94843,301403.103342596,202202091540
661,28747,296,10,2517,Lake Toxaway,"",1176.00317838697,11760.0317838697,1644170650.80768,278687.825520296,202202091540
662,28748,2341,19,12684,Leicester,"",1845.63229265216,18456.3229265216,2568900770.12885,433742.542694055,202202091540
663,28751,672,11,3738,Maggie Valley,"",1797.75280898876,17977.5280898876,1196971956.93442,252655.252396679,202202091540
664,28752,8707,94,31501,Marion,"",2764.03923684962,27640.3923684962,6843838240.70496,729852.019397461,202202091540
665,28753,2514,39,12286,Marshall,"",2046.23148298877,20462.3148298877,7221367422.4903,582321.875436498,202202091540
666,28754,1865,30,8823,Mars Hill,"",2113.79349427632,21137.9349427632,2532637146.55933,336365.654274913,202202091540
667,28756,823,4,4770,Mill Spring,"",1725.36687631027,17253.6687631027,2319967191.40479,359387.276461913,202202091540
668,28759,1466,8,7867,Mills River,"",1863.48036100165,18634.8036100165,710290580.507599,219074.688607407,202202091540
669,28761,2201,32,8493,Nebo,"",2591.54597904156,25915.4597904156,3254647047.74689,448908.605974668,202202091540
670,28762,1677,13,7603,Old Fort,"",2205.70827305011,22057.0827305011,2996741187.4848,387268.208256282,202202091540
671,28763,436,7,2864,Otto,"",1522.34636871508,15223.4636871508,1145043002.66425,202810.842815888,202202091540
672,28766,304,2,1526,Penrose,"",1992.13630406291,19921.3630406291,159626292.482056,88900.5625977205,202202091540
673,28768,1247,5,7895,Pisgah Forest,"",1579.4806839772,15794.806839772,2244655883.74216,321689.536597621,202202091540
674,28771,2096,30,8212,Robbinsville,"",2552.36239649294,25523.6239649294,9086438704.3884,732920.807564291,202202091540
675,28773,646,13,3508,Saluda,"",1841.50513112885,18415.0513112885,1396855034.24573,267712.497423626,202202091540
676,28775,75,3,493,Scaly Mountain,"",1521.29817444219,15212.9817444219,456631744.06662,130336.94180952,202202091540
677,28777,2578,26,10391,Spruce Pine,"",2480.99316716389,24809.9316716389,1968811938.32007,332780.684408784,202202091540
678,28778,1837,18,10803,Swannanoa,"",1700.4535777099,17004.535777099,692162823.950317,188030.795128165,202202091540
679,28779,3476,50,17610,Sylva,"",1973.87847813742,19738.7847813742,3287520334.70795,472387.421611018,202202091540
680,28782,948,13,6512,Tryon,"",1455.77395577396,14557.7395577396,1239852111.02036,390005.579825198,202202091540
681,28783,281,3,1905,Tuckasegee,"",1475.0656167979,14750.656167979,2507065764.50815,412465.098737655,202202091540
682,28785,1228,9,8309,Waynesville,"",1477.91551329883,14779.1551329883,4680111391.07288,434987.630089387,202202091540
683,28786,4144,65,21837,Waynesville,"",1897.69657004167,18976.9657004167,2130537927.5513,319219.020654078,202202091540
684,28787,4114,49,20681,Weaverville,"",1989.26550940477,19892.6550940477,2146776657.76654,337936.038355961,202202091540
685,28789,1123,12,6551,Whittier,"",1714.24210044268,17142.4210044268,1731085189.80936,281392.474737519,202202091540
686,28790,668,6,3775,Zirconia,"",1769.53642384106,17695.3642384106,1184634316.47168,272368.233599775,202202091540
687,28791,2865,40,15811,Hendersonville,"",1812.02959964582,18120.2959964582,466838231.125,123544.27336528,202202091540
688,28792,7574,103,37949,Hendersonville,"",1995.83651743129,19958.3651743129,2892120004.20319,483608.715059926,202202091540
689,28801,2652,31,16782,Asheville,"",1580.26456918127,15802.6456918127,142991050.123962,66531.4000304091,202202091540
690,28803,5615,67,34731,Asheville,"",1616.71129538453,16167.1129538453,1148499781.62708,221583.067984848,202202091540
691,28804,3342,34,23302,Asheville,"",1434.21165565188,14342.1165565188,818376430.368896,216401.982596761,202202091540
692,28805,2817,38,20394,Asheville,"",1381.28861429832,13812.8861429832,743578799.615234,203043.782551957,202202091540
693,28806,7835,78,43841,Asheville,"",1787.13989188203,17871.3989188203,1123591112.45288,297671.815966071,202202091540
694,28901,1257,20,6039,Andrews,"",2081.47044212618,20814.7044212618,1881090750.42804,271571.032581688,202202091540
695,28902,268,1,1562,Brasstown,"",1715.7490396927,17157.490396927,645585335.657318,162521.113458697,202202091540
696,28904,2001,35,9535,Hayesville,"",2098.58416360776,20985.8416360776,5317145252.91805,403950.005454209,202202091540
697,28905,806,10,3548,Marble,"",2271.702367531,22717.02367531,1058320723.96715,269002.244098821,202202091540
698,28906,4355,57,20296,Murphy,"",2145.7430035475,21457.430035475,9849733400.34212,586826.324547444,202202091540
699,28909,189,4,1068,Warne,"",1769.66292134831,17696.6292134831,269492752.319427,107722.293423693,202202091540
700,27533,616,3,0,"","",,,18055719.4014893,15817.3715737294,202202091540
701,27340,26,1,34,Saxapahaw,"",7647.05882352941,76470.5882352941,694758.987792969,3852.87240074502,202202091540
702,27411,185,0,847,Greensboro,"",2184.17945690673,21841.7945690673,713742.998291016,5860.23208289576,202202091540
703,27412,80,0,1886,Greensboro,"",424.178154825027,4241.78154825027,4771290.83532715,13054.7888333439,202202091540
704,27498,,,13,Greensboro,Population <500 and Cases <5,,,3369264.12316895,7774.18760349114,202202091540
705,27599,36,0,0,Chapel Hill,"",,,4275416.30163574,15555.1510255833,202202091540
706,27706,,,10,Durham,Population <500 and Cases <5,,,1281872.18347168,6816.757693542,202202091540
707,27711,,,62,Durham,Population <500 and Cases <5,,,11690491.0200195,25227.7794868175,202202091540
708,27810,892,10,4224,Belhaven,"",2111.74242424242,21117.4242424242,5320714553.85889,863428.562860574,202202091540
709,27821,70,1,343,Edward,"",2040.81632653061,20408.1632653061,180879118.265869,102716.617789089,202202091540
710,27824,266,1,1540,Engelhard,"",1727.27272727273,17272.7272727273,5755622445.56714,766498.765242208,202202091540
711,27826,157,2,1245,Fairfield,"",1261.04417670683,12610.4417670683,5502010014.61365,681909.128335756,202202091540
712,27841,31,1,84,Hassell,"",3690.47619047619,36904.7619047619,5972995.94189453,12505.2057352129,202202091540
713,27872,63,1,429,Roxobel,"",1468.53146853147,14685.3146853147,78668396.3901367,60062.9164687203,202202091540
714,27875,114,3,511,Scranton,"",2230.91976516634,22309.1976516634,1462926064.75208,668994.049821798,202202091540
715,27881,17,0,323,Speed,"",526.315789473684,5263.15789473684,45624486.2655029,35379.3892263349,202202091540
716,27919,208,2,1211,Belvidere,"",1717.58876961189,17175.8876961189,1805677755.21484,260299.205087965,202202091540
717,27920,270,0,1415,Buxton,"",1908.12720848057,19081.2720848057,251417477.481567,169552.58818934,202202091540
718,27921,812,7,5366,Camden,"",1513.23145732389,15132.3145732389,2216306760.15601,371309.805402765,202202091540
719,27923,112,0,990,Coinjock,"",1131.31313131313,11313.1313131313,442853112.258789,222994.427279021,202202091540
720,27936,112,1,961,Frisco,"",1165.45265348595,11654.5265348595,134638106.065186,108288.074251883,202202091540
721,27939,548,6,3370,Grandy,"",1626.11275964392,16261.1275964392,296874050.40332,237784.484514938,202202091540
722,27941,131,0,670,Harbinger,"",1955.22388059701,19552.2388059701,66348159.842041,42125.3614314888,202202091540
723,27943,95,0,491,Hatteras,"",1934.82688391039,19348.2688391039,82146889.1915283,162150.406610954,202202091540
724,27947,166,1,845,Jarvisburg,"",1964.49704142012,19644.9704142012,181991023.044922,117825.871497151,202202091540
725,27953,225,1,992,Manns Harbor,"",2268.14516129032,22681.4516129032,4841742826.08521,775886.839802655,202202091540
726,27954,1325,6,6405,Manteo,"",2068.69633099141,20686.9633099141,346159524.466309,171104.045001834,202202091540
727,27956,59,2,328,Maple,"",1798.78048780488,17987.8048780488,91616147.3259277,62675.9008746753,202202091540
728,27960,179,0,899,Ocracoke,"",1991.10122358176,19911.0122358176,272996211.932129,221416.979930584,202202091540
729,27964,95,1,653,Point Harbor,"",1454.82388973966,14548.2388973966,40700993.1791992,29044.1496807834,202202091540
730,27965,90,0,611,Poplar Branch,"",1472.99509001637,14729.9509001637,362463348.010742,286670.57703568,202202091540
731,27972,19,0,196,Salvo,"",969.387755102041,9693.87755102041,25839959.5158691,77591.8753697891,202202091540
732,27973,273,0,1493,Shawboro,"",1828.53315472204,18285.3315472204,1350823542.63281,279776.313560853,202202091540
733,27974,183,0,1375,Shiloh,"",1330.90909090909,13309.0909090909,1282875105.52026,448552.234751616,202202091540
734,27978,31,0,221,Stumpy Point,"",1402.7149321267,14027.149321267,3250437066.68713,488663.160212978,202202091540
735,27980,556,7,2075,Tyner,"",2679.51807228916,26795.1807228916,1319096560.03711,208839.628959426,202202091540
736,27981,343,1,1863,Wanchese,"",1841.11647879764,18411.1647879764,183167116.380371,177755.254740471,202202091540
737,28077,120,1,557,High Shoals,"",2154.39856373429,21543.9856373429,25098303.871521,27989.3633622467,202202091540
738,28101,170,3,465,Mc Adenville,"",3655.91397849462,36559.1397849462,12210373.4969482,19058.3264759027,202202091540
739,28223,38,0,2941,Charlotte,"",129.207752465148,1292.07752465148,16745950.1914673,34959.7943637767,202202091540
740,28308,23,0,737,Pope Army Airfield,"",312.075983717775,3120.75983717775,90374263.7665405,45243.1542141805,202202091540
741,28375,45,0,155,Proctorville,"",2903.22580645161,29032.2580645161,16154829.5779114,21293.1141646593,202202091540
742,28519,115,2,328,Bridgeton,"",3506.09756097561,35060.9756097561,3782179.40026855,11964.2990373982,202202091540
743,28520,48,1,352,Cedar Island,"",1363.63636363636,13636.3636363636,633116579.775757,427477.052966736,202202091540
744,28524,74,1,443,Davis,"",1670.42889390519,16704.2889390519,547256692.822876,860357.358716607,202202091540
745,28527,294,2,905,Ernul,"",3248.61878453039,32486.1878453039,1145978492.04919,209684.397786102,202202091540
746,28528,98,0,640,Gloucester,"",1531.25,15312.5,74196560.923584,79933.9347539672,202202091540
747,28533,328,0,0,Cherry Point,"",,,253735788.170532,192645.367219711,202202091540
748,28537,30,0,186,Hobucken,"",1612.90322580645,16129.0322580645,891999129.25647,352204.851723087,202202091540
749,28544,1215,11,5607,Midway Park,"",2166.9341894061,21669.341894061,155759986.503357,92182.0384683424,202202091540
750,28545,383,0,4010,Mccutcheon Field,"",955.112219451372,9551.12219451371,145247654.855835,101700.276162633,202202091540
751,28552,22,0,131,Lowland,"",1679.3893129771,16793.893129771,211084218.553589,104037.967496467,202202091540
752,28556,154,5,1150,Merritt,"",1339.13043478261,13391.3043478261,1139666751.30212,394317.853497313,202202091540
753,28561,80,1,0,New Bern,"",,,195198.709350586,2618.49962886206,202202091540
754,28579,78,0,798,Smyrna,"",977.443609022556,9774.43609022556,633080494.557556,233023.142000653,202202091540
755,28581,31,1,224,Stacy,"",1383.92857142857,13839.2857142857,2404669972.88318,703346.462367878,202202091540
756,28583,33,1,0,Stonewall,"",,,596710.740722656,3607.20989795631,202202091540
757,28587,61,1,324,Vandemere,"",1882.71604938272,18827.1604938272,250612018.426636,182903.197478108,202202091540
758,28611,157,3,978,Collettsville,"",1605.31697341513,16053.1697341513,2483135872.03735,419111.187381629,202202091540
759,28629,29,0,63,Glendale Springs,"",4603.1746031746,46031.746031746,18113919.8492432,19773.9407564207,202202091540
760,28646,174,1,463,Linville,"",3758.09935205184,37580.9935205184,440709602.757813,156576.175660301,202202091540
761,28663,140,0,715,Piney Creek,"",1958.04195804196,19580.4195804196,577849850.650269,137228.322788793,202202091540
762,28667,110,2,105,Rhodhiss,"",,,1309548.80932617,6065.66147149414,202202091540
763,28672,9,0,35,Scottville,"",2571.42857142857,25714.2857142857,62555584.7313232,47932.7256464108,202202091540
764,28698,378,3,1844,Zionville,"",2049.89154013015,20498.9154013015,762471326.925049,227334.653867248,202202091540
765,28708,111,2,1340,Balsam Grove,"",828.358208955224,8283.58208955224,795626278.709686,241272.033803256,202202091540
766,28709,402,3,2308,Barnardsville,"",1741.76776429809,17417.6776429809,1635213770.4093,231197.383485249,202202091540
767,28717,354,5,1471,Cashiers,"",2406.52617267165,24065.2617267165,1160000231.10587,300525.403558474,202202091540
768,28720,16,0,35,Chimney Rock,"",4571.42857142857,45714.2857142857,47877696.5422974,47768.4833790312,202202091540
769,28725,85,2,36,Dillsboro,"",,,1395548.49920654,7541.63511359509,202202091540
770,28733,17,0,200,Fontana Dam,"",850,8500,498075903.916718,200917.740964481,202202091540
771,28735,36,0,294,Gerton,"",1224.48979591837,12244.8979591837,137680777.623108,92735.3834552802,202202091540
772,28743,394,8,2422,Hot Springs,"",1626.75474814203,16267.5474814203,2855463957.34918,351331.648547095,202202091540
773,28749,14,0,0,Little Switzerland,"",,,1713987.45050049,8852.52475284555,202202091540
774,28757,101,0,0,Montreat,"",,,129672.114624023,2617.87913210505,202202091540
775,28772,343,2,1942,Rosman,"",1766.22039134912,17662.2039134912,577124059.134399,256613.212684218,202202091540
776,28774,201,3,1569,Sapphire,"",1281.0707456979,12810.707456979,1130246511.80005,224488.61951138,202202091540
777,28781,143,0,957,Topton,"",1494.25287356322,14942.5287356322,2402982140.90009,297913.620657843,202202091540
778,27969,7,0,0,Roduco,"",,,724387.010986328,3958.82496624679,202202091540
779,28253,,,0,Charlotte,Population <500 and Cases <5,,,133339.295837402,3050.2273713774,202202091540
780,28608,148,0,0,Boone,"",,,274774.708862305,3583.90419251761,202202091540
