OBJECTID,ZIPCode,Cases,Deaths,TotalPop,Place,Note,RatePer10K,RatePer100K,Shape__Area,Shape__Length,DataGatherTS
1,27006,4306,22,14872,Advance,"",2895.37385691232,28953.7385691232,1744189234.37061,355282.663136038,202210221640
2,27007,726,9,2136,Ararat,"",3398.87640449438,33988.7640449438,592499585.594238,195922.003442792,202210221640
3,27009,811,9,2937,Belews Creek,"",2761.32107592782,27613.2107592782,618093097.011353,191244.647442635,202210221640
4,27011,1967,20,5411,Boonville,"",3635.18758085382,36351.8758085382,1489580093.86462,316910.589814884,202210221640
5,27012,9080,90,28954,Clemmons,"",3136.00884161083,31360.0884161083,1176567385.86804,255774.303165276,202210221640
6,27013,1887,14,6495,Cleveland,"",2905.31177829099,29053.1177829099,2066336247.98627,379169.285246239,202210221640
7,27014,326,6,957,Cooleemee,"",3406.47857889237,34064.7857889237,21479098.032959,22299.1178929161,202210221640
8,27016,656,11,1682,Danbury,"",3900.11890606421,39001.1890606421,1068209590.0686,211061.413302457,202210221640
9,27017,3431,35,9499,Dobson,"",3611.95915359511,36119.5915359511,2962951682.04883,566348.974052303,202210221640
10,27018,2533,16,8221,East Bend,"",3081.13368203382,30811.3368203382,2331567909.96985,255811.974556888,202210221640
11,27019,1063,8,4234,Germanton,"",2510.62824752008,25106.2824752008,977414017.819214,270248.259734795,202210221640
12,27020,2172,14,6104,Hamptonville,"",3558.32241153342,35583.2241153342,2114111622.36755,316969.486887135,202210221640
13,27021,5932,94,17979,King,"",3299.40486122699,32994.0486122699,1469376476.14172,210392.900707099,202210221640
14,27022,384,4,1512,Lawsonville,"",2539.68253968254,25396.8253968254,918745327.278442,200803.000966771,202210221640
15,27023,3637,17,12775,Lewisville,"",2846.96673189824,28469.6673189824,807172159.002075,183078.980128526,202210221640
16,27024,877,10,2683,Lowgap,"",3268.72903466269,32687.2903466269,1265827411.39758,278411.484773322,202210221640
17,27025,2983,51,11117,Madison,"",2683.27786273275,26832.7786273275,2714649364.33142,468723.596670607,202210221640
18,27027,1086,23,4017,Mayodan,"",2703.51008215086,27035.1008215086,548179131.574585,172371.363079245,202210221640
19,27028,8798,88,28039,Mocksville,"",3137.77238845893,31377.7238845893,5475621774.30664,567238.136149726,202210221640
20,27030,13241,225,37641,Mount Airy,"",3517.70675593103,35177.0675593103,4824085732.75671,624989.724929864,202210221640
21,27040,3547,22,13150,Pfafftown,"",2697.33840304183,26973.3840304183,763349953.536133,205025.773716105,202210221640
22,27041,2512,31,8020,Pilot Mountain,"",3132.16957605985,31321.6957605985,1629462738.40637,324677.141569035,202210221640
23,27042,191,3,720,Pine Hall,"",2652.77777777778,26527.7777777778,290758639.069458,113971.243586081,202210221640
24,27043,1948,16,6442,Pinnacle,"",3023.90561937287,30239.0561937287,1935795027.06067,395674.180712495,202210221640
25,27045,3276,25,9583,Rural Hall,"",3418.55368882396,34185.5368882396,666085549.25769,154538.589918543,202210221640
26,27046,504,8,1953,Sandy Ridge,"",2580.64516129032,25806.4516129032,1237681699.0647,217125.573744555,202210221640
27,27047,420,3,1279,Siloam,"",3283.81548084441,32838.1548084441,576295820.815674,144984.839113672,202210221640
28,27048,2309,27,8902,Stoneville,"",2593.79914625927,25937.9914625927,2355000804.03674,325454.766660312,202210221640
29,27050,1170,14,4084,Tobaccoville,"",2864.83839373164,28648.3839373164,703876500.567505,219088.1792708,202210221640
30,27051,2492,21,8287,Walkertown,"",3007.119584892,30071.19584892,524680317.775635,151066.808563308,202210221640
31,27052,3006,45,10061,Walnut Cove,"",2987.77457509194,29877.7457509194,2710320219.82117,403203.611044297,202210221640
32,27053,792,9,3156,Westfield,"",2509.50570342205,25095.0570342205,2152815477.55933,413464.446930883,202210221640
33,27054,838,13,2608,Woodleaf,"",3213.19018404908,32131.9018404908,778193820.583862,201172.963339102,202210221640
34,27055,5595,59,14521,Yadkinville,"",3853.04042421321,38530.4042421321,3115987965.39453,403366.492297811,202210221640
35,27101,6058,66,24321,Winston Salem,"",2490.85152748653,24908.5152748653,356085731.400146,162957.922513792,202210221640
36,27103,10544,88,36071,Winston Salem,"",2923.12383909512,29231.2383909512,527249856.672729,146399.561156354,202210221640
37,27104,8384,67,29383,Winston Salem,"",2853.35057686417,28533.5057686417,337669863.683838,130394.134288752,202210221640
38,27105,12287,87,40186,Winston Salem,"",3057.53247399592,30575.3247399592,950547784.577881,208375.813794777,202210221640
39,27106,13654,103,51378,Winston Salem,"",2657.55770952548,26575.5770952548,787324720.967285,203893.681115083,202210221640
40,27107,14778,114,52432,Winston Salem,"",2818.50778150748,28185.0778150748,1859279716.41162,319111.813640457,202210221640
41,27127,12148,60,38510,Winston Salem,"",3154.50532329265,31545.0532329265,820319160.873047,213438.375685158,202210221640
42,27157,217,1,5,Winston Salem,"",,,827769.094482422,4216.57245655308,202210221640
43,27203,7135,81,21876,Asheboro,"",3261.56518559152,32615.6518559152,589408161.410522,188062.356665824,202210221640
44,27205,9777,85,34549,Asheboro,"",2829.89377406003,28298.9377406003,6255653514.79199,588011.232518038,202210221640
45,27207,986,4,3806,Bear Creek,"",2590.64634787178,25906.4634787178,2300194678.82397,473699.237818466,202210221640
46,27208,446,4,1691,Bennett,"",2637.49260792431,26374.9260792431,1029479783.1405,215638.108979383,202210221640
47,27209,1533,51,4151,Biscoe,"",3693.08600337268,36930.8600337268,1198089302.20734,259108.004034657,202210221640
48,27212,665,1,1600,Blanch,"",4156.25,41562.5,1328181375.12305,277007.399750669,202210221640
49,27214,3300,25,11747,Browns Summit,"",2809.2278879714,28092.278879714,1414533235.94788,324969.09283087,202210221640
50,27215,14416,148,44892,Burlington,"",3211.26258576138,32112.6258576138,1827823774.30115,298200.358945539,202210221640
51,27217,14261,171,39111,Burlington,"",3646.28876786582,36462.8876786582,3473433663.33496,513818.514768521,202210221640
52,27229,1302,25,4014,Candor,"",3243.64723467863,32436.4723467863,2747739848.89313,367384.611313313,202210221640
53,27231,490,2,2048,Cedar Grove,"",2392.578125,23925.78125,987771348.581177,209108.769362036,202210221640
54,27233,913,8,3647,Climax,"",2503.42747463669,25034.2747463669,703252829.253662,187154.002103637,202210221640
55,27235,1300,16,4575,Colfax,"",2841.53005464481,28415.3005464481,380654027.583252,148521.339190304,202210221640
56,27239,2622,30,9629,Denton,"",2723.02419773601,27230.2419773601,4319759872.9696,429373.198159065,202210221640
57,27242,609,9,2668,Eagle Springs,"",2282.60869565217,22826.0869565217,1480408484.01825,321391.030328654,202210221640
58,27243,1114,6,4665,Efland,"",2387.99571275455,23879.9571275455,1142332751.10315,311755.144165645,202210221640
59,27244,5845,36,16259,Elon,"",3594.93203764069,35949.3203764069,1541989025.453,399696.340130383,202210221640
60,27248,1235,14,4835,Franklinville,"",2554.29162357808,25542.9162357808,942909114.352783,215710.992817748,202210221640
61,27249,3855,33,13355,Gibsonville,"",2886.55934107076,28865.5934107076,1679803774.77087,397477.611919869,202210221640
62,27252,407,4,2264,Goldston,"",1797.70318021201,17977.0318021201,1142470673.17163,220926.147155477,202210221640
63,27253,10905,101,31464,Graham,"",3465.86575133486,34658.6575133486,2351372927.78931,521476.969804175,202210221640
64,27258,2212,15,7740,Haw River,"",2857.8811369509,28578.811369509,473631125.268677,312686.877842212,202210221640
65,27260,6748,89,25696,High Point,"",2626.0896637609,26260.896637609,348441568.963501,133229.878739789,202210221640
66,27262,6037,97,24764,High Point,"",2437.81295428848,24378.1295428848,368730084.700928,171087.864383377,202210221640
67,27263,5886,88,22320,High Point,"",2637.09677419355,26370.9677419355,1121512604.52234,249658.228757679,202210221640
68,27265,13534,115,50038,High Point,"",2704.74439426036,27047.4439426036,1172957282.41284,307481.490778656,202210221640
69,27268,468,0,1695,High Point,"",2761.06194690265,27610.6194690265,2495618.64758301,8251.66869064816,202210221640
70,27278,7051,31,27181,Hillsborough,"",2594.09146094699,25940.9146094699,2885765742.02771,502574.675043234,202210221640
71,27281,863,7,3710,Jackson Springs,"",2326.14555256065,23261.4555256065,2095606802.2608,479969.724586593,202210221640
72,27282,4272,46,16597,Jamestown,"",2573.95914924384,25739.5914924384,404066994.873657,168803.970950205,202210221640
73,27283,792,8,2982,Julian,"",2655.93561368209,26559.3561368209,711286368.914917,161239.518798817,202210221640
74,27284,16382,161,56201,Kernersville,"",2914.89475276241,29148.9475276241,2233069317.10205,420748.080109326,202210221640
75,27288,6991,96,23585,Eden,"",2964.17214331143,29641.7214331143,1951079100.05676,304615.616752016,202210221640
76,27291,391,2,1538,Leasburg,"",2542.26267880364,25422.6267880364,1492904663.44434,314720.3653191,202210221640
77,27292,12799,109,41465,Lexington,"",3086.69962619076,30866.9962619076,4270233445.18579,407599.915340798,202210221640
78,27295,12990,110,39191,Lexington,"",3314.53650072721,33145.3650072721,3631502180.53174,466742.919509857,202210221640
79,27298,2802,22,10440,Liberty,"",2683.90804597701,26839.0804597701,2639148530.03284,431527.987760386,202210221640
80,27299,1899,17,5254,Linwood,"",3614.38903692425,36143.8903692425,822543412.257813,203597.604040364,202210221640
81,27301,3179,32,10019,Mc Leansville,"",3172.97135442659,31729.7135442659,900133716.655151,287107.537324028,202210221640
82,27302,10143,51,32302,Mebane,"",3140.05324747694,31400.5324747694,3198656461.27478,644303.594275321,202210221640
83,27305,420,4,1585,Milton,"",2649.84227129338,26498.4227129338,687167820.539429,263836.485514183,202210221640
84,27306,2000,25,5945,Mount Gilead,"",3364.17157275021,33641.7157275021,5305900334.83325,426306.558627535,202210221640
85,27310,2108,8,8562,Oak Ridge,"",2462.04157907031,24620.4157907031,526240082.103149,140986.043049622,202210221640
86,27311,904,7,3220,Pelham,"",2807.45341614907,28074.5341614907,1338371966.32642,293760.993606137,202210221640
87,27312,4707,36,22205,Pittsboro,"",2119.79283945057,21197.9283945057,5005768374.64233,617961.777569282,202210221640
88,27313,1751,36,7288,Pleasant Garden,"",2402.57958287596,24025.7958287596,760352714.59021,181619.740165306,202210221640
89,27314,265,2,1138,Prospect Hill,"",2328.6467486819,23286.467486819,773578280.842896,162162.976448062,202210221640
90,27315,445,1,2140,Providence,"",2079.43925233645,20794.3925233645,697810511.310425,179457.95829655,202210221640
91,27316,1952,27,7156,Ramseur,"",2727.78088317496,27277.8088317496,1975410509.03577,278228.393914437,202210221640
92,27317,5286,56,17851,Randleman,"",2961.17864545404,29611.7864545404,1700826686.43616,339539.515262609,202210221640
93,27320,10820,106,38894,Reidsville,"",2781.92009050239,27819.2009050239,6966725984.64832,658218.836963247,202210221640
94,27325,1974,21,7676,Robbins,"",2571.65190203231,25716.5190203231,2401051783.47894,409075.895347678,202210221640
95,27326,1012,5,3692,Ruffin,"",2741.06175514626,27410.6175514626,1884156536.74561,359587.547530237,202210221640
96,27330,12229,107,39529,Sanford,"",3093.67805914645,30936.7805914645,6011213414.18433,528161.840140258,202210221640
97,27332,9454,71,33549,Sanford,"",2817.96774866613,28179.6774866613,2996782209.29614,417113.1648361,202210221640
98,27341,1411,13,5820,Seagrove,"",2424.39862542955,24243.9862542955,2678433259.4787,311632.157547413,202210221640
99,27343,381,0,1840,Semora,"",2070.65217391304,20706.5217391304,1390260353.39624,348769.311430722,202210221640
100,27344,5300,52,19290,Siler City,"",2747.53758424054,27475.3758424054,4591228058.44531,607903.308882545,202210221640
101,27349,1888,11,5850,Snow Camp,"",3227.35042735043,32273.5042735043,1831279532.651,381750.490582419,202210221640
102,27350,1891,20,7508,Sophia,"",2518.64677677144,25186.4677677144,1066449848.573,204602.636460839,202210221640
103,27355,702,5,3196,Staley,"",2196.49561952441,21964.9561952441,1016358702.6969,245160.332752788,202210221640
104,27356,860,10,3513,Star,"",2448.05009962995,24480.5009962995,1815293543.21783,348288.379855761,202210221640
105,27357,2730,36,8325,Stokesdale,"",3279.27927927928,32792.7927927928,1273124268.28796,223115.118835702,202210221640
106,27358,3440,16,15960,Summerfield,"",2155.38847117794,21553.8847117794,1557557662.14905,323017.176053331,202210221640
107,27360,14001,146,48331,Thomasville,"",2896.89847096067,28968.9847096067,2458732404.91687,372395.85217249,202210221640
108,27370,4381,68,14622,Trinity,"",2996.17015456162,29961.7015456162,1663817222.16028,344702.900725307,202210221640
109,27371,2285,26,7778,Troy,"",2937.77320647982,29377.7320647982,4076136455.00793,473833.643450898,202210221640
110,27376,2770,31,9884,West End,"",2802.50910562525,28025.0910562525,1781050002.06519,320932.333330313,202210221640
111,27377,3461,17,9597,Whitsett,"",3606.33531311868,36063.3531311868,736936774.92627,183024.518653502,202210221640
112,27379,1543,27,6057,Yanceyville,"",2547.46574211656,25474.6574211656,2663338769.75159,422550.665080929,202210221640
113,27401,5947,56,20221,Greensboro,"",2941.001928688,29410.01928688,171748092.127686,100334.769337553,202210221640
114,27403,4696,35,21278,Greensboro,"",2206.97433969358,22069.7433969358,159396286.028687,87465.254538865,202210221640
115,27405,15047,108,52510,Greensboro,"",2865.54941915826,28655.4941915826,886695637.391357,284328.52642169,202210221640
116,27406,17565,197,60755,Greensboro,"",2891.12007242202,28911.2007242202,1894160074.00403,327705.317343954,202210221640
117,27407,13527,134,49837,Greensboro,"",2714.24844994683,27142.4844994683,840498790.451172,227731.576408349,202210221640
118,27408,4092,17,17406,Greensboro,"",2350.913478111,23509.13478111,221403500.549561,80148.1616765213,202210221640
119,27409,5021,31,17953,Greensboro,"",2796.74706177241,27967.4706177241,603872824.646484,239783.02449594,202210221640
120,27410,13025,103,56968,Greensboro,"",2286.37129616627,22863.7129616627,859363574.914917,272309.563854046,202210221640
121,27455,7571,96,29197,Greensboro,"",2593.07463095524,25930.7463095523,816075696.678345,198282.860420202,202210221640
122,27501,7043,41,21338,Angier,"",3300.68422532571,33006.8422532571,1683348454.90833,329143.189780915,202210221640
123,27502,12618,22,43747,Apex,"",2884.31206711317,28843.1206711317,840126405.51062,242725.298081049,202210221640
124,27503,867,3,7222,Bahama,"",1200.49847687621,12004.9847687621,1054708975.44934,246183.053747647,202210221640
125,27504,6386,45,16320,Benson,"",3912.99019607843,39129.9019607843,2584462015.08862,486262.181304732,202210221640
126,27505,2024,21,7308,Broadway,"",2769.5675971538,27695.675971538,1509842573.20557,320128.84050568,202210221640
127,27507,428,3,2053,Bullock,"",2084.7540185095,20847.540185095,1354883649.98218,266873.357504052,202210221640
128,27508,752,2,2340,Bunn,"",3213.67521367521,32136.7521367521,312599782.273071,114289.902416244,202210221640
129,27509,3436,46,6935,Butner,"",4954.57822638789,49545.7822638789,507253453.414795,156294.942704551,202210221640
130,27510,3314,10,14543,Carrboro,"",2278.75954067249,22787.5954067249,88705554.5671387,57867.6032694508,202210221640
131,27511,8362,44,34041,Cary,"",2456.44957551188,24564.4957551188,333520579.048462,98702.6527265332,202210221640
132,27513,11183,37,49003,Cary,"",2282.10517723405,22821.0517723405,474399121.186279,162336.294574525,202210221640
133,27514,7686,28,32847,Chapel Hill,"",2339.93972052242,23399.3972052242,579057212.663452,190879.985276748,202210221640
134,27516,9569,24,44117,Chapel Hill,"",2169.0051454088,21690.051454088,2564236091.9281,438904.079251582,202210221640
135,27517,5871,32,28831,Chapel Hill,"",2036.34976240852,20363.4976240852,1520140847.99951,299162.993678502,202210221640
136,27518,5548,24,22765,Cary,"",2437.07445640237,24370.7445640237,262665807.612671,130741.025823352,202210221640
137,27519,15609,23,59960,Cary,"",2603.23549032688,26032.3549032688,609072010.422363,166930.324843009,202210221640
138,27520,16247,113,43958,Clayton,"",3696.02802675281,36960.2802675281,1962402119.35425,374945.851452288,202210221640
139,27521,2167,19,7149,Coats,"",3031.19317387047,30311.9317387047,721041350.168091,174373.299688565,202210221640
140,27522,4217,15,13652,Creedmoor,"",3088.9246996777,30889.246996777,2172960809.67273,361578.814896965,202210221640
141,27523,4697,4,12782,Apex,"",3674.69879518072,36746.9879518072,1210964088.06177,294058.887697932,202210221640
142,27524,4604,42,13532,Four Oaks,"",3402.30564587644,34023.0564587644,3831785222.9375,530912.577014992,202210221640
143,27525,6372,12,15534,Franklinton,"",4101.96987253766,41019.6987253766,2660281050.9928,421324.476104612,202210221640
144,27526,18643,85,54027,Fuquay Varina,"",3450.68206637422,34506.8206637422,2787678657.25134,460586.982042285,202210221640
145,27527,11191,30,30234,Clayton,"",3701.46193027717,37014.6193027717,1261348608.45837,213730.175971786,202210221640
146,27529,18920,118,53854,Garner,"",3513.20236194155,35132.0236194155,1666161335.17407,336033.618547781,202210221640
147,27530,11828,134,40212,Goldsboro,"",2941.41052422163,29414.1052422163,2920081393.96802,465673.796837526,202210221640
148,27531,106,0,666,Goldsboro,"",1591.59159159159,15915.9159159159,123956304.007813,71472.4653387502,202210221640
149,27534,10341,127,31819,Goldsboro,"",3249.94500141425,32499.4500141425,1995982542.31616,394454.137280507,202210221640
150,27536,5753,61,16459,Henderson,"",3495.35208700407,34953.5208700407,359552678.037964,148817.062353839,202210221640
151,27537,7566,57,25321,Henderson,"",2988.03364796019,29880.3364796019,5545289733.50195,795404.906342347,202210221640
152,27539,7337,14,26567,Apex,"",2761.69684194678,27616.9684194678,805959451.628174,335082.894750928,202210221640
153,27540,14050,22,39075,Holly Springs,"",3595.6493921945,35956.493921945,1299006108.57275,339054.617126206,202210221640
154,27541,1067,4,4044,Hurdle Mills,"",2638.47675568744,26384.7675568744,1979862536.66309,328579.598479954,202210221640
155,27542,2825,30,10043,Kenly,"",2812.9045106044,28129.045106044,2499059670.1123,366253.348192187,202210221640
156,27544,1279,8,4291,Kittrell,"",2980.65718946632,29806.5718946632,1645813165.28467,322022.503716068,202210221640
157,27545,12347,52,30327,Knightdale,"",4071.28960991855,40712.8960991855,885541868.759766,219250.012614228,202210221640
158,27546,7153,110,22436,Lillington,"",3188.17971117846,31881.7971117846,3433026188.83105,510775.88711738,202210221640
159,27549,7845,50,25224,Louisburg,"",3110.13320647003,31101.3320647003,6636124442.18066,817297.028533168,202210221640
160,27551,467,4,2205,Macon,"",2117.91383219955,21179.1383219955,2443966870.98499,402849.299843211,202210221640
161,27553,894,2,2030,Manson,"",4403.94088669951,44039.4088669951,1245206626.07959,217969.561788749,202210221640
162,27556,70,1,298,Middleburg,"",2348.9932885906,23489.932885906,67850312.0914307,63490.7222823736,202210221640
163,27557,2779,23,9214,Middlesex,"",3016.06251356631,30160.6251356631,2046463550.40088,338861.342265205,202210221640
164,27559,534,2,2874,Moncure,"",1858.0375782881,18580.375782881,1458825370.29968,366837.077035256,202210221640
165,27560,9899,20,33691,Morrisville,"",2938.17339942418,29381.7339942418,794384947.373291,268297.11970144,202210221640
166,27562,1251,2,2791,New Hill,"",4482.26442135435,44822.6442135435,1862081556.93738,349507.762295745,202210221640
167,27563,1395,13,5312,Norlina,"",2626.12951807229,26261.2951807229,1943381370.69177,412640.540954252,202210221640
168,27565,7629,68,26057,Oxford,"",2927.81210423303,29278.1210423303,9219811779.9552,826827.222809143,202210221640
169,27569,2796,18,8984,Princeton,"",3112.19946571683,31121.9946571683,2107084820.73511,313917.550563748,202210221640
170,27571,3463,5,7385,Rolesville,"",4689.23493568043,46892.3493568043,149121249.193359,94251.9264704589,202210221640
171,27572,1658,8,7316,Rougemont,"",2266.26571897212,22662.6571897212,3003228111.9873,397658.617230022,202210221640
172,27573,3830,64,11561,Roxboro,"",3312.86220915146,33128.6220915146,501787874.430542,219611.309648668,202210221640
173,27574,3810,27,15232,Roxboro,"",2501.31302521008,25013.1302521008,5527133817.3114,691755.452465681,202210221640
174,27576,6078,51,20197,Selma,"",3009.35782541962,30093.5782541962,2407427117.65723,339571.106645256,202210221640
175,27577,9391,85,25214,Smithfield,"",3724.51812485127,37245.1812485127,2877290650.99841,416726.966278934,202210221640
176,27581,1093,2,3956,Stem,"",2762.891809909,27628.91809909,1038615853.81189,246789.101888964,202210221640
177,27583,2115,14,7012,Timberlake,"",3016.25784369652,30162.5784369652,1327957318.65857,326956.719649922,202210221640
178,27587,29729,91,74087,Wake Forest,"",4012.71478127067,40127.1478127067,3132804734.81897,700749.84181148,202210221640
179,27589,2282,22,8312,Warrenton,"",2745.42829643888,27454.2829643888,4790731000.68542,626837.217934377,202210221640
180,27591,9565,47,23448,Wendell,"",4079.23916751962,40792.3916751962,1913446220.02844,380727.392057269,202210221640
181,27592,5703,19,17368,Willow Spring,"",3283.62505757715,32836.2505757715,1090932847.86865,312475.180771682,202210221640
182,27596,7267,17,18655,Youngsville,"",3895.47038327526,38954.7038327526,1519151285.28821,344366.073155402,202210221640
183,27597,10912,42,25494,Zebulon,"",4280.22279752099,42802.2279752099,3191967656.80884,568385.679042478,202210221640
184,27601,3434,8,12139,Raleigh,"",2828.89859131724,28288.9859131724,49970514.2080078,41226.7428180514,202210221640
185,27603,18535,69,55479,Raleigh,"",3340.90376538871,33409.0376538871,1420350588.63403,346107.072534997,202210221640
186,27604,15373,74,47645,Raleigh,"",3226.57151852241,32265.7151852241,550434833.049927,194088.121184431,202210221640
187,27605,1940,19,5253,Raleigh,"",3693.12773653151,36931.2773653151,26954475.7900391,26465.2700663817,202210221640
188,27606,13875,30,47938,Raleigh,"",2894.36355292252,28943.6355292252,750229681.939209,267151.497057326,202210221640
189,27607,7286,19,30296,Raleigh,"",2404.93794560338,24049.3794560338,519162282.902344,200611.380547666,202210221640
190,27608,3541,6,11603,Raleigh,"",3051.7969490649,30517.969490649,91889809.9622803,55583.7467967219,202210221640
191,27609,11504,48,38631,Raleigh,"",2977.91928761875,29779.1928761875,310136046.756592,95880.1630267631,202210221640
192,27610,29251,138,74203,Raleigh,"",3942.02390738919,39420.2390738919,1211166911.84558,327751.489063643,202210221640
193,27612,11866,57,39208,Raleigh,"",3026.42317894307,30264.2317894307,428868509.332275,164483.082879678,202210221640
194,27613,13094,24,46521,Raleigh,"",2814.64284946583,28146.4284946583,675406849.409912,184431.643996557,202210221640
195,27614,10988,31,37689,Raleigh,"",2915.4395181618,29154.395181618,829063194.918701,218912.319813944,202210221640
196,27615,13184,73,46038,Raleigh,"",2863.7212737304,28637.212737304,525952454.993774,134192.839940925,202210221640
197,27616,21366,60,55260,Raleigh,"",3866.44951140065,38664.4951140065,646426991.218628,201092.505637391,202210221640
198,27617,6346,6,19511,Raleigh,"",3252.5242171083,32525.242171083,230483847.672241,125016.743498848,202210221640
199,27701,7674,28,26489,Durham,"",2897.05160632715,28970.5160632715,147212202.097778,89264.6755119976,202210221640
200,27703,19339,55,61351,Durham,"",3152.18985835602,31521.8985835602,1376809528.09961,349864.156739062,202210221640
201,27704,13305,66,39369,Durham,"",3379.56260001524,33795.6260001524,1307759376.10449,279407.953507315,202210221640
202,27705,13727,100,48078,Durham,"",2855.1520445942,28551.520445942,1155101566.94189,288440.086812307,202210221640
203,27707,14035,32,47036,Durham,"",2983.88468407177,29838.8468407177,551326002.510864,228660.826032165,202210221640
204,27708,1249,0,4635,Durham,"",2694.71413160734,26947.1413160734,24140532.868042,39624.2440738689,202210221640
205,27709,1400,1,4,Durham,"",,,166810196.870483,93465.8554704914,202210221640
206,27710,19,0,0,Durham,"",,,3645590.83996582,9509.2112718363,202210221640
207,27712,6102,38,22055,Durham,"",2766.71956472455,27667.1956472455,952678558.948486,239427.124284806,202210221640
208,27713,14906,46,53996,Durham,"",2760.57485739684,27605.7485739684,1004016276.63342,186930.768828538,202210221640
209,27801,6118,42,21556,Rocky Mount,"",2838.18890332158,28381.8890332158,1947625744.14368,298032.749540483,202210221640
210,27803,6179,57,22337,Rocky Mount,"",2766.2622554506,27662.622554506,1209689022.16736,314786.382274833,202210221640
211,27804,9304,139,29160,Rocky Mount,"",3190.67215363512,31906.7215363512,1207912397.80139,237805.719395059,202210221640
212,27805,726,6,3769,Aulander,"",1926.24038206421,19262.4038206421,3260348789.01416,427031.578041759,202210221640
213,27806,503,5,2441,Aurora,"",2060.63088897993,20606.3088897993,3806890944.80762,575449.481817414,202210221640
214,27807,2385,19,6940,Bailey,"",3436.59942363112,34365.9942363112,1393278091.89233,266050.599193056,202210221640
215,27808,678,8,2481,Bath,"",2732.76904474002,27327.6904474002,1375581489.5946,320371.987641635,202210221640
216,27809,1327,14,5254,Battleboro,"",2525.6947087933,25256.947087933,2127311815.53979,418206.140952668,202210221640
217,27812,737,3,2951,Bethel,"",2497.45848864792,24974.5848864792,1796512894.90283,307599.92172387,202210221640
218,27813,236,2,687,Black Creek,"",3435.22561863173,34352.2561863173,17954681.8726807,21851.3845296183,202210221640
219,27814,436,5,1801,Blounts Creek,"",2420.87729039423,24208.7729039423,2084052221.88855,349050.345630614,202210221640
220,27816,693,6,2634,Castalia,"",2630.97949886105,26309.7949886105,1727056405.90051,269780.663460197,202210221640
221,27817,2420,17,7777,Chocowinity,"",3111.73974540311,31117.3974540311,3011254799.10022,441922.251479678,202210221640
222,27818,265,1,1269,Como,"",2088.25847123719,20882.5847123719,1775223218.97412,291672.91933713,202210221640
223,27820,618,11,3292,Conway,"",1877.27825030377,18772.7825030377,1787180209.86865,300570.413456991,202210221640
224,27822,2589,30,9119,Elm City,"",2839.12709726944,28391.2709726944,2421416079.34338,500329.938801195,202210221640
225,27823,2298,16,7812,Enfield,"",2941.62826420891,29416.2826420891,5279947738.18738,591795.38238411,202210221640
226,27827,68,0,99,Falkland,"",6868.68686868687,68686.8686868687,6818760.54968262,12365.1347191574,202210221640
227,27828,2968,17,9031,Farmville,"",3286.4577566161,32864.577566161,1954373169.79175,304535.643741104,202210221640
228,27829,519,4,1872,Fountain,"",2772.4358974359,27724.358974359,1242859232.87109,276952.810668189,202210221640
229,27830,1200,15,4858,Fremont,"",2470.15232606011,24701.5232606011,1661392631.86707,301522.072838785,202210221640
230,27831,1038,13,3588,Garysburg,"",2892.97658862876,28929.7658862876,1733783751.73071,369102.732751728,202210221640
231,27832,976,11,2912,Gaston,"",3351.64835164835,33516.4835164835,1029571544.94922,217897.088475999,202210221640
232,27834,20354,102,57505,Greenville,"",3539.51830275628,35395.1830275628,5082356628.8689,890421.476518531,202210221640
233,27837,2118,13,6506,Grimesland,"",3255.45650169075,32554.5650169075,1710764546.60681,462288.004070908,202210221640
234,27839,864,7,3702,Halifax,"",2333.87358184765,23338.7358184765,3728459644.54443,454921.143892168,202210221640
235,27840,115,4,535,Hamilton,"",2149.53271028037,21495.3271028037,127567387.286499,59155.8177418193,202210221640
236,27842,243,1,1436,Henrico,"",1692.20055710306,16922.0055710306,414285932.678223,116849.514846702,202210221640
237,27843,322,4,946,Hobgood,"",3403.80549682875,34038.0549682875,1458584246.23853,232329.162988765,202210221640
238,27844,1083,10,3039,Hollister,"",3563.67226061204,35636.7226061204,1251113401.94934,274076.283965929,202210221640
239,27845,502,14,2841,Jackson,"",1766.98345652939,17669.8345652939,2842001076.66528,416912.567186113,202210221640
240,27846,946,11,3069,Jamesville,"",3082.43727598566,30824.3727598566,3050744149.28796,442133.927899832,202210221640
241,27847,178,1,1071,Kelford,"",1661.99813258637,16619.9813258637,1048559305.60547,265580.578438826,202210221640
242,27849,356,4,1483,Lewiston Woodville,"",2400.53944706676,24005.3944706676,2062202839.65674,367759.436044124,202210221640
243,27850,1589,11,7413,Littleton,"",2143.53163361662,21435.3163361662,5554617534.52942,570792.398502674,202210221640
244,27851,1514,19,5595,Lucama,"",2705.98748882931,27059.8748882931,1253082833.57764,200836.347936783,202210221640
245,27852,828,8,3454,Macclesfield,"",2397.22061378112,23972.2061378112,1418996205.83582,268041.951522527,202210221640
246,27853,113,2,436,Margarettsville,"",2591.74311926606,25917.4311926606,1061331085.73535,233986.055045062,202210221640
247,27855,1376,11,6105,Murfreesboro,"",2253.89025389025,22538.9025389025,1379257056.24951,246550.621363096,202210221640
248,27856,5782,56,17301,Nashville,"",3342.00335240738,33420.0335240738,3696764195.94336,508647.139191862,202210221640
249,27857,343,10,1601,Oak City,"",2142.41099312929,21424.1099312929,2180191629.70935,354763.313675516,202210221640
250,27858,18575,51,58170,Greenville,"",3193.22674918343,31932.2674918343,1683129152.90881,395293.630437,202210221640
251,27860,582,6,2062,Pantego,"",2822.50242483026,28225.0242483026,4384086912.80859,475177.331131482,202210221640
252,27862,154,3,945,Pendleton,"",1629.62962962963,16296.2962962963,1337735767.81812,305131.144563485,202210221640
253,27863,3900,39,12670,Pikeville,"",3078.13733228098,30781.3733228098,1822358483.62146,414140.550515842,202210221640
254,27864,1506,11,4823,Pinetops,"",3122.53783951897,31225.3783951897,1058515929.69434,223861.53375515,202210221640
255,27865,650,12,2003,Pinetown,"",3245.13230154768,32451.3230154768,3183419700.15735,407140.115990912,202210221640
256,27866,240,3,672,Pleasant Hill,"",3571.42857142857,35714.2857142857,548856343.547363,183824.668332886,202210221640
257,27869,656,22,2167,Rich Square,"",3027.22658052607,30272.2658052607,2314340977.34839,283794.508144883,202210221640
258,27870,9327,110,26633,Roanoke Rapids,"",3502.04633349604,35020.4633349604,1958976214.39966,237465.130853914,202210221640
259,27871,1316,16,4466,Robersonville,"",2946.70846394984,29467.0846394984,2640265625.23401,370404.169208956,202210221640
260,27874,1257,21,4766,Scotland Neck,"",2637.43180864457,26374.3180864457,3988089594.78687,425091.541566969,202210221640
261,27876,347,5,1290,Seaboard,"",2689.92248062016,26899.2248062016,1161065802.28784,286123.221519332,202210221640
262,27880,994,2,3280,Sims,"",3030.48780487805,30304.8780487805,661768421.449585,178936.521495753,202210221640
263,27882,2528,22,7927,Spring Hope,"",3189.10054244985,31891.0054244985,2721376125.90833,404465.358087667,202210221640
264,27883,1042,13,4361,Stantonsburg,"",2389.36023847741,23893.6023847741,2149873597.18677,378850.12800901,202210221640
265,27884,446,1,1545,Stokes,"",2886.73139158576,28867.3139158576,1118165618.53992,178810.199825373,202210221640
266,27885,488,5,859,Swanquarter,"",5681.02444703143,56810.2444703143,3236637890.30994,778832.459471454,202210221640
267,27886,6745,93,21595,Tarboro,"",3123.40819634175,31234.0819634175,5534275751.92761,530150.851444627,202210221640
268,27888,747,2,2803,Walstonburg,"",2665.00178380307,26650.0178380307,1661899290.0293,260588.447365408,202210221640
269,27889,9887,116,27543,Washington,"",3589.65980466906,35896.5980466906,4746901259.41052,624948.845007957,202210221640
270,27890,796,22,2398,Weldon,"",3319.43286071726,33194.3286071726,250295126.203369,88214.5142201126,202210221640
271,27891,1458,14,5011,Whitakers,"",2909.59888245859,29095.9888245859,3802342458.24487,551887.618669608,202210221640
272,27892,4669,55,14363,Williamston,"",3250.71363921186,32507.1363921186,4740161664.64209,528153.604658044,202210221640
273,27893,12498,209,40647,Wilson,"",3074.76566536276,30747.6566536276,3134674028.43115,441390.734015219,202210221640
274,27896,6649,60,21212,Wilson,"",3134.54648312276,31345.4648312276,1013992738.34033,260787.736893696,202210221640
275,27897,348,1,2467,Woodland,"",1410.62018646129,14106.2018646129,1262848506.99878,250563.523857377,202210221640
276,27909,9496,132,40958,Elizabeth City,"",2318.47258166903,23184.7258166903,6356628470.42627,720925.199090357,202210221640
277,27910,3269,68,11609,Ahoskie,"",2815.91868377983,28159.1868377983,3854004911.8667,558805.248838311,202210221640
278,27915,211,1,758,Avon,"",2783.64116094987,27836.4116094987,132797325.68457,159985.858445685,202210221640
279,27916,203,1,554,Aydlett,"",3664.25992779783,36642.5992779783,175446906.710938,88834.9392660151,202210221640
280,27917,258,8,1084,Barco,"",2380.07380073801,23800.7380073801,583346697.773926,150643.300800981,202210221640
281,27922,239,5,1107,Cofield,"",2158.98825654923,21589.8825654923,1372106941.59424,230585.938382193,202210221640
282,27924,777,8,3509,Colerain,"",2214.30607010544,22143.0607010544,2545571117.46045,325068.518729582,202210221640
283,27925,1110,8,4164,Columbia,"",2665.7060518732,26657.060518732,9421043776.67224,822613.133571787,202210221640
284,27926,280,1,1965,Corapeake,"",1424.93638676845,14249.3638676845,1084179276.0813,176947.978129327,202210221640
285,27927,203,0,613,Corolla,"",3311.5823817292,33115.823817292,685869287.21875,1266393.74615983,202210221640
286,27928,504,8,1888,Creswell,"",2669.49152542373,26694.9152542373,3736346955.86023,344143.792077435,202210221640
287,27929,313,3,1949,Currituck,"",1605.95177013853,16059.5177013853,352573124.774658,146317.944454099,202210221640
288,27932,4279,55,12644,Edenton,"",3384.21385637456,33842.1385637456,3509551689.6084,391797.495792958,202210221640
289,27935,348,3,1674,Eure,"",2078.85304659498,20788.5304659498,1443577833.21069,213483.780281898,202210221640
290,27937,749,8,4253,Gates,"",1761.10980484364,17611.0980484364,2407949124.70361,290137.740864669,202210221640
291,27938,367,10,1430,Gatesville,"",2566.43356643357,25664.3356643357,1202645918.03784,229961.178585235,202210221640
292,27942,162,2,936,Harrellsville,"",1730.76923076923,17307.6923076923,927451831.666504,150762.800286803,202210221640
293,27944,2932,19,12230,Hertford,"",2397.38348323794,23973.8348323794,5013940953.42065,828274.577378666,202210221640
294,27946,258,0,1089,Hobbsville,"",2369.14600550964,23691.4600550964,1234977495.96777,250163.996071758,202210221640
295,27948,3080,9,12518,Kill Devil Hills,"",2460.45694200352,24604.5694200352,288939959.776123,266090.270790261,202210221640
296,27949,1949,6,7235,Kitty Hawk,"",2693.84934346925,26938.4934346925,426732703.740967,296487.58160632,202210221640
297,27950,278,0,2183,Knotts Island,"",1273.47686669721,12734.7686669721,1009906812.90234,393684.159837613,202210221640
298,27957,377,11,1419,Merry Hill,"",2656.80056377731,26568.0056377731,1345289022.66797,219570.3989813,202210221640
299,27958,2565,14,12061,Moyock,"",2126.68932924301,21266.8932924301,2191273226.67993,258895.732965411,202210221640
300,27959,767,2,2451,Nags Head,"",3129.33496532028,31293.3496532028,464337538.219238,468359.824712584,202210221640
301,27962,2205,31,7439,Plymouth,"",2964.10807904288,29641.0807904288,2248894843.11377,323982.42240407,202210221640
302,27966,277,0,1473,Powells Point,"",1880.51595383571,18805.1595383571,310362212.773438,140593.315765635,202210221640
303,27968,101,0,413,Rodanthe,"",2445.5205811138,24455.205811138,255307311.38855,376970.397727618,202210221640
304,27970,911,14,3214,Roper,"",2834.47417548226,28344.7417548227,3979984913.95898,386215.845703473,202210221640
305,27976,759,2,3561,South Mills,"",2131.42375737152,21314.2375737152,2739484648.62012,348819.066033239,202210221640
306,27979,269,0,1813,Sunbury,"",1483.72862658577,14837.2862658577,2196378526.26221,272849.595585558,202210221640
307,27982,21,0,0,Waves,"",,,5381164.09509277,11228.317119066,202210221640
308,27983,2619,44,10633,Windsor,"",2463.08661713533,24630.8661713533,9431469996.22351,861662.756904588,202210221640
309,27986,394,4,2650,Winton,"",1486.79245283019,14867.9245283019,374234308.870117,153016.850399202,202210221640
310,28001,10072,178,28360,Albemarle,"",3551.48095909732,35514.8095909732,3791255242.38873,479491.354130006,202210221640
311,28006,370,5,1136,Alexis,"",3257.04225352113,32570.4225352113,126883649.701416,88485.0702727942,202210221640
312,28012,8250,65,24276,Belmont,"",3398.41819080573,33984.1819080573,865729022.118042,170607.84187697,202210221640
313,28016,4533,52,14526,Bessemer City,"",3120.61131763734,31206.1131763734,1271825919.55414,236943.686135101,202210221640
314,28018,1698,39,5943,Bostic,"",2857.14285714286,28571.4285714286,2694770404.83051,433562.153950885,202210221640
315,28020,781,9,2464,Casar,"",3169.64285714286,31696.4285714286,1475633951.64899,260515.821792163,202210221640
316,28021,4418,72,13436,Cherryville,"",3288.18100625186,32881.8100625186,1626380587.60425,391038.422631114,202210221640
317,28023,4765,62,14843,China Grove,"",3210.26746614566,32102.6746614566,1273875684.14087,277795.952246167,202210221640
318,28025,17392,164,55325,Concord,"",3143.60596475373,31436.0596475373,2992149162.05573,466210.816136512,202210221640
319,28027,22309,150,74072,Concord,"",3011.79933038125,30117.9933038125,1903468707.60345,332965.289746402,202210221640
320,28031,8331,42,31049,Cornelius,"",2683.17820219653,26831.7820219653,672168572.25116,151594.592125485,202210221640
321,28032,1096,6,3249,Cramerton,"",3373.34564481379,33733.4564481379,59161626.1264038,51515.5503878613,202210221640
322,28033,1087,10,3362,Crouse,"",3233.19452706722,32331.9452706722,509703222.739563,189532.085619349,202210221640
323,28034,6831,75,17859,Dallas,"",3824.96220393079,38249.6220393079,1273410668.68243,215322.291269956,202210221640
324,28036,5302,27,18554,Davidson,"",2857.60482914735,28576.0482914735,669928559.48645,197029.79366816,202210221640
325,28037,7660,32,23834,Denver,"",3213.89611479399,32138.9611479399,1521729514.62848,312689.389421742,202210221640
326,28039,135,4,428,East Spencer,"",3154.20560747664,31542.0560747664,13759835.5942383,34526.6128305972,202210221640
327,28040,2284,30,8270,Ellenboro,"",2761.78960096735,27617.8960096735,1773879551.02985,348064.117544276,202210221640
328,28043,6628,149,21472,Forest City,"",3086.81073025335,30868.1073025335,1816346053.52002,348394.442075552,202210221640
329,28052,12202,174,36823,Gastonia,"",3313.68981343182,33136.8981343182,1165429048.27631,189783.469072904,202210221640
330,28054,13313,175,40184,Gastonia,"",3313.01015329484,33130.1015329484,562652947.772949,139549.083675328,202210221640
331,28056,11377,107,35595,Gastonia,"",3196.23542632392,31962.3542632392,1342394953.02258,344787.60681341,202210221640
332,28071,997,9,3198,Gold Hill,"",3117.57348342714,31175.7348342714,1345839018.92865,236923.074375116,202210221640
333,28073,1854,21,5606,Grover,"",3307.17088833393,33071.7088833393,702973243.533203,143952.911566798,202210221640
334,28075,6105,38,19174,Harrisburg,"",3183.99916553666,31839.9916553666,656107496.741638,238150.023406484,202210221640
335,28078,19184,95,66079,Huntersville,"",2903.19163425597,29031.9163425597,1870251820.14679,316647.648839996,202210221640
336,28079,12510,69,39813,Indian Trail,"",3142.18973702057,31421.8973702057,1221176124.08392,283660.370334182,202210221640
337,28080,2547,15,8157,Iron Station,"",3122.47149687385,31224.7149687385,1095921164.38501,240845.709042299,202210221640
338,28081,8875,83,28249,Kannapolis,"",3141.70413111969,31417.0413111969,862858421.935425,200259.108957382,202210221640
339,28083,8372,92,25877,Kannapolis,"",3235.30548363411,32353.0548363412,582493569.448059,145983.725103448,202210221640
340,28086,9594,103,26988,Kings Mountain,"",3554.91329479769,35549.1329479769,2467878462.36133,329807.139806484,202210221640
341,28088,1116,10,3059,Landis,"",3648.25106243871,36482.5106243871,72787169.9580688,52885.3256566675,202210221640
342,28090,2409,38,8506,Lawndale,"",2832.118504585,28321.18504585,2661358061.4715,458218.963524001,202210221640
343,28091,669,5,2353,Lilesville,"",2843.17892052699,28431.7892052699,2694411423.45477,313074.926269122,202210221640
344,28092,13947,112,40052,Lincolnton,"",3482.22310995706,34822.2310995706,3216596915.74634,535483.341451104,202210221640
345,28097,2321,16,6124,Locust,"",3790.00653167864,37900.0653167864,836579136.406799,181830.474266294,202210221640
346,28098,1254,10,4010,Lowell,"",3127.18204488778,31271.8204488778,99103128.4535522,49283.194148661,202210221640
347,28103,3530,49,11346,Marshville,"",3111.22862682884,31112.2862682884,4253866560.83563,449440.107851782,202210221640
348,28104,9712,35,32469,Matthews,"",2991.16079953186,29911.6079953186,824578845.587585,325979.692599077,202210221640
349,28105,12954,107,45346,Matthews,"",2856.70180390773,28567.0180390773,668165195.784729,278013.840820393,202210221640
350,28107,2882,20,8210,Midland,"",3510.35322777101,35103.5322777101,1388640520.38739,250943.513182056,202210221640
351,28110,17765,150,55536,Monroe,"",3198.82598674734,31988.2598674734,3676478383.48267,422255.233862207,202210221640
352,28112,9212,107,28060,Monroe,"",3282.96507483963,32829.6507483963,3713382117.46545,318461.97727687,202210221640
353,28114,2283,21,9034,Mooresboro,"",2527.11976975869,25271.1976975869,1900066101.23077,346437.871140422,202210221640
354,28115,12967,100,41536,Mooresville,"",3121.87018489985,31218.7018489985,2057262512.61176,327151.756863337,202210221640
355,28117,13811,51,47608,Mooresville,"",2900.98302806251,29009.8302806251,1555969690.69189,234425.757349855,202210221640
356,28119,860,12,3034,Morven,"",2834.5418589321,28345.418589321,1970357677.74512,298425.64822689,202210221640
357,28120,7636,80,24318,Mount Holly,"",3140.06086026811,31400.6086026811,1001654680.08618,272689.093586748,202210221640
358,28124,2110,22,7015,Mount Pleasant,"",3007.84034212402,30078.4034212402,1620148303.23315,301866.136666845,202210221640
359,28125,700,5,2657,Mount Ulla,"",2634.55024463681,26345.5024463681,1169162879.13867,198953.955252748,202210221640
360,28127,2603,23,7631,New London,"",3411.08635827546,34110.8635827546,2159940152.89789,468250.659328753,202210221640
361,28128,2501,27,8098,Norwood,"",3088.41689306001,30884.1689306001,2054286113.35083,282114.674844028,202210221640
362,28129,1891,16,6031,Oakboro,"",3135.46675509866,31354.6675509866,1226619926.53345,219035.034364981,202210221640
363,28133,834,7,2713,Peachland,"",3074.08772576484,30740.8772576484,2384968915.9574,421295.337069002,202210221640
364,28134,3721,42,11817,Pineville,"",3148.85334687315,31488.5334687315,248618254.324951,88085.4538299006,202210221640
365,28135,1425,14,5968,Polkton,"",2387.7345844504,23877.345844504,2916374106.84241,475980.429437205,202210221640
366,28137,965,7,3843,Richfield,"",2511.05906843612,25110.5906843612,1223676252.05975,291589.496037827,202210221640
367,28138,3470,55,11659,Rockwell,"",2976.24153014838,29762.4153014838,1278406256.12445,357387.534646104,202210221640
368,28139,5860,148,20134,Rutherfordton,"",2910.49965232939,29104.9965232939,5078697342.95056,674832.691106947,202210221640
369,28144,8974,112,25846,Salisbury,"",3472.10400061905,34721.0400061905,867982991.287292,279505.654446658,202210221640
370,28146,9596,98,30382,Salisbury,"",3158.44908169311,31584.4908169311,3012969418.7887,452196.720325258,202210221640
371,28147,9328,132,26204,Salisbury,"",3559.76186841704,35597.6186841704,2146390330.37,312495.471896358,202210221640
372,28150,9726,145,29296,Shelby,"",3319.90715456035,33199.0715456035,3159764942.52783,579453.815714685,202210221640
373,28152,8309,95,26078,Shelby,"",3186.21059897231,31862.1059897231,2247420971.2251,304211.560780764,202210221640
374,28159,1150,30,3126,Spencer,"",3678.82277671145,36788.2277671145,51886096.1330566,42602.5220628392,202210221640
375,28160,1346,20,4015,Spindale,"",3352.42839352428,33524.2839352428,170326604.450989,70799.3749654705,202210221640
376,28163,1668,11,5814,Stanfield,"",2868.93704850361,28689.3704850361,970276414.142883,191731.821086023,202210221640
377,28164,4836,83,15447,Stanley,"",3130.70499126044,31307.0499126044,1144736813.58362,324856.854746788,202210221640
378,28166,3123,32,9868,Troutman,"",3164.7750304013,31647.750304013,911716953.816406,217041.310552797,202210221640
379,28167,643,8,2418,Union Mills,"",2659.22249793218,26592.2249793218,1934997992.23633,347927.953502144,202210221640
380,28168,3508,33,10437,Vale,"",3361.11909552553,33611.1909552553,2469130589.68384,340004.345415379,202210221640
381,28170,3946,65,12494,Wadesboro,"",3158.315991676,31583.15991676,5053183842.2157,655726.472285972,202210221640
382,28173,18671,68,63837,Waxhaw,"",2924.79283174335,29247.9283174335,3045162637.21796,318858.064536165,202210221640
383,28174,3133,27,9287,Wingate,"",3373.53289544525,33735.3289544525,985461754.807983,246986.820118662,202210221640
384,28202,5902,6,16755,Charlotte,"",3522.53058788421,35225.3058788421,50452583.9099121,34485.9053855683,202210221640
385,28203,5777,10,19070,Charlotte,"",3029.36549554274,30293.6549554274,91001089.479126,54761.2733662689,202210221640
386,28204,2985,11,8738,Charlotte,"",3416.11352712291,34161.1352712291,48899100.5548096,40761.7265321132,202210221640
387,28205,14220,114,51821,Charlotte,"",2744.06128789487,27440.6128789487,335820474.82135,104910.810677792,202210221640
388,28206,4921,28,15244,Charlotte,"",3228.15533980583,32281.5533980583,182577260.697876,71458.0502165389,202210221640
389,28207,2302,10,9761,Charlotte,"",2358.36492162688,23583.6492162688,68333859.7921753,36157.3958026362,202210221640
390,28208,13403,91,39944,Charlotte,"",3355.44762667735,33554.4762667735,595973347.5495,157267.598078636,202210221640
391,28209,6777,25,26012,Charlotte,"",2605.3359987698,26053.359987698,157335764.525879,72359.4847682198,202210221640
392,28210,12456,70,44704,Charlotte,"",2786.32784538296,27863.2784538296,342547124.476257,112745.958411282,202210221640
393,28211,8081,91,31253,Charlotte,"",2585.67177550955,25856.7177550955,292827786.05603,102838.759144167,202210221640
394,28212,12581,63,42744,Charlotte,"",2943.33707654876,29433.3707654876,237710291.866211,96077.3791004252,202210221640
395,28213,15112,77,45338,Charlotte,"",3333.18628964665,33331.8628964665,412614569.613403,162252.089416931,202210221640
396,28214,14746,72,41208,Charlotte,"",3578.43137254902,35784.3137254902,965554836.030151,224926.880987092,202210221640
397,28215,21035,122,60256,Charlotte,"",3490.93866171004,34909.3866171004,782010510.903748,222976.412140326,202210221640
398,28216,18713,105,58744,Charlotte,"",3185.51681873893,31855.1681873894,857978895.941772,184761.316525276,202210221640
399,28217,8793,33,30875,Charlotte,"",2847.93522267206,28479.3522267207,428067925.271423,132462.900799897,202210221640
400,28226,10241,68,40227,Charlotte,"",2545.80257041291,25458.0257041291,430471271.22644,131097.087702525,202210221640
401,28227,17881,106,57319,Charlotte,"",3119.55895950732,31195.5895950732,1173416755.00244,297066.255269002,202210221640
402,28262,14241,70,43683,Charlotte,"",3260.07829132615,32600.7829132615,593648477.600464,159979.41236041,202210221640
403,28269,24906,103,81464,Charlotte,"",3057.30138466071,30573.0138466071,840640266.840637,192155.045229048,202210221640
404,28270,8504,45,34753,Charlotte,"",2446.98299427388,24469.8299427388,345778417.622314,161555.486865571,202210221640
405,28273,13691,66,40544,Charlotte,"",3376.82517758485,33768.2517758485,614626385.142517,192801.276498243,202210221640
406,28277,19011,60,72020,Charlotte,"",2639.68342127187,26396.8342127187,675381884.726379,144850.675101077,202210221640
407,28278,10676,30,32539,Charlotte,"",3280.98589385046,32809.8589385046,902762098.137573,246465.469761239,202210221640
408,28301,5844,103,17717,Fayetteville,"",3298.52683862956,32985.2683862956,348717238.9104,130217.445212828,202210221640
409,28303,8981,66,34600,Fayetteville,"",2595.66473988439,25956.6473988439,540160738.043701,179304.154504403,202210221640
410,28304,11092,60,39651,Fayetteville,"",2797.40737938513,27974.0737938514,491742944.185852,186465.416198877,202210221640
411,28305,1647,11,5010,Fayetteville,"",3287.4251497006,32874.251497006,69895111.336731,49443.8950343603,202210221640
412,28306,13692,96,42565,Fayetteville,"",3216.72735815811,32167.2735815811,2090603260.31519,562860.488861908,202210221640
413,28307,4512,0,15486,Fort Bragg,"",2913.59938008524,29135.9938008524,174879596.356018,92732.9092032322,202210221640
414,28310,3179,0,8861,Fort Bragg,"",3587.63119286762,35876.3119286762,506286340.902344,200733.090413706,202210221640
415,28311,11274,60,36046,Fayetteville,"",3127.67019918992,31276.7019918992,1336136656.04889,240844.864072535,202210221640
416,28312,5730,68,18419,Fayetteville,"",3110.91807372822,31109.1807372822,4341373681.0871,556260.336471476,202210221640
417,28314,17175,82,53642,Fayetteville,"",3201.78218560084,32017.8218560083,816473670.87677,185615.29020179,202210221640
418,28315,4360,32,13329,Aberdeen,"",3271.06309550604,32710.6309550604,2049308469.85626,494397.056686911,202210221640
419,28318,1461,9,4579,Autryville,"",3190.65298100022,31906.5298100022,2217851356.83313,372935.466158955,202210221640
420,28320,3052,50,9381,Bladenboro,"",3253.38450058629,32533.8450058629,3248490168.58801,381864.201698899,202210221640
421,28323,1463,5,4578,Bunnlevel,"",3195.71865443425,31957.1865443425,1112191308.33496,301931.807656216,202210221640
422,28326,7333,33,22382,Cameron,"",3276.29345009383,32762.9345009383,3242119864.63824,488036.173063299,202210221640
423,28327,5720,61,18273,Carthage,"",3130.30153778799,31303.0153778799,5396542091.08795,586939.342565837,202210221640
424,28328,9617,97,26951,Clinton,"",3568.32770583652,35683.2770583652,6810728499.67102,657248.933701039,202210221640
425,28333,3641,41,10709,Dudley,"",3399.9439723597,33999.439723597,1249687746.85376,213915.020571421,202210221640
426,28334,9297,98,26215,Dunn,"",3546.44287621591,35464.4287621591,4497238669.98419,544402.158241248,202210221640
427,28337,3656,44,11927,Elizabethtown,"",3065.31399346022,30653.1399346022,5069041872.41577,577770.225904477,202210221640
428,28338,1187,11,4804,Ellerbe,"",2470.85761865112,24708.5761865112,3935542448.08881,492508.044174153,202210221640
429,28339,2463,27,7226,Erwin,"",3408.5247716579,34085.247716579,1064553458.41333,310656.999787593,202210221640
430,28340,3360,52,10738,Fairmont,"",3129.07431551499,31290.7431551499,3757196814.59872,450516.228420329,202210221640
431,28341,1367,11,5080,Faison,"",2690.94488188976,26909.4488188976,2787115249.34564,421094.619116887,202210221640
432,28343,515,11,1567,Gibson,"",3286.53477983408,32865.3477983408,458723474.164063,106909.663733147,202210221640
433,28344,1112,10,3814,Godwin,"",2915.57420031463,29155.7420031463,1128755315.22852,269142.265002464,202210221640
434,28345,4400,60,12656,Hamlet,"",3476.61188369153,34766.1188369153,2126402412.95966,332606.523883072,202210221640
435,28347,487,1,1826,Hoffman,"",2667.03176341731,26670.3176341731,747268691.675964,194334.44204749,202210221640
436,28348,11775,86,36052,Hope Mills,"",3266.11561078442,32661.1561078442,1166315651.14276,329846.853315969,202210221640
437,28349,1498,21,3955,Kenansville,"",3787.61061946903,37876.1061946903,1959246504.78113,326624.538750416,202210221640
438,28350,91,0,70,Lakeview,"",,,7876659.25891113,11657.1581787366,202210221640
439,28351,1577,13,5269,Laurel Hill,"",2992.97779464794,29929.7779464794,1788599136.13666,386362.39437636,202210221640
440,28352,8528,107,25298,Laurinburg,"",3371.0174717369,33710.174717369,3264782876.16284,438869.872406895,202210221640
441,28356,1737,11,4914,Linden,"",3534.79853479854,35347.9853479853,1497885580.84283,286294.988335977,202210221640
442,28357,838,5,3224,Lumber Bridge,"",2599.25558312655,25992.5558312655,998095899.747498,200973.924425577,202210221640
443,28358,14183,180,38517,Lumberton,"",3682.27016642002,36822.7016642002,5499536726.32037,504386.80427759,202210221640
444,28360,5409,60,14944,Lumberton,"",3619.51284796574,36195.1284796574,1985862696.58282,363920.117329658,202210221640
445,28363,354,3,1079,Marston,"",3280.8155699722,32808.155699722,1736455559.11224,383927.716730151,202210221640
446,28364,5312,61,15170,Maxton,"",3501.64798945287,35016.4798945287,3845135736.01221,464303.223304612,202210221640
447,28365,4795,76,17063,Mount Olive,"",2810.17406083338,28101.7406083338,5449867058.99634,617077.13642774,202210221640
448,28366,1810,18,5153,Newton Grove,"",3512.51698039977,35125.1698039977,2293381130.24042,414618.719505342,202210221640
449,28369,762,9,2241,Orrum,"",3400.26773761714,34002.6773761714,1800121585.61136,401393.305842192,202210221640
450,28371,2278,26,7085,Parkton,"",3215.24347212421,32152.4347212421,1005950088.08063,229991.086519014,202210221640
451,28372,5956,68,15254,Pembroke,"",3904.54962632752,39045.4962632752,1147770145.91595,255857.280522167,202210221640
452,28373,751,6,2552,Pinebluff,"",2942.78996865204,29427.8996865204,460329066.992676,140223.621385681,202210221640
453,28374,4738,74,18171,Pinehurst,"",2607.45143360299,26074.5143360299,609888351.153748,186776.563275303,202210221640
454,28376,15075,115,43831,Raeford,"",3439.34658118683,34393.4658118683,8255601209.37079,618028.253174215,202210221640
455,28377,4491,52,13036,Red Springs,"",3445.07517643449,34450.7517643449,2872865768.25568,446034.002241505,202210221640
456,28379,8668,125,25804,Rockingham,"",3359.1691210665,33591.691210665,4156662320.34821,486165.084209016,202210221640
457,28382,2272,24,8006,Roseboro,"",2837.87159630277,28378.7159630277,3525739741.42773,652666.741452104,202210221640
458,28383,2756,32,7713,Rowland,"",3573.18812394658,35731.8812394658,2904453853.97415,460017.981876533,202210221640
459,28384,4089,40,12414,Saint Pauls,"",3293.86176897052,32938.6176897052,2850567240.80182,480450.415018018,202210221640
460,28385,1057,7,3005,Salemburg,"",3517.47088186356,35174.7088186356,1040463355.97156,321938.125650219,202210221640
461,28386,2365,19,6068,Shannon,"",3897.49505603164,38974.9505603164,1134602512.8537,354913.796549299,202210221640
462,28387,4366,79,17139,Southern Pines,"",2547.40649979579,25474.0649979579,810260751.658813,181010.127281146,202210221640
463,28390,6859,39,23494,Spring Lake,"",2919.46880054482,29194.6880054482,1630867413.08136,287302.836124698,202210221640
464,28391,1701,16,5326,Stedman,"",3193.76642883965,31937.6642883965,1084470955.12604,202263.555324583,202210221640
465,28392,533,6,1554,Tar Heel,"",3429.85842985843,34298.5842985843,925384379.987671,187529.786563955,202210221640
466,28393,659,6,2160,Turkey,"",3050.92592592593,30509.2592592593,1437383838.7915,233550.655699493,202210221640
467,28394,1624,17,6094,Vass,"",2664.9163111257,26649.163111257,1215312777.16113,300186.221923817,202210221640
468,28395,835,5,2657,Wade,"",3142.64207753105,31426.4207753105,1382105528.22943,246616.208913961,202210221640
469,28396,804,10,2679,Wagram,"",3001.11982082867,30011.1982082867,1631714382.90094,330475.243709586,202210221640
470,28398,2830,38,7672,Warsaw,"",3688.73826903024,36887.3826903024,2739435952.33466,345606.723026117,202210221640
471,28399,618,5,1934,White Oak,"",3195.44984488108,31954.4984488108,2338498223.40869,308489.981388208,202210221640
472,28401,6851,91,24213,Wilmington,"",2829.47177136249,28294.7177136249,925590291.269562,302995.40520751,202210221640
473,28403,10965,52,41945,Wilmington,"",2614.13756109191,26141.3756109191,403456249.54361,135103.298695973,202210221640
474,28405,8747,60,33719,Wilmington,"",2594.08642011922,25940.8642011922,694443662.189972,212896.044608315,202210221640
475,28409,8203,42,34974,Wilmington,"",2345.45662492137,23454.5662492137,678530052.059952,626246.01836128,202210221640
476,28411,9374,62,38820,Wilmington,"",2414.73467284905,24147.3467284905,1477023573.08954,591854.549770877,202210221640
477,28412,10853,92,42977,Wilmington,"",2525.30423249645,25253.0423249645,635947452.301941,245813.217862995,202210221640
478,28420,1262,19,5116,Ash,"",2466.77091477717,24667.7091477717,4030119174.4476,622951.504256467,202210221640
479,28421,382,6,2040,Atkinson,"",1872.54901960784,18725.4901960784,1701084244.28595,246250.995159076,202210221640
480,28422,2516,22,8682,Bolivia,"",2897.94978115642,28979.4978115642,2520456183.00197,406510.949073509,202210221640
481,28423,698,8,2285,Bolton,"",3054.704595186,30547.04595186,4327886518.67657,560706.237916531,202210221640
482,28425,3537,44,12625,Burgaw,"",2801.58415841584,28015.8415841584,4872852970.19843,522799.098840263,202210221640
483,28428,1568,6,7142,Carolina Beach,"",2195.46345561467,21954.6345561467,153392950.326767,131890.839899376,202210221640
484,28429,2578,28,8542,Castle Hayne,"",3018.02856473894,30180.2856473894,1146009267.92944,244578.64538817,202210221640
485,28430,602,7,2055,Cerro Gordo,"",2929.4403892944,29294.403892944,1294763521.80133,235369.368885516,202210221640
486,28431,2278,41,6741,Chadbourn,"",3379.32057558226,33793.2057558226,2019287633.59152,414968.282140325,202210221640
487,28432,744,6,1684,Clarendon,"",4418.05225653207,44180.5225653207,913029717.719559,381140.327621418,202210221640
488,28433,1456,16,5297,Clarkton,"",2748.72569378894,27487.2569378894,3257754219.81824,497145.128049415,202210221640
489,28434,298,6,1357,Council,"",2196.02063375092,21960.2063375092,2209417286.23001,262045.947095385,202210221640
490,28435,706,8,2931,Currie,"",2408.73422040259,24087.3422040259,2746865502.37314,418800.327512465,202210221640
491,28436,699,8,2312,Delco,"",3023.35640138408,30233.5640138408,1250613651.60083,304067.898737589,202210221640
492,28438,539,6,1688,Evergreen,"",3193.12796208531,31931.2796208531,1324758692.31961,354385.951020838,202210221640
493,28439,417,14,1536,Fair Bluff,"",2714.84375,27148.4375,667490225.496307,213264.007900786,202210221640
494,28441,1041,11,3328,Garland,"",3128.00480769231,31280.0480769231,3774857745.4223,555550.533903292,202210221640
495,28442,439,8,1734,Hallsboro,"",2531.71856978085,25317.1856978085,1395074837.14975,336354.405393144,202210221640
496,28443,6691,37,22483,Hampstead,"",2976.02633100565,29760.2633100565,4337834719.99771,560208.032392266,202210221640
497,28444,646,5,2278,Harrells,"",2835.82089552239,28358.2089552239,3251010335.70935,548979.732892781,202210221640
498,28445,2690,24,8142,Holly Ridge,"",3303.85654630312,33038.5654630312,2835470197.40424,676482.174744673,202210221640
499,28447,297,0,1334,Ivanhoe,"",2226.3868065967,22263.868065967,2755654733.91089,442226.920323366,202210221640
500,28448,245,3,1216,Kelly,"",2014.80263157895,20148.0263157895,2360585218.26868,400674.523076971,202210221640
501,28449,352,2,1958,Kure Beach,"",1797.75280898876,17977.5280898876,112229003.875305,80695.0045848031,202210221640
502,28450,655,12,2397,Lake Waccamaw,"",2732.58239465999,27325.8239465999,1482484363.39343,277199.450521116,202210221640
503,28451,11488,65,39194,Leland,"",2931.0608766648,29310.608766648,5322314275.71591,771852.448618024,202210221640
504,28452,211,2,513,Longwood,"",4113.0604288499,41130.604288499,201031402.998276,76626.878203892,202210221640
505,28453,1403,9,4137,Magnolia,"",3391.34638627024,33913.4638627024,2286467269.94287,428957.863476439,202210221640
506,28454,887,9,3549,Maple Hill,"",2499.29557621865,24992.9557621865,3064407818.25446,319144.850869928,202210221640
507,28455,580,7,1718,Nakina,"",3376.01862630966,33760.1862630966,1802269564.75485,339624.478895421,202210221640
508,28456,1058,11,3566,Riegelwood,"",2966.90970274818,29669.0970274818,1872158645.14374,368901.622022321,202210221640
509,28457,3382,28,12840,Rocky Point,"",2633.95638629283,26339.5638629283,3397895880.78387,551931.996451502,202210221640
510,28458,2043,25,7018,Rose Hill,"",2911.08577942434,29110.8577942434,3025757032.09851,549753.327973728,202210221640
511,28460,3536,20,10588,Sneads Ferry,"",3339.62976955043,33396.2976955043,868820245.916626,505270.66774661,202210221640
512,28461,4801,35,20575,Southport,"",2333.41433778858,23334.1433778858,2976816159.44659,699193.372938299,202210221640
513,28462,3761,39,14309,Supply,"",2628.41568243763,26284.1568243763,3173815797.17627,578042.071238935,202210221640
514,28463,3307,54,9865,Tabor City,"",3352.2554485555,33522.554485555,3441446535.6745,489113.866817468,202210221640
515,28464,914,9,2491,Teachey,"",3669.20915295062,36692.0915295062,651873569.02948,216752.818849917,202210221640
516,28465,1666,14,8285,Oak Island,"",2010.8630054315,20108.630054315,278142792.540329,260764.452809296,202210221640
517,28466,3342,55,10375,Wallace,"",3221.20481927711,32212.0481927711,4134830722.40503,646652.750223625,202210221640
518,28467,2853,34,11393,Calabash,"",2504.16922671816,25041.6922671816,478052225.035095,182374.085490172,202210221640
519,28468,1178,5,5394,Sunset Beach,"",2183.90804597701,21839.0804597701,561581539.026329,281339.504069841,202210221640
520,28469,2185,26,7481,Ocean Isle Beach,"",2920.73252239005,29207.3252239005,718539224.77166,397460.188245043,202210221640
521,28470,3386,66,13446,Shallotte,"",2518.22103227726,25182.2103227726,1182514664.27979,362760.617388836,202210221640
522,28472,6143,97,20002,Whiteville,"",3071.19288071193,30711.9288071193,5336860792.21823,836470.753006454,202210221640
523,28478,1358,12,4976,Willard,"",2729.09967845659,27290.9967845659,3641064446.79327,420805.470689163,202210221640
524,28479,1970,26,4874,Winnabow,"",4041.85473943373,40418.5473943373,2117768058.25922,493774.783138491,202210221640
525,28480,674,0,2737,Wrightsville Beach,"",2462.5502374863,24625.502374863,105606171.513519,198146.556810674,202210221640
526,28501,5815,71,19507,Kinston,"",2980.98118624084,29809.8118624084,2991635337.302,625626.150351651,202210221640
527,28504,7080,97,21016,Kinston,"",3368.86181956604,33688.6181956604,3402165916.96191,527051.926248192,202210221640
528,28508,714,11,2984,Albertson,"",2392.76139410188,23927.6139410188,979966062.858154,216402.11543394,202210221640
529,28510,364,1,1543,Arapahoe,"",2359.04082955282,23590.4082955282,492605022.366577,160146.449017413,202210221640
530,28511,108,1,628,Atlantic,"",1719.74522292994,17197.4522292994,664520864.566406,632922.312503469,202210221640
531,28512,756,10,3689,Atlantic Beach,"",2049.33586337761,20493.3586337761,159414908.561523,282548.210087653,202210221640
532,28513,3404,16,10825,Ayden,"",3144.5727482679,31445.727482679,2611479123.85803,477095.460669019,202210221640
533,28515,711,4,3463,Bayboro,"",2053.13312157089,20531.3312157089,1758589825.68518,437586.784820445,202210221640
534,28516,2751,28,12482,Beaufort,"",2203.97372215991,22039.7372215991,3384236686.76337,1001596.71803033,202210221640
535,28518,3007,37,8803,Beulaville,"",3415.88094967625,34158.8094967625,2702594658.36359,473932.945095065,202210221640
536,28521,752,15,2259,Chinquapin,"",3328.90659583887,33289.0659583887,984336924.154663,232445.955683395,202210221640
537,28523,708,3,2274,Cove City,"",3113.45646437995,31134.5646437995,2247611957.06177,297516.586083844,202210221640
538,28525,1042,6,3309,Deep Run,"",3148.98760954971,31489.8760954971,1368793733.10339,260376.07892082,202210221640
539,28526,685,10,2384,Dover,"",2873.32214765101,28733.2214765101,2062614072.29626,437910.466683838,202210221640
540,28529,769,14,2539,Grantsboro,"",3028.75147695943,30287.5147695943,2523317524.60889,412017.089612735,202210221640
541,28530,2291,28,7474,Grifton,"",3065.29301578807,30652.9301578807,1906098626.48975,426610.065184873,202210221640
542,28531,279,5,1414,Harkers Island,"",1973.12588401697,19731.2588401697,96666650.4205933,159397.370996394,202210221640
543,28532,5870,23,25868,Havelock,"",2269.2129271687,22692.129271687,5072028576.29651,874966.498361209,202210221640
544,28538,1070,7,3342,Hookerton,"",3201.67564332735,32016.7564332735,837514346.679443,167225.326393657,202210221640
545,28539,4839,40,18000,Hubert,"",2688.33333333333,26883.3333333333,2158531628.89203,965472.416809674,202210221640
546,28540,14650,131,52400,Jacksonville,"",2795.80152671756,27958.0152671756,3283488394.35052,547729.060516665,202210221640
547,28542,1380,0,6146,Camp Lejeune,"",2245.36283761796,22453.6283761796,1137151211.30426,554417.951637185,202210221640
548,28543,1482,2,6618,Tarawa Terrace,"",2239.34723481414,22393.4723481414,101812905.851257,81799.9494086724,202210221640
549,28546,15571,107,51963,Jacksonville,"",2996.55524122934,29965.5524122934,2766403023.01086,429757.095409677,202210221640
550,28547,6318,0,13868,Camp Lejeune,"",4555.8119411595,45558.119411595,321351155.112183,125030.1108688,202210221640
551,28551,4381,44,14265,La Grange,"",3071.15317209954,30711.5317209954,3578620059.57935,402405.541085344,202210221640
552,28553,72,1,522,Marshallberg,"",1379.31034482759,13793.1034482759,44093630.395752,64625.7950525977,202210221640
553,28555,1534,12,4702,Maysville,"",3262.44151424926,32624.4151424926,3623337430.05573,600372.548840718,202210221640
554,28557,3943,28,15254,Morehead City,"",2584.89576504523,25848.9576504523,400526127.961975,291647.007459014,202210221640
555,28560,8141,93,28926,New Bern,"",2814.42301044043,28144.2301044043,3309199654.78784,1030041.14449326,202210221640
556,28562,10796,84,38009,New Bern,"",2840.37991002131,28403.7991002131,3853792240.20764,1071472.47820274,202210221640
557,28570,5782,40,22687,Newport,"",2548.59611231102,25485.9611231102,4050945831.7467,612371.091717981,202210221640
558,28571,482,4,3137,Oriental,"",1536.49984061205,15364.9984061205,1482289449.53186,353024.477698561,202210221640
559,28572,2266,28,6379,Pink Hill,"",3552.28092177457,35522.8092177457,3042675125.74115,395176.694907307,202210221640
560,28573,682,19,2475,Pollocksville,"",2755.55555555556,27555.5555555556,3035889883.2348,360117.83631843,202210221640
561,28574,5703,53,17702,Richlands,"",3221.66986781155,32216.6986781155,3868294357.7301,523654.71280993,202210221640
562,28577,121,6,595,Sealevel,"",2033.61344537815,20336.1344537815,131607264.267456,82049.6590834024,202210221640
563,28578,1588,18,7044,Seven Springs,"",2254.40090857467,22544.0090857467,1837860745.29797,304549.150963809,202210221640
564,28580,3553,54,12031,Snow Hill,"",2953.2042224254,29532.042224254,3261656823.56982,373362.024423986,202210221640
565,28582,520,4,1824,Stella,"",2850.87719298246,28508.7719298246,566119411.242798,233745.537488706,202210221640
566,28584,3339,24,12910,Swansboro,"",2586.36715724245,25863.6715724245,870417864.570801,630505.524420814,202210221640
567,28585,1126,16,4170,Trenton,"",2700.23980815348,27002.3980815348,5857263271.9624,616313.550954668,202210221640
568,28586,3354,17,8427,Vanceboro,"",3980.06407974368,39800.6407974368,3798727344.79224,393188.365406212,202210221640
569,28590,10096,42,26551,Winterville,"",3802.49331475274,38024.9331475274,1153236268.85608,260797.112041444,202210221640
570,28594,899,8,3678,Emerald Isle,"",2444.26318651441,24442.6318651441,161880563.377441,206007.395136269,202210221640
571,28601,17766,190,49848,Hickory,"",3564.03466538276,35640.3466538276,1378207425.05768,365850.750506082,202210221640
572,28602,10329,153,31218,Hickory,"",3308.66807610994,33086.6807610994,1938678919.97003,319569.803956005,202210221640
573,28604,1570,14,6449,Banner Elk,"",2434.48596681656,24344.8596681656,1915326545.24634,325836.980718489,202210221640
574,28605,905,9,4143,Blowing Rock,"",2184.40743422641,21844.0743422641,895784503.144714,248689.345104093,202210221640
575,28606,624,7,2367,Boomer,"",2636.2484157161,26362.484157161,1247639586.18042,214129.251492026,202210221640
576,28607,9048,42,37481,Boone,"",2414.02310503989,24140.2310503989,2776057252.95807,555835.873680891,202210221640
577,28609,2024,22,6457,Catawba,"",3134.58262350937,31345.8262350937,1341728385.28827,281255.134101197,202210221640
578,28610,3634,41,10238,Claremont,"",3549.52139089666,35495.2139089666,1121879522.66571,308096.881521473,202210221640
579,28612,4080,68,14906,Connelly Springs,"",2737.15282436603,27371.5282436603,2400642845.42798,441028.943696581,202210221640
580,28613,8319,111,25216,Conover,"",3299.09581218274,32990.9581218274,1220326345.78546,362168.639637895,202210221640
581,28615,398,3,1883,Creston,"",2113.64843335104,21136.4843335104,1868599532.61511,272770.247470023,202210221640
582,28617,558,4,2451,Crumpler,"",2276.6217870257,22766.217870257,986888820.641235,263906.737953269,202210221640
583,28618,480,5,2480,Deep Gap,"",1935.48387096774,19354.8387096774,1010729766.2395,224128.286954044,202210221640
584,28621,3789,68,10400,Elkin,"",3643.26923076923,36432.6923076923,1827310682.30029,492431.108964797,202210221640
585,28622,600,2,2638,Elk Park,"",2274.45034116755,22744.5034116755,922706854.79248,228052.883765708,202210221640
586,28623,485,0,1716,Ennice,"",2826.34032634033,28263.4032634033,790959225.749146,176648.995975266,202210221640
587,28624,458,11,1893,Ferguson,"",2419.44004226096,24194.4004226096,1893859856.27216,280305.359064925,202210221640
588,28625,11739,176,38862,Statesville,"",3020.68859039679,30206.8859039679,5528677082.18164,627405.109037109,202210221640
589,28626,545,4,3001,Fleetwood,"",1816.0613128957,18160.613128957,819063990.876587,148645.734339712,202210221640
590,28627,341,1,1534,Glade Valley,"",2222.94654498044,22229.4654498044,929851696.585571,229623.659776181,202210221640
591,28630,6718,96,20369,Granite Falls,"",3298.14914821543,32981.4914821542,1749206123.14734,364175.180926025,202210221640
592,28631,152,0,536,Grassy Creek,"",2835.82089552239,28358.2089552239,666742006.060913,167245.211138671,202210221640
593,28634,1505,19,5269,Harmony,"",2856.32947428355,28563.2947428355,1708637469.52393,380041.000632719,202210221640
594,28635,1217,14,4032,Hays,"",3018.35317460317,30183.5317460317,1589254753.84888,282956.554467362,202210221640
595,28636,1592,21,5186,Hiddenite,"",3069.80331662167,30698.0331662167,1563401720.00476,343683.132287544,202210221640
596,28637,798,8,1583,Hildebran,"",5041.06127605812,50410.6127605812,75804105.8025513,39679.7431148788,202210221640
597,28638,4357,27,12560,Hudson,"",3468.94904458599,34689.4904458599,586195125.955933,179942.259882133,202210221640
598,28640,1534,30,4805,Jefferson,"",3192.50780437045,31925.0780437045,1056537388.6748,302637.689495691,202210221640
599,28642,1897,22,5578,Jonesville,"",3400.86052348512,34008.6052348512,922184812.2677,173376.666314256,202210221640
600,28643,709,9,3443,Lansing,"",2059.25065349985,20592.5065349985,2044042930.41492,275858.107391136,202210221640
601,28644,348,0,1570,Laurel Springs,"",2216.56050955414,22165.6050955414,2045165288.09131,297831.47514214,202210221640
602,28645,15766,204,47621,Lenoir,"",3310.72426030533,33107.2426030533,9179149391.98291,930216.037146455,202210221640
603,28649,305,3,1034,Mc Grady,"",2949.70986460348,29497.0986460348,1036137984.80469,190682.670149615,202210221640
604,28650,4504,38,13374,Maiden,"",3367.7284282937,33677.284282937,1278104496.07623,377336.649296681,202210221640
605,28651,2049,25,6653,Millers Creek,"",3079.81361791673,30798.1361791673,2065649255.9353,349078.290644554,202210221640
606,28654,958,15,3800,Moravian Falls,"",2521.05263157895,25210.5263157895,1821577421.53857,295573.209104024,202210221640
607,28655,17733,192,58249,Morganton,"",3044.34410891174,30443.4410891174,9153179930.14331,677983.745386269,202210221640
608,28657,2625,30,9610,Newland,"",2731.5296566077,27315.296566077,3935578521.47217,457051.359413869,202210221640
609,28658,9415,92,25858,Newton,"",3641.03952355171,36410.3952355171,2022657893.02307,451555.722478839,202210221640
610,28659,6854,95,21013,North Wilkesboro,"",3261.79032027792,32617.9032027792,2817470108.66394,743040.466864702,202210221640
611,28660,663,7,2336,Olin,"",2838.18493150685,28381.8493150685,892135691.594116,224297.744075571,202210221640
612,28665,732,6,2986,Purlear,"",2451.44005358339,24514.4005358339,1778038258.60608,240271.301413849,202210221640
613,28668,68,1,39,Roaring Gap,"",,,150579895.761963,97868.8716295681,202210221640
614,28669,873,13,3133,Roaring River,"",2786.46664538781,27864.6664538781,1299426384.18799,252536.432806369,202210221640
615,28670,961,14,3183,Ronda,"",3019.16431039899,30191.6431039899,1123975912.01135,257469.478215133,202210221640
616,28673,1842,11,6621,Sherrills Ford,"",2782.05709107386,27820.5709107386,852092289.759583,248402.605359209,202210221640
617,28675,2101,15,6805,Sparta,"",3087.43570903747,30874.3570903747,2977111225.9541,397880.218381249,202210221640
618,28676,1106,10,3444,State Road,"",3211.38211382114,32113.8211382114,830902972.436646,197653.666386266,202210221640
619,28677,11335,122,35614,Statesville,"",3182.73712584939,31827.3712584939,2372250827.99042,364916.143502524,202210221640
620,28678,1568,13,5252,Stony Point,"",2985.52932216299,29855.2932216299,1249807753.12482,237772.476162198,202210221640
621,28679,389,4,2122,Sugar Grove,"",1833.17624882187,18331.7624882187,636943392.934937,227619.317646308,202210221640
622,28681,8438,113,26959,Taylorsville,"",3129.93805408212,31299.3805408212,4726487412.65814,412700.759417832,202210221640
623,28682,324,2,1099,Terrell,"",2948.13466787989,29481.3466787989,164657442.78833,108427.066369374,202210221640
624,28683,560,7,1934,Thurmond,"",2895.55325749741,28955.5325749741,988749233.112671,203358.604100989,202210221640
625,28684,410,3,2175,Todd,"",1885.05747126437,18850.5747126437,1383524229.94177,292392.138653963,202210221640
626,28685,584,6,1908,Traphill,"",3060.79664570231,30607.9664570231,1296786088.98804,215086.939280452,202210221640
627,28689,540,5,1662,Union Grove,"",3249.09747292419,32490.9747292419,1218398001.86389,304792.24772459,202210221640
628,28690,2765,31,9427,Valdese,"",2933.06460167604,29330.6460167604,668624773.04187,213466.610171622,202210221640
629,28692,904,6,4504,Vilas,"",2007.10479573712,20071.0479573712,1091553223.68976,286379.955820553,202210221640
630,28693,401,2,1693,Warrensville,"",2368.57649143532,23685.7649143532,621923811.260986,170328.387778475,202210221640
631,28694,2028,29,8033,West Jefferson,"",2524.58608241006,25245.8608241006,2188720146.69934,416426.801998168,202210221640
632,28697,4155,60,13376,Wilkesboro,"",3106.30980861244,31063.0980861244,1810927272.521,565265.362104432,202210221640
633,28701,1092,9,4830,Alexander,"",2260.86956521739,22608.6956521739,557040025.003723,178622.867954756,202210221640
634,28702,85,0,704,Almond,"",1207.38636363636,12073.8636363636,749571990.457794,168899.042279792,202210221640
635,28704,6839,49,21728,Arden,"",3147.55154639175,31475.5154639175,1481682958.97644,329012.999643476,202210221640
636,28705,1577,13,7168,Bakersville,"",2200.05580357143,22000.5580357143,3538838336.04175,376028.663142582,202210221640
637,28711,3065,60,15250,Black Mountain,"",2009.83606557377,20098.3606557377,2289646423.50623,432841.107136649,202210221640
638,28712,4406,57,19644,Brevard,"",2242.92404805539,22429.2404805539,3743370041.24365,607196.289251342,202210221640
639,28713,2741,37,9333,Bryson City,"",2936.89060323583,29368.9060323583,7085157294.99072,658029.652447303,202210221640
640,28714,5492,63,17066,Burnsville,"",3218.09445681472,32180.9445681472,7287599937.88281,538818.932986382,202210221640
641,28715,6720,50,27289,Candler,"",2462.53069002162,24625.3069002162,1975153881.5733,274379.594297132,202210221640
642,28716,4559,86,18650,Canton,"",2444.50402144772,24445.0402144772,4450693739.33826,450946.985814241,202210221640
643,28718,116,1,607,Cedar Mountain,"",1911.03789126853,19110.3789126853,604740430.192017,157079.894608512,202210221640
644,28719,3006,24,6945,Cherokee,"",4328.29373650108,43282.9373650108,6313532001.74988,506970.161305605,202210221640
645,28721,2669,28,10866,Clyde,"",2456.28566169704,24562.8566169704,3262240884.20239,451646.750156333,202210221640
646,28722,1558,19,6854,Columbus,"",2273.12518237526,22731.2518237526,1330435890.70984,371441.890606651,202210221640
647,28723,2766,9,11678,Cullowhee,"",2368.5562596335,23685.562596335,2829089767.59064,521400.904374384,202210221640
648,28726,1059,15,3477,East Flat Rock,"",3045.72907679034,30457.2907679034,62782212.3257446,52681.8363735949,202210221640
649,28729,881,4,2978,Etowah,"",2958.36131631968,29583.6131631968,115914409.369507,74718.0620947517,202210221640
650,28730,2109,20,10068,Fairview,"",2094.75566150179,20947.5566150179,1334723772.69336,277836.650121475,202210221640
651,28731,2449,34,9271,Flat Rock,"",2641.57048862043,26415.7048862043,910498937.374664,308715.430561089,202210221640
652,28732,4916,34,18899,Fletcher,"",2601.19583046722,26011.9583046722,1163648233.76184,268599.174805655,202210221640
653,28734,7295,102,28423,Franklin,"",2566.58340076698,25665.8340076698,8413329787.90622,680710.034553257,202210221640
654,28736,172,0,740,Glenville,"",2324.32432432432,23243.2432432432,845894035.551971,243241.394198335,202210221640
655,28739,4453,52,21994,Hendersonville,"",2024.64308447758,20246.4308447758,1809199500.98254,354883.696935042,202210221640
656,28740,549,2,2123,Green Mountain,"",2585.96325953839,25859.6325953839,2560353451.70599,391601.88482291,202210221640
657,28741,792,11,3135,Highlands,"",2526.31578947368,25263.1578947368,2488322100.83908,291652.561708351,202210221640
658,28742,755,11,2834,Horse Shoe,"",2664.07904022583,26640.7904022583,759756422.807678,323788.261855292,202210221640
659,28745,233,1,598,Lake Junaluska,"",3896.32107023411,38963.2107023411,24208240.7459412,20619.3143809221,202210221640
660,28746,488,10,2583,Lake Lure,"",1889.2760356175,18892.760356175,1635267198.94843,301403.103342596,202210221640
661,28747,393,10,2517,Lake Toxaway,"",1561.38259833135,15613.8259833135,1644170650.80768,278687.825520296,202210221640
662,28748,3070,27,12684,Leicester,"",2420.37212235888,24203.7212235888,2568900770.12885,433742.542694055,202210221640
663,28751,950,14,3738,Maggie Valley,"",2541.46602461209,25414.6602461209,1196971956.93442,252655.252396679,202210221640
664,28752,11093,118,31501,Marion,"",3521.47550871401,35214.7550871401,6843838240.70496,729852.019397461,202210221640
665,28753,3251,42,12286,Marshall,"",2646.10125345922,26461.0125345922,7221367422.4903,582321.875436498,202210221640
666,28754,2327,35,8823,Mars Hill,"",2637.4249121614,26374.249121614,2532637146.55933,336365.654274913,202210221640
667,28756,982,7,4770,Mill Spring,"",2058.70020964361,20587.0020964361,2319967191.40479,359387.276461913,202210221640
668,28759,1866,10,7867,Mills River,"",2371.93339265285,23719.3339265285,710290580.507599,219074.688607407,202210221640
669,28761,2834,42,8493,Nebo,"",3336.86565406806,33368.6565406806,3254647047.74689,448908.605974668,202210221640
670,28762,2131,18,7603,Old Fort,"",2802.84098382218,28028.4098382218,2996741187.4848,387268.208256282,202210221640
671,28763,565,12,2864,Otto,"",1972.76536312849,19727.6536312849,1145043002.66425,202810.842815888,202210221640
672,28766,392,2,1526,Penrose,"",2568.80733944954,25688.0733944954,159626292.482056,88900.5625977205,202210221640
673,28768,1668,7,7895,Pisgah Forest,"",2112.72957568081,21127.2957568081,2244655883.74216,321689.536597621,202210221640
674,28771,2663,31,8212,Robbinsville,"",3242.81539210911,32428.1539210911,9086438704.3884,732920.807564291,202210221640
675,28773,850,20,3508,Saluda,"",2423.0330672748,24230.330672748,1396855034.24573,267712.497423626,202210221640
676,28775,102,4,493,Scaly Mountain,"",2068.96551724138,20689.6551724138,456631744.06662,130336.94180952,202210221640
677,28777,3425,31,10391,Spruce Pine,"",3296.12164373015,32961.2164373015,1968811938.32007,332780.684408784,202210221640
678,28778,2559,23,10803,Swannanoa,"",2368.78644820883,23687.8644820883,692162823.950317,188030.795128165,202210221640
679,28779,4369,60,17610,Sylva,"",2480.97671777399,24809.7671777399,3287520334.70795,472387.421611018,202210221640
680,28782,1190,17,6512,Tryon,"",1827.39557739558,18273.9557739558,1239852111.02036,390005.579825198,202210221640
681,28783,363,3,1905,Tuckasegee,"",1905.51181102362,19055.1181102362,2507065764.50815,412465.098737655,202210221640
682,28785,1626,14,8309,Waynesville,"",1956.91418943314,19569.1418943314,4680111391.07288,434987.630089387,202210221640
683,28786,5538,90,21837,Waynesville,"",2536.06264596785,25360.6264596785,2130537927.5513,319219.020654078,202210221640
684,28787,5614,58,20681,Weaverville,"",2714.56892800155,27145.6892800155,2146776657.76654,337936.038355961,202210221640
685,28789,1527,12,6551,Whittier,"",2330.94184094031,23309.4184094031,1731085189.80936,281392.474737519,202210221640
686,28790,775,9,3775,Zirconia,"",2052.98013245033,20529.8013245033,1184634316.47168,272368.233599775,202210221640
687,28791,3738,50,15811,Hendersonville,"",2364.17683890962,23641.7683890962,466838231.125,123544.27336528,202210221640
688,28792,9545,125,37949,Hendersonville,"",2515.21779230019,25152.1779230019,2892120004.20319,483608.715059926,202210221640
689,28801,3874,40,16782,Asheville,"",2308.42569419616,23084.2569419616,142991050.123962,66531.4000304091,202210221640
690,28803,7844,87,34731,Asheville,"",2258.50105093432,22585.0105093432,1148499781.62708,221583.067984848,202210221640
691,28804,4874,51,23302,Asheville,"",2091.66595142048,20916.6595142048,818376430.368896,216401.982596761,202210221640
692,28805,4092,49,20394,Asheville,"",2006.47249190939,20064.7249190939,743578799.615234,203043.782551957,202210221640
693,28806,10801,87,43841,Asheville,"",2463.67555484592,24636.7555484592,1123591112.45288,297671.815966071,202210221640
694,28901,1537,32,6039,Andrews,"",2545.1233647955,25451.233647955,1881090750.42804,271571.032581688,202210221640
695,28902,352,1,1562,Brasstown,"",2253.52112676056,22535.2112676056,645585335.657318,162521.113458697,202210221640
696,28904,2532,44,9535,Hayesville,"",2655.47981122181,26554.7981122181,5317145252.91805,403950.005454209,202210221640
697,28905,986,16,3548,Marble,"",2779.03043968433,27790.3043968433,1058320723.96715,269002.244098821,202210221640
698,28906,5363,83,20296,Murphy,"",2642.39258967284,26423.9258967284,9849733400.34212,586826.324547444,202210221640
699,28909,240,6,1068,Warne,"",2247.19101123596,22471.9101123596,269492752.319427,107722.293423693,202210221640
700,27533,674,3,0,"","",,,18055719.4014893,15817.3715737294,202210221640
701,27340,42,1,34,Saxapahaw,"",,,694758.987792969,3852.87240074502,202210221640
702,27411,209,0,847,Greensboro,"",2467.53246753247,24675.3246753247,713742.998291016,5860.23208289576,202210221640
703,27412,132,0,1886,Greensboro,"",699.893955461294,6998.93955461294,4771290.83532715,13054.7888333439,202210221640
704,27498,,,13,Greensboro,Population <500 and Cases <5,,,3369264.12316895,7774.18760349114,202210221640
705,27599,62,0,0,Chapel Hill,"",,,4275416.30163574,15555.1510255833,202210221640
706,27706,,,10,Durham,Population <500 and Cases <5,,,1281872.18347168,6816.757693542,202210221640
707,27711,,,62,Durham,Population <500 and Cases <5,,,11690491.0200195,25227.7794868175,202210221640
708,27810,1098,15,4224,Belhaven,"",2599.43181818182,25994.3181818182,5320714553.85889,863428.562860574,202210221640
709,27821,85,2,343,Edward,"",2478.13411078717,24781.3411078717,180879118.265869,102716.617789089,202210221640
710,27824,348,2,1540,Engelhard,"",2259.74025974026,22597.4025974026,5755622445.56714,766498.765242208,202210221640
711,27826,199,2,1245,Fairfield,"",1598.39357429719,15983.9357429719,5502010014.61365,681909.128335756,202210221640
712,27841,37,1,84,Hassell,"",4404.7619047619,44047.619047619,5972995.94189453,12505.2057352129,202210221640
713,27872,80,1,429,Roxobel,"",1864.80186480186,18648.0186480186,78668396.3901367,60062.9164687203,202210221640
714,27875,132,3,511,Scranton,"",2583.17025440313,25831.7025440313,1462926064.75208,668994.049821798,202210221640
715,27881,20,0,323,Speed,"",619.195046439629,6191.95046439628,45624486.2655029,35379.3892263349,202210221640
716,27919,269,3,1211,Belvidere,"",2221.30470685384,22213.0470685384,1805677755.21484,260299.205087965,202210221640
717,27920,371,1,1415,Buxton,"",2621.90812720848,26219.0812720848,251417477.481567,169552.58818934,202210221640
718,27921,1039,8,5366,Camden,"",1936.26537458069,19362.6537458069,2216306760.15601,371309.805402765,202210221640
719,27923,139,1,990,Coinjock,"",1404.0404040404,14040.404040404,442853112.258789,222994.427279021,202210221640
720,27936,167,1,961,Frisco,"",1737.77315296566,17377.7315296566,134638106.065186,108288.074251883,202210221640
721,27939,707,7,3370,Grandy,"",2097.92284866469,20979.2284866469,296874050.40332,237784.484514938,202210221640
722,27941,174,0,670,Harbinger,"",2597.01492537313,25970.1492537313,66348159.842041,42125.3614314888,202210221640
723,27943,119,0,491,Hatteras,"",2423.62525458248,24236.2525458248,82146889.1915283,162150.406610954,202210221640
724,27947,213,1,845,Jarvisburg,"",2520.7100591716,25207.100591716,181991023.044922,117825.871497151,202210221640
725,27953,295,1,992,Manns Harbor,"",2973.79032258064,29737.9032258065,4841742826.08521,775886.839802655,202210221640
726,27954,1678,8,6405,Manteo,"",2619.82825917252,26198.2825917252,346159524.466309,171104.045001834,202210221640
727,27956,68,2,328,Maple,"",2073.17073170732,20731.7073170732,91616147.3259277,62675.9008746753,202210221640
728,27960,336,0,899,Ocracoke,"",3737.48609566185,37374.8609566185,272996211.932129,221416.979930584,202210221640
729,27964,136,1,653,Point Harbor,"",2082.69525267994,20826.9525267994,40700993.1791992,29044.1496807834,202210221640
730,27965,119,0,611,Poplar Branch,"",1947.62684124386,19476.2684124386,362463348.010742,286670.57703568,202210221640
731,27972,24,0,196,Salvo,"",1224.48979591837,12244.8979591837,25839959.5158691,77591.8753697891,202210221640
732,27973,337,0,1493,Shawboro,"",2257.20026791695,22572.0026791695,1350823542.63281,279776.313560853,202210221640
733,27974,218,0,1375,Shiloh,"",1585.45454545455,15854.5454545455,1282875105.52026,448552.234751616,202210221640
734,27978,44,0,221,Stumpy Point,"",1990.95022624434,19909.5022624434,3250437066.68713,488663.160212978,202210221640
735,27980,636,10,2075,Tyner,"",3065.06024096386,30650.6024096386,1319096560.03711,208839.628959426,202210221640
736,27981,415,1,1863,Wanchese,"",2227.58990874933,22275.8990874933,183167116.380371,177755.254740471,202210221640
737,28077,135,3,557,High Shoals,"",2423.69838420108,24236.9838420108,25098303.871521,27989.3633622467,202210221640
738,28101,207,5,465,Mc Adenville,"",4451.61290322581,44516.1290322581,12210373.4969482,19058.3264759027,202210221640
739,28223,57,0,2941,Charlotte,"",193.811628697722,1938.11628697722,16745950.1914673,34959.7943637767,202210221640
740,28308,36,0,737,Pope Army Airfield,"",488.466757123474,4884.66757123474,90374263.7665405,45243.1542141805,202210221640
741,28375,56,0,155,Proctorville,"",3612.90322580645,36129.0322580645,16154829.5779114,21293.1141646593,202210221640
742,28519,148,3,328,Bridgeton,"",4512.19512195122,45121.9512195122,3782179.40026855,11964.2990373982,202210221640
743,28520,69,1,352,Cedar Island,"",1960.22727272727,19602.2727272727,633116579.775757,427477.052966736,202210221640
744,28524,100,1,443,Davis,"",2257.33634311512,22573.3634311512,547256692.822876,860357.358716607,202210221640
745,28527,395,2,905,Ernul,"",4364.6408839779,43646.408839779,1145978492.04919,209684.397786102,202210221640
746,28528,133,2,640,Gloucester,"",2078.125,20781.25,74196560.923584,79933.9347539672,202210221640
747,28533,425,0,0,Cherry Point,"",,,253735788.170532,192645.367219711,202210221640
748,28537,39,0,186,Hobucken,"",2096.77419354839,20967.7419354839,891999129.25647,352204.851723087,202210221640
749,28544,1599,13,5607,Midway Park,"",2851.7924023542,28517.924023542,155759986.503357,92182.0384683424,202210221640
750,28545,429,0,4010,Mccutcheon Field,"",1069.82543640898,10698.2543640898,145247654.855835,101700.276162633,202210221640
751,28552,30,0,131,Lowland,"",2290.07633587786,22900.7633587786,211084218.553589,104037.967496467,202210221640
752,28556,207,6,1150,Merritt,"",1800,18000,1139666751.30212,394317.853497313,202210221640
753,28561,109,1,0,New Bern,"",,,195198.709350586,2618.49962886206,202210221640
754,28579,123,2,798,Smyrna,"",1541.35338345865,15413.5338345865,633080494.557556,233023.142000653,202210221640
755,28581,41,1,224,Stacy,"",1830.35714285714,18303.5714285714,2404669972.88318,703346.462367878,202210221640
756,28583,39,1,0,Stonewall,"",,,596710.740722656,3607.20989795631,202210221640
757,28587,81,1,324,Vandemere,"",2500,25000,250612018.426636,182903.197478108,202210221640
758,28611,211,4,978,Collettsville,"",2157.46421267894,21574.6421267894,2483135872.03735,419111.187381629,202210221640
759,28629,31,0,63,Glendale Springs,"",4920.63492063492,49206.3492063492,18113919.8492432,19773.9407564207,202210221640
760,28646,236,1,463,Linville,"",5097.19222462203,50971.9222462203,440709602.757813,156576.175660301,202210221640
761,28663,160,1,715,Piney Creek,"",2237.76223776224,22377.6223776224,577849850.650269,137228.322788793,202210221640
762,28667,140,2,105,Rhodhiss,"",,,1309548.80932617,6065.66147149414,202210221640
763,28672,11,0,35,Scottville,"",3142.85714285714,31428.5714285714,62555584.7313232,47932.7256464108,202210221640
764,28698,466,5,1844,Zionville,"",2527.11496746204,25271.1496746204,762471326.925049,227334.653867248,202210221640
765,28708,130,3,1340,Balsam Grove,"",970.149253731343,9701.49253731343,795626278.709686,241272.033803256,202210221640
766,28709,524,3,2308,Barnardsville,"",2270.36395147314,22703.6395147314,1635213770.4093,231197.383485249,202210221640
767,28717,456,6,1471,Cashiers,"",3099.93201903467,30999.3201903467,1160000231.10587,300525.403558474,202210221640
768,28720,23,0,35,Chimney Rock,"",6571.42857142857,65714.2857142857,47877696.5422974,47768.4833790312,202210221640
769,28725,120,4,36,Dillsboro,"",,,1395548.49920654,7541.63511359509,202210221640
770,28733,31,0,200,Fontana Dam,"",1550,15500,498075903.916718,200917.740964481,202210221640
771,28735,57,0,294,Gerton,"",1938.77551020408,19387.7551020408,137680777.623108,92735.3834552802,202210221640
772,28743,530,9,2422,Hot Springs,"",2188.27415359207,21882.7415359207,2855463957.34918,351331.648547095,202210221640
773,28749,30,0,0,Little Switzerland,"",,,1713987.45050049,8852.52475284555,202210221640
774,28757,126,0,0,Montreat,"",,,129672.114624023,2617.87913210505,202210221640
775,28772,437,5,1942,Rosman,"",2250.25746652935,22502.5746652935,577124059.134399,256613.212684218,202210221640
776,28774,275,3,1569,Sapphire,"",1752.70873167623,17527.0873167623,1130246511.80005,224488.61951138,202210221640
777,28781,189,1,957,Topton,"",1974.92163009404,19749.2163009404,2402982140.90009,297913.620657843,202210221640
778,27969,8,0,0,Roduco,"",,,724387.010986328,3958.82496624679,202210221640
779,28253,,,0,Charlotte,Population <500 and Cases <5,,,133339.295837402,3050.2273713774,202210221640
780,28608,145,0,0,Boone,"",,,274774.708862305,3583.90419251761,202210221640
