OBJECTID,ZIPCode,Cases,Deaths,TotalPop,Place,Note,RatePer10K,RatePer100K,Shape__Area,Shape__Length,DataGatherTS
1,27006,2355,18,14872,Advance,"",1583.51264120495,15835.1264120495,1744189234.37061,355282.663136038,202201050140
2,27007,408,3,2136,Ararat,"",1910.11235955056,19101.1235955056,592499585.594238,195922.003442792,202201050140
3,27009,506,6,2937,Belews Creek,"",1722.84644194757,17228.4644194757,618093097.011353,191244.647442635,202201050140
4,27011,1046,13,5411,Boonville,"",1933.09924228424,19330.9924228424,1489580093.86462,316910.589814884,202201050140
5,27012,4850,71,28954,Clemmons,"",1675.07080196173,16750.7080196173,1176567385.86804,255774.303165276,202201050140
6,27013,1172,13,6495,Cleveland,"",1804.4649730562,18044.649730562,2066336247.98627,379169.285246239,202201050140
7,27014,203,6,957,Cooleemee,"",2121.21212121212,21212.1212121212,21479098.032959,22299.1178929161,202201050140
8,27016,340,4,1682,Danbury,"",2021.40309155767,20214.0309155767,1068209590.0686,211061.413302457,202201050140
9,27017,1954,24,9499,Dobson,"",2057.05863775134,20570.5863775134,2962951682.04883,566348.974052303,202201050140
10,27018,1442,11,8221,East Bend,"",1754.04452013137,17540.4452013137,2331567909.96985,255811.974556888,202201050140
11,27019,616,5,4234,Germanton,"",1454.88899385923,14548.8899385923,977414017.819214,270248.259734795,202201050140
12,27020,1247,11,6104,Hamptonville,"",2042.92267365662,20429.2267365662,2114111622.36755,316969.486887135,202201050140
13,27021,3224,59,17979,King,"",1793.20318148952,17932.0318148952,1469376476.14172,210392.900707099,202201050140
14,27022,219,3,1512,Lawsonville,"",1448.4126984127,14484.126984127,918745327.278442,200803.000966771,202201050140
15,27023,1874,8,12775,Lewisville,"",1466.92759295499,14669.2759295499,807172159.002075,183078.980128526,202201050140
16,27024,521,5,2683,Lowgap,"",1941.85613119642,19418.5613119642,1265827411.39758,278411.484773322,202201050140
17,27025,1755,37,11117,Madison,"",1578.66330844652,15786.6330844652,2714649364.33142,468723.596670607,202201050140
18,27027,608,19,4017,Mayodan,"",1513.56733881006,15135.6733881006,548179131.574585,172371.363079245,202201050140
19,27028,5135,57,28039,Mocksville,"",1831.37772388459,18313.7772388459,5475621774.30664,567238.136149726,202201050140
20,27030,7630,159,37641,Mount Airy,"",2027.04497755107,20270.4497755107,4824085732.75671,624989.724929864,202201050140
21,27040,1858,14,13150,Pfafftown,"",1412.92775665399,14129.2775665399,763349953.536133,205025.773716105,202201050140
22,27041,1417,11,8020,Pilot Mountain,"",1766.83291770574,17668.3291770574,1629462738.40637,324677.141569035,202201050140
23,27042,104,2,720,Pine Hall,"",1444.44444444444,14444.4444444444,290758639.069458,113971.243586081,202201050140
24,27043,1091,13,6442,Pinnacle,"",1693.57342440236,16935.7342440236,1935795027.06067,395674.180712495,202201050140
25,27045,1791,15,9583,Rural Hall,"",1868.93457163727,18689.3457163727,666085549.25769,154538.589918543,202201050140
26,27046,299,5,1953,Sandy Ridge,"",1530.97798259089,15309.7798259089,1237681699.0647,217125.573744555,202201050140
27,27047,215,2,1279,Siloam,"",1681.00078186083,16810.0078186083,576295820.815674,144984.839113672,202201050140
28,27048,1367,18,8902,Stoneville,"",1535.60997528645,15356.0997528645,2355000804.03674,325454.766660312,202201050140
29,27050,646,8,4084,Tobaccoville,"",1581.78256611166,15817.8256611166,703876500.567505,219088.1792708,202201050140
30,27051,1353,14,8287,Walkertown,"",1632.67768794497,16326.7768794497,524680317.775635,151066.808563308,202201050140
31,27052,1706,30,10061,Walnut Cove,"",1695.65649537819,16956.5649537819,2710320219.82117,403203.611044297,202201050140
32,27053,459,5,3156,Westfield,"",1454.37262357414,14543.7262357414,2152815477.55933,413464.446930883,202201050140
33,27054,533,11,2608,Woodleaf,"",2043.71165644172,20437.1165644172,778193820.583862,201172.963339102,202201050140
34,27055,3045,44,14521,Yadkinville,"",2096.96301907582,20969.6301907582,3115987965.39453,403366.492297811,202201050140
35,27101,3131,52,24321,Winston Salem,"",1287.36482874882,12873.6482874882,356085731.400146,162957.922513792,202201050140
36,27103,5444,51,36071,Winston Salem,"",1509.24565440381,15092.4565440381,527249856.672729,146399.561156354,202201050140
37,27104,4280,47,29383,Winston Salem,"",1456.6245788381,14566.245788381,337669863.683838,130394.134288752,202201050140
38,27105,6930,61,40186,Winston Salem,"",1724.48116259394,17244.8116259394,950547784.577881,208375.813794777,202201050140
39,27106,7079,72,51378,Winston Salem,"",1377.82708552299,13778.2708552299,787324720.967285,203893.681115083,202201050140
40,27107,8665,83,52432,Winston Salem,"",1652.61672261215,16526.1672261215,1859279716.41162,319111.813640457,202201050140
41,27127,6607,37,38510,Winston Salem,"",1715.65827057907,17156.5827057907,820319160.873047,213438.375685158,202201050140
42,27157,136,1,5,Winston Salem,"",,,827769.094482422,4216.57245655308,202201050140
43,27203,4177,63,21876,Asheboro,"",1909.39842750046,19093.9842750046,589408161.410522,188062.356665824,202201050140
44,27205,6017,62,34549,Asheboro,"",1741.58441633622,17415.8441633622,6255653514.79199,588011.232518038,202201050140
45,27207,566,2,3806,Bear Creek,"",1487.12559117183,14871.2559117183,2300194678.82397,473699.237818466,202201050140
46,27208,267,4,1691,Bennett,"",1578.94736842105,15789.4736842105,1029479783.1405,215638.108979383,202201050140
47,27209,943,44,4151,Biscoe,"",2271.74174897615,22717.4174897615,1198089302.20734,259108.004034657,202201050140
48,27212,440,1,1600,Blanch,"",2750,27500,1328181375.12305,277007.399750669,202201050140
49,27214,1824,17,11747,Browns Summit,"",1552.73686898783,15527.3686898783,1414533235.94788,324969.09283087,202201050140
50,27215,7917,100,44892,Burlington,"",1763.56589147287,17635.6589147287,1827823774.30115,298200.358945539,202201050140
51,27217,8217,121,39111,Burlington,"",2100.9434685894,21009.434685894,3473433663.33496,513818.514768521,202201050140
52,27229,766,18,4014,Candor,"",1908.32087693074,19083.2087693074,2747739848.89313,367384.611313313,202201050140
53,27231,216,1,2048,Cedar Grove,"",1054.6875,10546.875,987771348.581177,209108.769362036,202201050140
54,27233,571,8,3647,Climax,"",1565.67041403894,15656.7041403894,703252829.253662,187154.002103637,202201050140
55,27235,692,15,4575,Colfax,"",1512.56830601093,15125.6830601093,380654027.583252,148521.339190304,202201050140
56,27239,1668,25,9629,Denton,"",1732.26710977256,17322.6710977256,4319759872.9696,429373.198159065,202201050140
57,27242,339,5,2668,Eagle Springs,"",1270.61469265367,12706.1469265367,1480408484.01825,321391.030328654,202201050140
58,27243,567,4,4665,Efland,"",1215.43408360129,12154.3408360129,1142332751.10315,311755.144165645,202201050140
59,27244,3306,30,16259,Elon,"",2033.33538347992,20333.3538347992,1541989025.453,399696.340130383,202201050140
60,27248,750,8,4835,Franklinville,"",1551.1892450879,15511.892450879,942909114.352783,215710.992817748,202201050140
61,27249,2165,22,13355,Gibsonville,"",1621.11568700861,16211.1568700861,1679803774.77087,397477.611919869,202201050140
62,27252,236,3,2264,Goldston,"",1042.40282685512,10424.0282685512,1142470673.17163,220926.147155477,202201050140
63,27253,6194,74,31464,Graham,"",1968.59903381643,19685.9903381643,2351372927.78931,521476.969804175,202201050140
64,27258,1220,11,7740,Haw River,"",1576.22739018088,15762.2739018088,473631125.268677,312686.877842212,202201050140
65,27260,3755,57,25696,High Point,"",1461.31693648817,14613.1693648817,348441568.963501,133229.878739789,202201050140
66,27262,3431,73,24764,High Point,"",1385.47892101438,13854.7892101438,368730084.700928,171087.864383377,202201050140
67,27263,3579,57,22320,High Point,"",1603.49462365591,16034.9462365591,1121512604.52234,249658.228757679,202201050140
68,27265,7394,84,50038,High Point,"",1477.67696550622,14776.7696550622,1172957282.41284,307481.490778656,202201050140
69,27268,347,0,1695,High Point,"",2047.19764011799,20471.9764011799,2495618.64758301,8251.66869064816,202201050140
70,27278,2974,25,27181,Hillsborough,"",1094.14664655458,10941.4664655458,2885765742.02771,502574.675043234,202201050140
71,27281,457,4,3710,Jackson Springs,"",1231.80592991914,12318.0592991914,2095606802.2608,479969.724586593,202201050140
72,27282,2358,30,16597,Jamestown,"",1420.73868771465,14207.3868771465,404066994.873657,168803.970950205,202201050140
73,27283,503,5,2982,Julian,"",1686.78739101274,16867.8739101274,711286368.914917,161239.518798817,202201050140
74,27284,9221,119,56201,Kernersville,"",1640.71813668796,16407.1813668796,2233069317.10205,420748.080109326,202201050140
75,27288,3895,73,23585,Eden,"",1651.47339410642,16514.7339410642,1951079100.05676,304615.616752016,202201050140
76,27291,223,1,1538,Leasburg,"",1449.93498049415,14499.3498049415,1492904663.44434,314720.3653191,202201050140
77,27292,7173,73,41465,Lexington,"",1729.89268057398,17298.9268057398,4270233445.18579,407599.915340798,202201050140
78,27295,7391,84,39191,Lexington,"",1885.89216912046,18858.9216912046,3631502180.53174,466742.919509857,202201050140
79,27298,1638,16,10440,Liberty,"",1568.96551724138,15689.6551724138,2639148530.03284,431527.987760386,202201050140
80,27299,1118,11,5254,Linwood,"",2127.90255043776,21279.0255043776,822543412.257813,203597.604040364,202201050140
81,27301,1819,24,10019,Mc Leansville,"",1815.55045413714,18155.5045413714,900133716.655151,287107.537324028,202201050140
82,27302,4961,30,32302,Mebane,"",1535.81821559037,15358.1821559037,3198656461.27478,644303.594275321,202201050140
83,27305,241,1,1585,Milton,"",1520.5047318612,15205.047318612,687167820.539429,263836.485514183,202201050140
84,27306,1124,22,5945,Mount Gilead,"",1890.66442388562,18906.6442388562,5305900334.83325,426306.558627535,202201050140
85,27310,1162,5,8562,Oak Ridge,"",1357.15954216305,13571.5954216305,526240082.103149,140986.043049622,202201050140
86,27311,522,6,3220,Pelham,"",1621.11801242236,16211.1801242236,1338371966.32642,293760.993606137,202201050140
87,27312,1916,28,22205,Pittsboro,"",862.868723260527,8628.68723260527,5005768374.64233,617961.777569282,202201050140
88,27313,985,27,7288,Pleasant Garden,"",1351.53677277717,13515.3677277717,760352714.59021,181619.740165306,202201050140
89,27314,128,1,1138,Prospect Hill,"",1124.78031634446,11247.8031634446,773578280.842896,162162.976448062,202201050140
90,27315,243,1,2140,Providence,"",1135.51401869159,11355.1401869159,697810511.310425,179457.95829655,202201050140
91,27316,1139,19,7156,Ramseur,"",1591.67132476244,15916.7132476244,1975410509.03577,278228.393914437,202201050140
92,27317,3223,40,17851,Randleman,"",1805.50109237578,18055.0109237578,1700826686.43616,339539.515262609,202201050140
93,27320,6170,71,38894,Reidsville,"",1586.36293515709,15863.6293515709,6966725984.64832,658218.836963247,202201050140
94,27325,1196,16,7676,Robbins,"",1558.10317873893,15581.0317873893,2401051783.47894,409075.895347678,202201050140
95,27326,612,3,3692,Ruffin,"",1657.63813651138,16576.3813651138,1884156536.74561,359587.547530237,202201050140
96,27330,6939,76,39529,Sanford,"",1755.42007134003,17554.2007134003,6011213414.18433,528161.840140258,202201050140
97,27332,5199,48,33549,Sanford,"",1549.67361173209,15496.7361173209,2996782209.29614,417113.1648361,202201050140
98,27341,880,6,5820,Seagrove,"",1512.02749140893,15120.2749140893,2678433259.4787,311632.157547413,202201050140
99,27343,204,0,1840,Semora,"",1108.69565217391,11086.9565217391,1390260353.39624,348769.311430722,202201050140
100,27344,3040,41,19290,Siler City,"",1575.94608605495,15759.4608605495,4591228058.44531,607903.308882545,202201050140
101,27349,1041,7,5850,Snow Camp,"",1779.48717948718,17794.8717948718,1831279532.651,381750.490582419,202201050140
102,27350,1154,13,7508,Sophia,"",1537.02717101758,15370.2717101758,1066449848.573,204602.636460839,202201050140
103,27355,400,2,3196,Staley,"",1251.56445556946,12515.6445556946,1016358702.6969,245160.332752788,202201050140
104,27356,530,8,3513,Star,"",1508.68203814404,15086.8203814404,1815293543.21783,348288.379855761,202201050140
105,27357,1592,24,8325,Stokesdale,"",1912.31231231231,19123.1231231231,1273124268.28796,223115.118835702,202201050140
106,27358,1956,10,15960,Summerfield,"",1225.56390977444,12255.6390977444,1557557662.14905,323017.176053331,202201050140
107,27360,8532,113,48331,Thomasville,"",1765.32660197389,17653.2660197389,2458732404.91687,372395.85217249,202201050140
108,27370,2729,50,14622,Trinity,"",1866.36575023937,18663.6575023937,1663817222.16028,344702.900725307,202201050140
109,27371,1344,17,7778,Troy,"",1727.950629982,17279.50629982,4076136455.00793,473833.643450898,202201050140
110,27376,1450,24,9884,West End,"",1467.01740186159,14670.1740186159,1781050002.06519,320932.333330313,202201050140
111,27377,1798,13,9597,Whitsett,"",1873.50213608419,18735.0213608419,736936774.92627,183024.518653502,202201050140
112,27379,895,25,6057,Yanceyville,"",1477.62918936767,14776.2918936767,2663338769.75159,422550.665080929,202201050140
113,27401,3158,37,20221,Greensboro,"",1561.74274269324,15617.4274269324,171748092.127686,100334.769337553,202201050140
114,27403,2446,25,21278,Greensboro,"",1149.54413008741,11495.4413008741,159396286.028687,87465.254538865,202201050140
115,27405,8183,72,52510,Greensboro,"",1558.36983431727,15583.6983431727,886695637.391357,284328.52642169,202201050140
116,27406,9442,144,60755,Greensboro,"",1554.1107727759,15541.107727759,1894160074.00403,327705.317343954,202201050140
117,27407,7321,90,49837,Greensboro,"",1468.98890382647,14689.8890382647,840498790.451172,227731.576408349,202201050140
118,27408,2083,9,17406,Greensboro,"",1196.71377685855,11967.1377685855,221403500.549561,80148.1616765213,202201050140
119,27409,2579,22,17953,Greensboro,"",1436.52871386398,14365.2871386398,603872824.646484,239783.02449594,202201050140
120,27410,6765,63,56968,Greensboro,"",1187.50877685718,11875.0877685718,859363574.914917,272309.563854046,202201050140
121,27455,3986,76,29197,Greensboro,"",1365.20875432407,13652.0875432407,816075696.678345,198282.860420202,202201050140
122,27501,3681,31,21338,Angier,"",1725.09138625926,17250.9138625926,1683348454.90833,329143.189780915,202201050140
123,27502,4808,14,43747,Apex,"",1099.04679178001,10990.4679178001,840126405.51062,242725.298081049,202201050140
124,27503,410,1,7222,Bahama,"",567.709775685406,5677.09775685406,1054708975.44934,246183.053747647,202201050140
125,27504,3473,35,16320,Benson,"",2128.0637254902,21280.637254902,2584462015.08862,486262.181304732,202201050140
126,27505,1063,18,7308,Broadway,"",1454.57033388068,14545.7033388068,1509842573.20557,320128.84050568,202201050140
127,27507,241,3,2053,Bullock,"",1173.89186556259,11738.9186556259,1354883649.98218,266873.357504052,202201050140
128,27508,429,1,2340,Bunn,"",1833.33333333333,18333.3333333333,312599782.273071,114289.902416244,202201050140
129,27509,2327,39,6935,Butner,"",3355.44340302812,33554.4340302812,507253453.414795,156294.942704551,202201050140
130,27510,1317,8,14543,Carrboro,"",905.590318366224,9055.90318366224,88705554.5671387,57867.6032694508,202201050140
131,27511,3566,29,34041,Cary,"",1047.56029493846,10475.6029493846,333520579.048462,98702.6527265332,202201050140
132,27513,4415,29,49003,Cary,"",900.965247025692,9009.65247025692,474399121.186279,162336.294574525,202201050140
133,27514,2910,24,32847,Chapel Hill,"",885.925655310987,8859.25655310987,579057212.663452,190879.985276748,202201050140
134,27516,3635,18,44117,Chapel Hill,"",823.945417866129,8239.45417866129,2564236091.9281,438904.079251582,202201050140
135,27517,2156,17,28831,Chapel Hill,"",747.806180847005,7478.06180847005,1520140847.99951,299162.993678502,202201050140
136,27518,2208,19,22765,Cary,"",969.909949483857,9699.09949483857,262665807.612671,130741.025823352,202201050140
137,27519,5122,11,59960,Cary,"",854.236157438292,8542.36157438292,609072010.422363,166930.324843009,202201050140
138,27520,8538,81,43958,Clayton,"",1942.30856726876,19423.0856726876,1962402119.35425,374945.851452288,202201050140
139,27521,1196,15,7149,Coats,"",1672.96125332214,16729.6125332214,721041350.168091,174373.299688565,202201050140
140,27522,1993,10,13652,Creedmoor,"",1459.85936126575,14598.5936126575,2172960809.67273,361578.814896965,202201050140
141,27523,1539,2,12782,Apex,"",1204.03692692849,12040.3692692849,1210964088.06177,294058.887697932,202201050140
142,27524,2610,34,13532,Four Oaks,"",1928.76145433048,19287.6145433048,3831785222.9375,530912.577014992,202201050140
143,27525,3024,7,15534,Franklinton,"",1946.69756662804,19466.9756662804,2660281050.9928,421324.476104612,202201050140
144,27526,8273,68,54027,Fuquay Varina,"",1531.27140133637,15312.7140133637,2787678657.25134,460586.982042285,202201050140
145,27527,5472,20,30234,Clayton,"",1809.88291327644,18098.8291327644,1261348608.45837,213730.175971786,202201050140
146,27529,9330,90,53854,Garner,"",1732.46184127456,17324.6184127456,1666161335.17407,336033.618547781,202201050140
147,27530,5792,104,40212,Goldsboro,"",1440.36605988262,14403.6605988262,2920081393.96802,465673.796837526,202201050140
148,27531,40,0,666,Goldsboro,"",600.600600600601,6006.00600600601,123956304.007813,71472.4653387502,202201050140
149,27534,4756,96,31819,Goldsboro,"",1494.70442188629,14947.0442188629,1995982542.31616,394454.137280507,202201050140
150,27536,3278,50,16459,Henderson,"",1991.61552949754,19916.1552949754,359552678.037964,148817.062353839,202201050140
151,27537,4347,47,25321,Henderson,"",1716.75684214683,17167.5684214683,5545289733.50195,795404.906342347,202201050140
152,27539,3190,11,26567,Apex,"",1200.73775736816,12007.3775736816,805959451.628174,335082.894750928,202201050140
153,27540,5739,14,39075,Holly Springs,"",1468.71401151631,14687.1401151631,1299006108.57275,339054.617126206,202201050140
154,27541,595,3,4044,Hurdle Mills,"",1471.31552917903,14713.1552917903,1979862536.66309,328579.598479954,202201050140
155,27542,1571,23,10043,Kenly,"",1564.2736234193,15642.736234193,2499059670.1123,366253.348192187,202201050140
156,27544,640,6,4291,Kittrell,"",1491.49382428338,14914.9382428338,1645813165.28467,322022.503716068,202201050140
157,27545,5941,45,30327,Knightdale,"",1958.98044646684,19589.8044646684,885541868.759766,219250.012614228,202201050140
158,27546,3828,91,22436,Lillington,"",1706.18648600464,17061.8648600464,3433026188.83105,510775.88711738,202201050140
159,27549,3843,40,25224,Louisburg,"",1523.54900095147,15235.4900095148,6636124442.18066,817297.028533168,202201050140
160,27551,203,3,2205,Macon,"",920.634920634921,9206.34920634921,2443966870.98499,402849.299843211,202201050140
161,27553,596,1,2030,Manson,"",2935.96059113301,29359.6059113301,1245206626.07959,217969.561788749,202201050140
162,27556,40,0,298,Middleburg,"",1342.28187919463,13422.8187919463,67850312.0914307,63490.7222823736,202201050140
163,27557,1525,12,9214,Middlesex,"",1655.09008031257,16550.9008031257,2046463550.40088,338861.342265205,202201050140
164,27559,260,1,2874,Moncure,"",904.662491301322,9046.62491301322,1458825370.29968,366837.077035256,202201050140
165,27560,3535,16,33691,Morrisville,"",1049.2416372325,10492.416372325,794384947.373291,268297.11970144,202201050140
166,27562,493,1,2791,New Hill,"",1766.39197420279,17663.9197420279,1862081556.93738,349507.762295745,202201050140
167,27563,698,11,5312,Norlina,"",1314.00602409639,13140.0602409639,1943381370.69177,412640.540954252,202201050140
168,27565,4216,59,26057,Oxford,"",1617.99132670684,16179.9132670683,9219811779.9552,826827.222809143,202201050140
169,27569,1606,12,8984,Princeton,"",1787.62243989314,17876.2243989314,2107084820.73511,313917.550563748,202201050140
170,27571,1490,3,7385,Rolesville,"",2017.60324983074,20176.0324983074,149121249.193359,94251.9264704589,202201050140
171,27572,811,3,7316,Rougemont,"",1108.52925095681,11085.2925095681,3003228111.9873,397658.617230022,202201050140
172,27573,2056,59,11561,Roxboro,"",1778.39287258888,17783.9287258888,501787874.430542,219611.309648668,202201050140
173,27574,2056,21,15232,Roxboro,"",1349.78991596639,13497.8991596639,5527133817.3114,691755.452465681,202201050140
174,27576,3429,33,20197,Selma,"",1697.77689755904,16977.7689755904,2407427117.65723,339571.106645256,202201050140
175,27577,5072,64,25214,Smithfield,"",2011.58086777187,20115.8086777187,2877290650.99841,416726.966278934,202201050140
176,27581,565,2,3956,Stem,"",1428.21031344793,14282.1031344793,1038615853.81189,246789.101888964,202201050140
177,27583,1097,10,7012,Timberlake,"",1564.46092413006,15644.6092413006,1327957318.65857,326956.719649922,202201050140
178,27587,13448,63,74087,Wake Forest,"",1815.16325401217,18151.6325401217,3132804734.81897,700749.84181148,202201050140
179,27589,1179,15,8312,Warrenton,"",1418.43118383061,14184.3118383061,4790731000.68542,626837.217934377,202201050140
180,27591,4736,37,23448,Wendell,"",2019.78846809962,20197.8846809962,1913446220.02844,380727.392057269,202201050140
181,27592,2805,11,17368,Willow Spring,"",1615.0391524643,16150.391524643,1090932847.86865,312475.180771682,202201050140
182,27596,3465,8,18655,Youngsville,"",1857.41088180113,18574.1088180113,1519151285.28821,344366.073155402,202201050140
183,27597,5624,31,25494,Zebulon,"",2206.0092570801,22060.092570801,3191967656.80884,568385.679042478,202201050140
184,27601,1717,8,12139,Raleigh,"",1414.44929565862,14144.4929565862,49970514.2080078,41226.7428180514,202201050140
185,27603,8915,52,55479,Raleigh,"",1606.91432794391,16069.1432794391,1420350588.63403,346107.072534997,202201050140
186,27604,7743,55,47645,Raleigh,"",1625.14429635848,16251.4429635848,550434833.049927,194088.121184431,202201050140
187,27605,996,19,5253,Raleigh,"",1896.05939463164,18960.5939463164,26954475.7900391,26465.2700663817,202201050140
188,27606,6039,16,47938,Raleigh,"",1259.75217989904,12597.5217989904,750229681.939209,267151.497057326,202201050140
189,27607,3412,13,30296,Raleigh,"",1126.22128333773,11262.2128333773,519162282.902344,200611.380547666,202201050140
190,27608,1699,3,11603,Raleigh,"",1464.27648022063,14642.7648022063,91889809.9622803,55583.7467967219,202201050140
191,27609,5643,32,38631,Raleigh,"",1460.74396210297,14607.4396210297,310136046.756592,95880.1630267631,202201050140
192,27610,15402,102,74203,Raleigh,"",2075.65731843726,20756.5731843726,1211166911.84558,327751.489063643,202201050140
193,27612,5457,42,39208,Raleigh,"",1391.80779432769,13918.0779432769,428868509.332275,164483.082879678,202201050140
194,27613,5782,15,46521,Raleigh,"",1242.87955976871,12428.7955976871,675406849.409912,184431.643996557,202201050140
195,27614,5196,24,37689,Raleigh,"",1378.65159595638,13786.5159595638,829063194.918701,218912.319813944,202201050140
196,27615,6130,52,46038,Raleigh,"",1331.5087536383,13315.087536383,525952454.993774,134192.839940925,202201050140
197,27616,10463,41,55260,Raleigh,"",1893.41295693087,18934.1295693087,646426991.218628,201092.505637391,202201050140
198,27617,2824,3,19511,Raleigh,"",1447.38865255497,14473.8865255497,230483847.672241,125016.743498848,202201050140
199,27701,3512,19,26489,Durham,"",1325.83336479293,13258.3336479293,147212202.097778,89264.6755119976,202201050140
200,27703,9203,39,61351,Durham,"",1500.05704878486,15000.5704878486,1376809528.09961,349864.156739062,202201050140
201,27704,6651,44,39369,Durham,"",1689.40028956793,16894.0028956793,1307759376.10449,279407.953507315,202201050140
202,27705,5887,87,48078,Durham,"",1224.46857190399,12244.6857190399,1155101566.94189,288440.086812307,202201050140
203,27707,5995,18,47036,Durham,"",1274.55565949486,12745.5565949486,551326002.510864,228660.826032165,202201050140
204,27708,468,0,4635,Durham,"",1009.70873786408,10097.0873786408,24140532.868042,39624.2440738689,202201050140
205,27709,286,0,4,Durham,"",,,166810196.870483,93465.8554704914,202201050140
206,27710,12,0,0,Durham,"",,,3645590.83996582,9509.2112718363,202201050140
207,27712,2514,34,22055,Durham,"",1139.87757878032,11398.7757878032,952678558.948486,239427.124284806,202201050140
208,27713,5909,31,53996,Durham,"",1094.3403215053,10943.403215053,1004016276.63342,186930.768828538,202201050140
209,27801,3553,30,21556,Rocky Mount,"",1648.26498422713,16482.6498422713,1947625744.14368,298032.749540483,202201050140
210,27803,3464,39,22337,Rocky Mount,"",1550.79016877826,15507.9016877826,1209689022.16736,314786.382274833,202201050140
211,27804,5210,98,29160,Rocky Mount,"",1786.69410150892,17866.9410150892,1207912397.80139,237805.719395059,202201050140
212,27805,394,5,3769,Aulander,"",1045.37012470151,10453.7012470151,3260348789.01416,427031.578041759,202201050140
213,27806,263,4,2441,Aurora,"",1077.42728390004,10774.2728390004,3806890944.80762,575449.481817414,202201050140
214,27807,1399,17,6940,Bailey,"",2015.85014409222,20158.5014409222,1393278091.89233,266050.599193056,202201050140
215,27808,339,7,2481,Bath,"",1366.38452237001,13663.8452237001,1375581489.5946,320371.987641635,202201050140
216,27809,769,11,5254,Battleboro,"",1463.64674533689,14636.4674533689,2127311815.53979,418206.140952668,202201050140
217,27812,421,2,2951,Bethel,"",1426.63503896984,14266.3503896984,1796512894.90283,307599.92172387,202201050140
218,27813,127,0,687,Black Creek,"",1848.61717612809,18486.1717612809,17954681.8726807,21851.3845296183,202201050140
219,27814,223,3,1801,Blounts Creek,"",1238.20099944475,12382.0099944475,2084052221.88855,349050.345630614,202201050140
220,27816,372,4,2634,Castalia,"",1412.3006833713,14123.006833713,1727056405.90051,269780.663460197,202201050140
221,27817,1288,13,7777,Chocowinity,"",1656.16561656166,16561.6561656166,3011254799.10022,441922.251479678,202201050140
222,27818,164,1,1269,Como,"",1292.35618597321,12923.5618597321,1775223218.97412,291672.91933713,202201050140
223,27820,336,7,3292,Conway,"",1020.65613608748,10206.5613608748,1787180209.86865,300570.413456991,202201050140
224,27822,1579,21,9119,Elm City,"",1731.5495120079,17315.495120079,2421416079.34338,500329.938801195,202201050140
225,27823,1277,13,7812,Enfield,"",1634.66461853559,16346.6461853559,5279947738.18738,591795.38238411,202201050140
226,27827,40,0,99,Falkland,"",4040.40404040404,40404.0404040404,6818760.54968262,12365.1347191574,202201050140
227,27828,1572,11,9031,Farmville,"",1740.67102203521,17406.7102203521,1954373169.79175,304535.643741104,202201050140
228,27829,307,1,1872,Fountain,"",1639.95726495726,16399.5726495726,1242859232.87109,276952.810668189,202201050140
229,27830,588,12,4858,Fremont,"",1210.37463976945,12103.7463976945,1661392631.86707,301522.072838785,202201050140
230,27831,550,10,3588,Garysburg,"",1532.88740245262,15328.8740245262,1733783751.73071,369102.732751728,202201050140
231,27832,492,8,2912,Gaston,"",1689.56043956044,16895.6043956044,1029571544.94922,217897.088475999,202201050140
232,27834,10905,58,57505,Greenville,"",1896.35683853578,18963.5683853578,5082356628.8689,890421.476518531,202201050140
233,27837,1149,4,6506,Grimesland,"",1766.06209652628,17660.6209652628,1710764546.60681,462288.004070908,202201050140
234,27839,475,5,3702,Halifax,"",1283.09022150189,12830.9022150189,3728459644.54443,454921.143892168,202201050140
235,27840,87,4,535,Hamilton,"",1626.16822429907,16261.6822429907,127567387.286499,59155.8177418193,202201050140
236,27842,116,0,1436,Henrico,"",807.799442896936,8077.99442896936,414285932.678223,116849.514846702,202201050140
237,27843,191,3,946,Hobgood,"",2019.02748414376,20190.2748414376,1458584246.23853,232329.162988765,202201050140
238,27844,553,7,3039,Hollister,"",1819.67752550181,18196.7752550181,1251113401.94934,274076.283965929,202201050140
239,27845,292,11,2841,Jackson,"",1027.80711017247,10278.0711017247,2842001076.66528,416912.567186113,202201050140
240,27846,538,7,3069,Jamesville,"",1753.01401107853,17530.1401107853,3050744149.28796,442133.927899832,202201050140
241,27847,90,0,1071,Kelford,"",840.336134453782,8403.36134453782,1048559305.60547,265580.578438826,202201050140
242,27849,176,3,1483,Lewiston Woodville,"",1186.78354686446,11867.8354686446,2062202839.65674,367759.436044124,202201050140
243,27850,770,7,7413,Littleton,"",1038.71576959396,10387.1576959396,5554617534.52942,570792.398502674,202201050140
244,27851,883,12,5595,Lucama,"",1578.19481680071,15781.9481680071,1253082833.57764,200836.347936783,202201050140
245,27852,474,4,3454,Macclesfield,"",1372.32194557035,13723.2194557035,1418996205.83582,268041.951522527,202201050140
246,27853,61,1,436,Margarettsville,"",1399.08256880734,13990.8256880734,1061331085.73535,233986.055045062,202201050140
247,27855,761,7,6105,Murfreesboro,"",1246.51924651925,12465.1924651925,1379257056.24951,246550.621363096,202201050140
248,27856,3453,44,17301,Nashville,"",1995.83839084446,19958.3839084446,3696764195.94336,508647.139191862,202201050140
249,27857,224,10,1601,Oak City,"",1399.12554653342,13991.2554653342,2180191629.70935,354763.313675516,202201050140
250,27858,10205,27,58170,Greenville,"",1754.34072545986,17543.4072545986,1683129152.90881,395293.630437,202201050140
251,27860,344,6,2062,Pantego,"",1668.28322017459,16682.8322017459,4384086912.80859,475177.331131482,202201050140
252,27862,82,0,945,Pendleton,"",867.724867724868,8677.24867724868,1337735767.81812,305131.144563485,202201050140
253,27863,1966,33,12670,Pikeville,"",1551.69692186267,15516.9692186267,1822358483.62146,414140.550515842,202201050140
254,27864,869,9,4823,Pinetops,"",1801.78312253784,18017.8312253784,1058515929.69434,223861.53375515,202201050140
255,27865,358,9,2003,Pinetown,"",1787.3190214678,17873.190214678,3183419700.15735,407140.115990912,202201050140
256,27866,126,2,672,Pleasant Hill,"",1875,18750,548856343.547363,183824.668332886,202201050140
257,27869,413,17,2167,Rich Square,"",1905.8606368251,19058.606368251,2314340977.34839,283794.508144883,202201050140
258,27870,4896,80,26633,Roanoke Rapids,"",1838.32088011114,18383.2088011114,1958976214.39966,237465.130853914,202201050140
259,27871,676,12,4466,Robersonville,"",1513.65875503807,15136.5875503807,2640265625.23401,370404.169208956,202201050140
260,27874,691,13,4766,Scotland Neck,"",1449.85312631137,14498.5312631137,3988089594.78687,425091.541566969,202201050140
261,27876,183,4,1290,Seaboard,"",1418.60465116279,14186.0465116279,1161065802.28784,286123.221519332,202201050140
262,27880,589,2,3280,Sims,"",1795.73170731707,17957.3170731707,661768421.449585,178936.521495753,202201050140
263,27882,1440,15,7927,Spring Hope,"",1816.57625835751,18165.7625835751,2721376125.90833,404465.358087667,202201050140
264,27883,570,11,4361,Stantonsburg,"",1307.0396698005,13070.396698005,2149873597.18677,378850.12800901,202201050140
265,27884,271,1,1545,Stokes,"",1754.04530744337,17540.4530744337,1118165618.53992,178810.199825373,202201050140
266,27885,336,5,859,Swanquarter,"",3911.52502910361,39115.2502910361,3236637890.30994,778832.459471454,202201050140
267,27886,3661,76,21595,Tarboro,"",1695.29983792545,16952.9983792545,5534275751.92761,530150.851444627,202201050140
268,27888,440,2,2803,Walstonburg,"",1569.74669996432,15697.4669996432,1661899290.0293,260588.447365408,202201050140
269,27889,5249,90,27543,Washington,"",1905.74737682896,19057.4737682896,4746901259.41052,624948.845007957,202201050140
270,27890,399,19,2398,Weldon,"",1663.88657214345,16638.8657214345,250295126.203369,88214.5142201126,202201050140
271,27891,794,11,5011,Whitakers,"",1584.51406904809,15845.1406904809,3802342458.24487,551887.618669608,202201050140
272,27892,2517,42,14363,Williamston,"",1752.41941098656,17524.1941098656,4740161664.64209,528153.604658044,202201050140
273,27893,7242,147,40647,Wilson,"",1781.68130489335,17816.8130489335,3134674028.43115,441390.734015219,202201050140
274,27896,3759,47,21212,Wilson,"",1772.11012634358,17721.1012634358,1013992738.34033,260787.736893696,202201050140
275,27897,216,1,2467,Woodland,"",875.557357113904,8755.57357113904,1262848506.99878,250563.523857377,202201050140
276,27909,5889,110,40958,Elizabeth City,"",1437.81434640363,14378.1434640363,6356628470.42627,720925.199090357,202201050140
277,27910,1816,55,11609,Ahoskie,"",1564.30355758463,15643.0355758463,3854004911.8667,558805.248838311,202201050140
278,27915,104,0,758,Avon,"",1372.03166226913,13720.3166226913,132797325.68457,159985.858445685,202201050140
279,27916,121,0,554,Aydlett,"",2184.1155234657,21841.155234657,175446906.710938,88834.9392660151,202201050140
280,27917,164,7,1084,Barco,"",1512.91512915129,15129.1512915129,583346697.773926,150643.300800981,202201050140
281,27922,120,4,1107,Cofield,"",1084.0108401084,10840.108401084,1372106941.59424,230585.938382193,202201050140
282,27924,451,6,3509,Colerain,"",1285.26645768025,12852.6645768025,2545571117.46045,325068.518729582,202201050140
283,27925,604,7,4164,Columbia,"",1450.52833813641,14505.2833813641,9421043776.67224,822613.133571787,202201050140
284,27926,159,1,1965,Corapeake,"",809.160305343511,8091.60305343511,1084179276.0813,176947.978129327,202201050140
285,27927,93,0,613,Corolla,"",1517.12887438825,15171.2887438825,685869287.21875,1266393.74615983,202201050140
286,27928,260,5,1888,Creswell,"",1377.1186440678,13771.186440678,3736346955.86023,344143.792077435,202201050140
287,27929,185,2,1949,Currituck,"",949.20472036942,9492.0472036942,352573124.774658,146317.944454099,202201050140
288,27932,2327,41,12644,Edenton,"",1840.39860803543,18403.9860803543,3509551689.6084,391797.495792958,202201050140
289,27935,193,3,1674,Eure,"",1152.92712066906,11529.2712066906,1443577833.21069,213483.780281898,202201050140
290,27937,418,6,4253,Gates,"",982.835645426758,9828.35645426758,2407949124.70361,290137.740864669,202201050140
291,27938,211,9,1430,Gatesville,"",1475.52447552448,14755.2447552448,1202645918.03784,229961.178585235,202201050140
292,27942,86,1,936,Harrellsville,"",918.803418803419,9188.03418803419,927451831.666504,150762.800286803,202201050140
293,27944,1684,12,12230,Hertford,"",1376.94194603434,13769.4194603434,5013940953.42065,828274.577378666,202201050140
294,27946,128,0,1089,Hobbsville,"",1175.39026629936,11753.9026629936,1234977495.96777,250163.996071758,202201050140
295,27948,1652,3,12518,Kill Devil Hills,"",1319.69963252916,13196.9963252916,288939959.776123,266090.270790261,202201050140
296,27949,955,4,7235,Kitty Hawk,"",1319.97235659986,13199.7235659986,426732703.740967,296487.58160632,202201050140
297,27950,141,0,2183,Knotts Island,"",645.900137425561,6459.00137425561,1009906812.90234,393684.159837613,202201050140
298,27957,198,8,1419,Merry Hill,"",1395.3488372093,13953.488372093,1345289022.66797,219570.3989813,202201050140
299,27958,1560,10,12061,Moyock,"",1293.42508913025,12934.2508913025,2191273226.67993,258895.732965411,202201050140
300,27959,409,1,2451,Nags Head,"",1668.7066503468,16687.066503468,464337538.219238,468359.824712584,202201050140
301,27962,1089,26,7439,Plymouth,"",1463.90643903751,14639.0643903751,2248894843.11377,323982.42240407,202201050140
302,27966,139,0,1473,Powells Point,"",943.652410047522,9436.52410047522,310362212.773438,140593.315765635,202201050140
303,27968,47,0,413,Rodanthe,"",1138.01452784504,11380.1452784504,255307311.38855,376970.397727618,202201050140
304,27970,455,8,3214,Roper,"",1415.68139390168,14156.8139390168,3979984913.95898,386215.845703473,202201050140
305,27976,459,2,3561,South Mills,"",1288.96377422072,12889.6377422072,2739484648.62012,348819.066033239,202201050140
306,27979,149,0,1813,Sunbury,"",821.842250413679,8218.42250413679,2196378526.26221,272849.595585558,202201050140
307,27982,11,0,0,Waves,"",,,5381164.09509277,11228.317119066,202201050140
308,27983,1466,32,10633,Windsor,"",1378.72660584971,13787.2660584971,9431469996.22351,861662.756904588,202201050140
309,27986,214,4,2650,Winton,"",807.547169811321,8075.47169811321,374234308.870117,153016.850399202,202201050140
310,28001,5777,139,28360,Albemarle,"",2037.023977433,20370.23977433,3791255242.38873,479491.354130006,202201050140
311,28006,252,3,1136,Alexis,"",2218.30985915493,22183.0985915493,126883649.701416,88485.0702727942,202201050140
312,28012,4924,44,24276,Belmont,"",2028.34074806393,20283.4074806393,865729022.118042,170607.84187697,202201050140
313,28016,2822,37,14526,Bessemer City,"",1942.72339253752,19427.2339253752,1271825919.55414,236943.686135101,202201050140
314,28018,1036,34,5943,Bostic,"",1743.2273262662,17432.273262662,2694770404.83051,433562.153950885,202201050140
315,28020,455,5,2464,Casar,"",1846.59090909091,18465.9090909091,1475633951.64899,260515.821792163,202201050140
316,28021,2798,53,13436,Cherryville,"",2082.465019351,20824.65019351,1626380587.60425,391038.422631114,202201050140
317,28023,3072,44,14843,China Grove,"",2069.66246715624,20696.6246715624,1273875684.14087,277795.952246167,202201050140
318,28025,10403,114,55325,Concord,"",1880.34342521464,18803.4342521464,2992149162.05573,466210.816136512,202201050140
319,28027,12833,111,74072,Concord,"",1732.50351009828,17325.0351009828,1903468707.60345,332965.289746402,202201050140
320,28031,4784,32,31049,Cornelius,"",1540.7903636188,15407.903636188,672168572.25116,151594.592125485,202201050140
321,28032,622,3,3249,Cramerton,"",1914.4352108341,19144.352108341,59161626.1264038,51515.5503878613,202201050140
322,28033,716,7,3362,Crouse,"",2129.68471148126,21296.8471148126,509703222.739563,189532.085619349,202201050140
323,28034,4265,49,17859,Dallas,"",2388.15163223025,23881.5163223025,1273410668.68243,215322.291269956,202201050140
324,28036,2776,20,18554,Davidson,"",1496.17333189609,14961.7333189609,669928559.48645,197029.79366816,202201050140
325,28037,4694,14,23834,Denver,"",1969.45539984896,19694.5539984896,1521729514.62848,312689.389421742,202201050140
326,28039,76,4,428,East Spencer,"",1775.70093457944,17757.0093457944,13759835.5942383,34526.6128305972,202201050140
327,28040,1389,27,8270,Ellenboro,"",1679.56469165659,16795.6469165659,1773879551.02985,348064.117544276,202201050140
328,28043,4074,121,21472,Forest City,"",1897.35469448584,18973.5469448584,1816346053.52002,348394.442075552,202201050140
329,28052,7588,128,36823,Gastonia,"",2060.66860386172,20606.6860386172,1165429048.27631,189783.469072904,202201050140
330,28054,8085,123,40184,Gastonia,"",2011.99482381047,20119.9482381047,562652947.772949,139549.083675328,202201050140
331,28056,6936,78,35595,Gastonia,"",1948.58828487147,19485.8828487147,1342394953.02258,344787.60681341,202201050140
332,28071,635,8,3198,Gold Hill,"",1985.61601000625,19856.1601000625,1345839018.92865,236923.074375116,202201050140
333,28073,1106,15,5606,Grover,"",1972.88619336425,19728.8619336425,702973243.533203,143952.911566798,202201050140
334,28075,3372,22,19174,Harrisburg,"",1758.63148012934,17586.3148012934,656107496.741638,238150.023406484,202201050140
335,28078,10710,75,66079,Huntersville,"",1620.78723951634,16207.8723951634,1870251820.14679,316647.648839996,202201050140
336,28079,6957,47,39813,Indian Trail,"",1747.41918468842,17474.1918468842,1221176124.08392,283660.370334182,202201050140
337,28080,1596,7,8157,Iron Station,"",1956.60169179846,19566.0169179846,1095921164.38501,240845.709042299,202201050140
338,28081,5354,60,28249,Kannapolis,"",1895.2883287904,18952.883287904,862858421.935425,200259.108957382,202201050140
339,28083,5064,67,25877,Kannapolis,"",1956.95018742513,19569.5018742513,582493569.448059,145983.725103448,202201050140
340,28086,5934,81,26988,Kings Mountain,"",2198.75500222321,21987.5500222321,2467878462.36133,329807.139806484,202201050140
341,28088,705,5,3059,Landis,"",2304.67473030402,23046.7473030402,72787169.9580688,52885.3256566675,202201050140
342,28090,1453,26,8506,Lawndale,"",1708.20597225488,17082.0597225488,2661358061.4715,458218.963524001,202201050140
343,28091,360,5,2353,Lilesville,"",1529.96175095623,15299.6175095623,2694411423.45477,313074.926269122,202201050140
344,28092,8499,75,40052,Lincolnton,"",2121.99141116548,21219.9141116548,3216596915.74634,535483.341451104,202201050140
345,28097,1461,11,6124,Locust,"",2385.69562377531,23856.9562377531,836579136.406799,181830.474266294,202201050140
346,28098,774,4,4010,Lowell,"",1930.17456359102,19301.7456359102,99103128.4535522,49283.194148661,202201050140
347,28103,2120,41,11346,Marshville,"",1868.49991186321,18684.9991186321,4253866560.83563,449440.107851782,202201050140
348,28104,5355,23,32469,Matthews,"",1649.26545320152,16492.6545320152,824578845.587585,325979.692599077,202201050140
349,28105,6675,88,45346,Matthews,"",1472.01517223129,14720.1517223129,668165195.784729,278013.840820393,202201050140
350,28107,1733,14,8210,Midland,"",2110.84043848965,21108.4043848965,1388640520.38739,250943.513182056,202201050140
351,28110,10601,124,55536,Monroe,"",1908.85191587439,19088.5191587439,3676478383.48267,422255.233862207,202201050140
352,28112,5516,82,28060,Monroe,"",1965.78759800428,19657.8759800428,3713382117.46545,318461.97727687,202201050140
353,28114,1420,17,9034,Mooresboro,"",1571.83971662608,15718.3971662608,1900066101.23077,346437.871140422,202201050140
354,28115,7507,67,41536,Mooresville,"",1807.34784283513,18073.4784283513,2057262512.61176,327151.756863337,202201050140
355,28117,8235,27,47608,Mooresville,"",1729.75130230213,17297.5130230213,1555969690.69189,234425.757349855,202201050140
356,28119,503,10,3034,Morven,"",1657.87738958471,16578.7738958471,1970357677.74512,298425.64822689,202201050140
357,28120,4578,54,24318,Mount Holly,"",1882.55613126079,18825.5613126079,1001654680.08618,272689.093586748,202201050140
358,28124,1340,13,7015,Mount Pleasant,"",1910.19244476123,19101.9244476123,1620148303.23315,301866.136666845,202201050140
359,28125,458,4,2657,Mount Ulla,"",1723.7485886338,17237.485886338,1169162879.13867,198953.955252748,202201050140
360,28127,1695,15,7631,New London,"",2221.20298781287,22212.0298781287,2159940152.89789,468250.659328753,202201050140
361,28128,1430,19,8098,Norwood,"",1765.8681155841,17658.681155841,2054286113.35083,282114.674844028,202201050140
362,28129,1159,14,6031,Oakboro,"",1921.73768860885,19217.3768860885,1226619926.53345,219035.034364981,202201050140
363,28133,462,7,2713,Peachland,"",1702.91190563951,17029.1190563951,2384968915.9574,421295.337069002,202201050140
364,28134,2029,31,11817,Pineville,"",1717.01785563172,17170.1785563172,248618254.324951,88085.4538299006,202201050140
365,28135,891,10,5968,Polkton,"",1492.96246648794,14929.6246648794,2916374106.84241,475980.429437205,202201050140
366,28137,597,6,3843,Richfield,"",1553.47384855582,15534.7384855582,1223676252.05975,291589.496037827,202201050140
367,28138,2144,44,11659,Rockwell,"",1838.922720645,18389.22720645,1278406256.12445,357387.534646104,202201050140
368,28139,3608,126,20134,Rutherfordton,"",1791.99364259462,17919.9364259462,5078697342.95056,674832.691106947,202201050140
369,28144,5284,91,25846,Salisbury,"",2044.41693105316,20444.1693105316,867982991.287292,279505.654446658,202201050140
370,28146,5983,84,30382,Salisbury,"",1969.25811335659,19692.5811335659,3012969418.7887,452196.720325258,202201050140
371,28147,5827,115,26204,Salisbury,"",2223.70630438101,22237.0630438101,2146390330.37,312495.471896358,202201050140
372,28150,5788,113,29296,Shelby,"",1975.69634079738,19756.9634079738,3159764942.52783,579453.815714685,202201050140
373,28152,4941,68,26078,Shelby,"",1894.70051384309,18947.0051384309,2247420971.2251,304211.560780764,202201050140
374,28159,733,25,3126,Spencer,"",2344.8496481126,23448.496481126,51886096.1330566,42602.5220628392,202201050140
375,28160,868,16,4015,Spindale,"",2161.89290161893,21618.9290161893,170326604.450989,70799.3749654705,202201050140
376,28163,1057,7,5814,Stanfield,"",1818.02545579635,18180.2545579635,970276414.142883,191731.821086023,202201050140
377,28164,2978,59,15447,Stanley,"",1927.8824367191,19278.824367191,1144736813.58362,324856.854746788,202201050140
378,28166,1940,27,9868,Troutman,"",1965.95054722335,19659.5054722335,911716953.816406,217041.310552797,202201050140
379,28167,390,6,2418,Union Mills,"",1612.90322580645,16129.0322580645,1934997992.23633,347927.953502144,202201050140
380,28168,2150,26,10437,Vale,"",2059.97892114592,20599.7892114592,2469130589.68384,340004.345415379,202201050140
381,28170,2100,52,12494,Wadesboro,"",1680.80678725788,16808.0678725788,5053183842.2157,655726.472285972,202201050140
382,28173,10613,47,63837,Waxhaw,"",1662.51546908533,16625.1546908533,3045162637.21796,318858.064536165,202201050140
383,28174,1851,20,9287,Wingate,"",1993.1086464951,19931.086464951,985461754.807983,246986.820118662,202201050140
384,28202,3574,3,16755,Charlotte,"",2133.09459862728,21330.9459862728,50452583.9099121,34485.9053855683,202201050140
385,28203,3723,6,19070,Charlotte,"",1952.28106974305,19522.8106974305,91001089.479126,54761.2733662689,202201050140
386,28204,1719,8,8738,Charlotte,"",1967.26939803159,19672.6939803159,48899100.5548096,40761.7265321132,202201050140
387,28205,8170,79,51821,Charlotte,"",1576.58092279192,15765.8092279192,335820474.82135,104910.810677792,202201050140
388,28206,2919,16,15244,Charlotte,"",1914.85174494883,19148.5174494883,182577260.697876,71458.0502165389,202201050140
389,28207,1341,6,9761,Charlotte,"",1373.83464808934,13738.3464808934,68333859.7921753,36157.3958026362,202201050140
390,28208,8044,66,39944,Charlotte,"",2013.81934708592,20138.1934708592,595973347.5495,157267.598078636,202201050140
391,28209,3855,16,26012,Charlotte,"",1482.00830385976,14820.0830385976,157335764.525879,72359.4847682198,202201050140
392,28210,6936,49,44704,Charlotte,"",1551.53901216893,15515.3901216893,342547124.476257,112745.958411282,202201050140
393,28211,4376,76,31253,Charlotte,"",1400.18558218411,14001.8558218411,292827786.05603,102838.759144167,202201050140
394,28212,7483,49,42744,Charlotte,"",1750.65506269886,17506.5506269886,237710291.866211,96077.3791004252,202201050140
395,28213,9007,64,45338,Charlotte,"",1986.63372888085,19866.3372888085,412614569.613403,162252.089416931,202201050140
396,28214,8620,56,41208,Charlotte,"",2091.8268297418,20918.268297418,965554836.030151,224926.880987092,202201050140
397,28215,11882,85,60256,Charlotte,"",1971.91980881572,19719.1980881572,782010510.903748,222976.412140326,202201050140
398,28216,10940,78,58744,Charlotte,"",1862.31785373825,18623.1785373825,857978895.941772,184761.316525276,202201050140
399,28217,5252,25,30875,Charlotte,"",1701.05263157895,17010.5263157895,428067925.271423,132462.900799897,202201050140
400,28226,5399,42,40227,Charlotte,"",1342.13339299475,13421.3339299475,430471271.22644,131097.087702525,202201050140
401,28227,10275,77,57319,Charlotte,"",1792.59931261885,17925.9931261885,1173416755.00244,297066.255269002,202201050140
402,28262,8008,52,43683,Charlotte,"",1833.20742622988,18332.0742622988,593648477.600464,159979.41236041,202201050140
403,28269,13883,79,81464,Charlotte,"",1704.18835313758,17041.8835313758,840640266.840637,192155.045229048,202201050140
404,28270,4316,35,34753,Charlotte,"",1241.90717348143,12419.0717348143,345778417.622314,161555.486865571,202201050140
405,28273,7556,50,40544,Charlotte,"",1863.65430149961,18636.5430149961,614626385.142517,192801.276498243,202201050140
406,28277,9266,38,72020,Charlotte,"",1286.58705915024,12865.8705915024,675381884.726379,144850.675101077,202201050140
407,28278,5551,24,32539,Charlotte,"",1705.95285657211,17059.5285657211,902762098.137573,246465.469761239,202201050140
408,28301,3051,82,17717,Fayetteville,"",1722.07484337077,17220.7484337077,348717238.9104,130217.445212828,202201050140
409,28303,4666,47,34600,Fayetteville,"",1348.5549132948,13485.549132948,540160738.043701,179304.154504403,202201050140
410,28304,5539,41,39651,Fayetteville,"",1396.93828655015,13969.3828655015,491742944.185852,186465.416198877,202201050140
411,28305,843,8,5010,Fayetteville,"",1682.63473053892,16826.3473053892,69895111.336731,49443.8950343603,202201050140
412,28306,7106,64,42565,Fayetteville,"",1669.44672853283,16694.4672853283,2090603260.31519,562860.488861908,202201050140
413,28307,1724,0,15486,Fort Bragg,"",1113.26359292264,11132.6359292264,174879596.356018,92732.9092032322,202201050140
414,28310,1456,0,8861,Fort Bragg,"",1643.15540006771,16431.5540006771,506286340.902344,200733.090413706,202201050140
415,28311,5516,47,36046,Fayetteville,"",1530.26688120735,15302.6688120735,1336136656.04889,240844.864072535,202201050140
416,28312,3129,50,18419,Fayetteville,"",1698.78929366415,16987.8929366415,4341373681.0871,556260.336471476,202201050140
417,28314,8734,59,53642,Fayetteville,"",1628.2017821856,16282.017821856,816473670.87677,185615.29020179,202201050140
418,28315,2273,25,13329,Aberdeen,"",1705.30422387276,17053.0422387276,2049308469.85626,494397.056686911,202201050140
419,28318,843,7,4579,Autryville,"",1841.01332168596,18410.1332168596,2217851356.83313,372935.466158955,202201050140
420,28320,1739,36,9381,Bladenboro,"",1853.74693529474,18537.4693529474,3248490168.58801,381864.201698899,202201050140
421,28323,740,2,4578,Bunnlevel,"",1616.42638706859,16164.2638706859,1112191308.33496,301931.807656216,202201050140
422,28326,3553,20,22382,Cameron,"",1587.4363327674,15874.363327674,3242119864.63824,488036.173063299,202201050140
423,28327,3059,45,18273,Carthage,"",1674.05461610026,16740.5461610026,5396542091.08795,586939.342565837,202201050140
424,28328,5134,72,26951,Clinton,"",1904.93859226003,19049.3859226003,6810728499.67102,657248.933701039,202201050140
425,28333,1901,33,10709,Dudley,"",1775.14240358577,17751.4240358577,1249687746.85376,213915.020571421,202201050140
426,28334,5421,74,26215,Dunn,"",2067.90005721915,20679.0005721915,4497238669.98419,544402.158241248,202201050140
427,28337,1964,33,11927,Elizabethtown,"",1646.68399429865,16466.8399429865,5069041872.41577,577770.225904477,202201050140
428,28338,719,9,4804,Ellerbe,"",1496.66944213156,14966.6944213156,3935542448.08881,492508.044174153,202201050140
429,28339,1338,20,7226,Erwin,"",1851.64683088846,18516.4683088846,1064553458.41333,310656.999787593,202201050140
430,28340,1962,46,10738,Fairmont,"",1827.15589495251,18271.5589495251,3757196814.59872,450516.228420329,202201050140
431,28341,794,8,5080,Faison,"",1562.99212598425,15629.9212598425,2787115249.34564,421094.619116887,202201050140
432,28343,286,8,1567,Gibson,"",1825.14358647096,18251.4358647096,458723474.164063,106909.663733147,202201050140
433,28344,694,7,3814,Godwin,"",1819.61195595176,18196.1195595176,1128755315.22852,269142.265002464,202201050140
434,28345,2284,45,12656,Hamlet,"",1804.67762326169,18046.7762326169,2126402412.95966,332606.523883072,202201050140
435,28347,277,1,1826,Hoffman,"",1516.97699890471,15169.7699890471,747268691.675964,194334.44204749,202201050140
436,28348,6208,58,36052,Hope Mills,"",1721.95717297237,17219.5717297237,1166315651.14276,329846.853315969,202201050140
437,28349,857,19,3955,Kenansville,"",2166.87737041719,21668.7737041719,1959246504.78113,326624.538750416,202201050140
438,28350,42,0,70,Lakeview,"",6000,60000,7876659.25891113,11657.1581787366,202201050140
439,28351,840,8,5269,Laurel Hill,"",1594.23040425128,15942.3040425128,1788599136.13666,386362.39437636,202201050140
440,28352,4629,84,25298,Laurinburg,"",1829.78891611985,18297.8891611985,3264782876.16284,438869.872406895,202201050140
441,28356,929,8,4914,Linden,"",1890.51689051689,18905.1689051689,1497885580.84283,286294.988335977,202201050140
442,28357,461,5,3224,Lumber Bridge,"",1429.90074441687,14299.0074441687,998095899.747498,200973.924425577,202201050140
443,28358,7914,139,38517,Lumberton,"",2054.67715554171,20546.7715554171,5499536726.32037,504386.80427759,202201050140
444,28360,3094,44,14944,Lumberton,"",2070.39614561028,20703.9614561028,1985862696.58282,363920.117329658,202201050140
445,28363,194,2,1079,Marston,"",1797.96107506951,17979.6107506951,1736455559.11224,383927.716730151,202201050140
446,28364,2963,48,15170,Maxton,"",1953.19709953856,19531.9709953856,3845135736.01221,464303.223304612,202201050140
447,28365,2621,59,17063,Mount Olive,"",1536.07220301237,15360.7220301237,5449867058.99634,617077.13642774,202201050140
448,28366,1062,16,5153,Newton Grove,"",2060.93537745003,20609.3537745003,2293381130.24042,414618.719505342,202201050140
449,28369,446,8,2241,Orrum,"",1990.18295403838,19901.8295403838,1800121585.61136,401393.305842192,202201050140
450,28371,1245,21,7085,Parkton,"",1757.23359209598,17572.3359209598,1005950088.08063,229991.086519014,202201050140
451,28372,3380,53,15254,Pembroke,"",2215.81224596827,22158.1224596827,1147770145.91595,255857.280522167,202201050140
452,28373,424,5,2552,Pinebluff,"",1661.44200626959,16614.4200626959,460329066.992676,140223.621385681,202201050140
453,28374,2305,58,18171,Pinehurst,"",1268.5047603324,12685.047603324,609888351.153748,186776.563275303,202201050140
454,28376,6970,77,43831,Raeford,"",1590.19871780247,15901.9871780247,8255601209.37079,618028.253174215,202201050140
455,28377,2543,41,13036,Red Springs,"",1950.75176434489,19507.5176434489,2872865768.25568,446034.002241505,202201050140
456,28379,4573,97,25804,Rockingham,"",1772.20585955666,17722.0585955666,4156662320.34821,486165.084209016,202201050140
457,28382,1255,20,8006,Roseboro,"",1567.57431926055,15675.7431926055,3525739741.42773,652666.741452104,202201050140
458,28383,1571,26,7713,Rowland,"",2036.82095164009,20368.2095164009,2904453853.97415,460017.981876533,202201050140
459,28384,2429,32,12414,Saint Pauls,"",1956.66183341389,19566.6183341389,2850567240.80182,480450.415018018,202201050140
460,28385,603,3,3005,Salemburg,"",2006.65557404326,20066.5557404326,1040463355.97156,321938.125650219,202201050140
461,28386,1362,15,6068,Shannon,"",2244.56163480554,22445.6163480554,1134602512.8537,354913.796549299,202201050140
462,28387,2348,62,17139,Southern Pines,"",1369.97491102165,13699.7491102165,810260751.658813,181010.127281146,202201050140
463,28390,3349,28,23494,Spring Lake,"",1425.47033285094,14254.7033285094,1630867413.08136,287302.836124698,202201050140
464,28391,915,13,5326,Stedman,"",1717.98723244461,17179.8723244461,1084470955.12604,202263.555324583,202201050140
465,28392,306,5,1554,Tar Heel,"",1969.11196911197,19691.1196911197,925384379.987671,187529.786563955,202201050140
466,28393,373,6,2160,Turkey,"",1726.85185185185,17268.5185185185,1437383838.7915,233550.655699493,202201050140
467,28394,856,9,6094,Vass,"",1404.66032162783,14046.6032162783,1215312777.16113,300186.221923817,202201050140
468,28395,478,3,2657,Wade,"",1799.02145276628,17990.2145276628,1382105528.22943,246616.208913961,202201050140
469,28396,429,8,2679,Wagram,"",1601.3437849944,16013.437849944,1631714382.90094,330475.243709586,202201050140
470,28398,1489,27,7672,Warsaw,"",1940.82377476538,19408.2377476538,2739435952.33466,345606.723026117,202201050140
471,28399,343,3,1934,White Oak,"",1773.52637021717,17735.2637021717,2338498223.40869,308489.981388208,202201050140
472,28401,3648,70,24213,Wilmington,"",1506.62867054888,15066.2867054888,925590291.269562,302995.40520751,202201050140
473,28403,6169,32,41945,Wilmington,"",1470.73548694719,14707.3548694719,403456249.54361,135103.298695973,202201050140
474,28405,4851,40,33719,Wilmington,"",1438.65476437617,14386.5476437617,694443662.189972,212896.044608315,202201050140
475,28409,4331,31,34974,Wilmington,"",1238.34848744782,12383.4848744782,678530052.059952,626246.01836128,202201050140
476,28411,5168,42,38820,Wilmington,"",1331.27253992787,13312.7253992787,1477023573.08954,591854.549770877,202201050140
477,28412,5534,63,42977,Wilmington,"",1287.66549549759,12876.6549549759,635947452.301941,245813.217862995,202201050140
478,28420,734,14,5116,Ash,"",1434.7146207975,14347.146207975,4030119174.4476,622951.504256467,202201050140
479,28421,234,4,2040,Atkinson,"",1147.05882352941,11470.5882352941,1701084244.28595,246250.995159076,202201050140
480,28422,1191,13,8682,Bolivia,"",1371.80373185902,13718.0373185902,2520456183.00197,406510.949073509,202201050140
481,28423,362,5,2285,Bolton,"",1584.24507658643,15842.4507658643,4327886518.67657,560706.237916531,202201050140
482,28425,2094,29,12625,Burgaw,"",1658.61386138614,16586.1386138614,4872852970.19843,522799.098840263,202201050140
483,28428,881,5,7142,Carolina Beach,"",1233.54802576309,12335.4802576309,153392950.326767,131890.839899376,202201050140
484,28429,1289,15,8542,Castle Hayne,"",1509.01428236947,15090.1428236947,1146009267.92944,244578.64538817,202201050140
485,28430,374,7,2055,Cerro Gordo,"",1819.95133819951,18199.5133819951,1294763521.80133,235369.368885516,202201050140
486,28431,1360,34,6741,Chadbourn,"",2017.50482124314,20175.0482124314,2019287633.59152,414968.282140325,202201050140
487,28432,425,4,1684,Clarendon,"",2523.75296912114,25237.5296912114,913029717.719559,381140.327621418,202201050140
488,28433,775,8,5297,Clarkton,"",1463.09231640551,14630.9231640551,3257754219.81824,497145.128049415,202201050140
489,28434,154,4,1357,Council,"",1134.85630066323,11348.5630066323,2209417286.23001,262045.947095385,202201050140
490,28435,419,6,2931,Currie,"",1429.54622995565,14295.4622995565,2746865502.37314,418800.327512465,202201050140
491,28436,407,5,2312,Delco,"",1760.38062283737,17603.8062283737,1250613651.60083,304067.898737589,202201050140
492,28438,331,4,1688,Evergreen,"",1960.90047393365,19609.0047393365,1324758692.31961,354385.951020838,202201050140
493,28439,274,12,1536,Fair Bluff,"",1783.85416666667,17838.5416666667,667490225.496307,213264.007900786,202201050140
494,28441,546,6,3328,Garland,"",1640.625,16406.25,3774857745.4223,555550.533903292,202201050140
495,28442,266,7,1734,Hallsboro,"",1534.02537485582,15340.2537485582,1395074837.14975,336354.405393144,202201050140
496,28443,3864,31,22483,Hampstead,"",1718.63185517947,17186.3185517947,4337834719.99771,560208.032392266,202201050140
497,28444,368,1,2278,Harrells,"",1615.45215100966,16154.5215100966,3251010335.70935,548979.732892781,202201050140
498,28445,1461,18,8142,Holly Ridge,"",1794.39941046426,17943.9941046426,2835470197.40424,676482.174744673,202201050140
499,28447,185,0,1334,Ivanhoe,"",1386.80659670165,13868.0659670165,2755654733.91089,442226.920323366,202201050140
500,28448,127,1,1216,Kelly,"",1044.40789473684,10444.0789473684,2360585218.26868,400674.523076971,202201050140
501,28449,172,2,1958,Kure Beach,"",878.447395301328,8784.47395301328,112229003.875305,80695.0045848031,202201050140
502,28450,376,11,2397,Lake Waccamaw,"",1568.62745098039,15686.2745098039,1482484363.39343,277199.450521116,202201050140
503,28451,5830,45,39194,Leland,"",1487.4725723325,14874.725723325,5322314275.71591,771852.448618024,202201050140
504,28452,119,2,513,Longwood,"",2319.68810916179,23196.8810916179,201031402.998276,76626.878203892,202201050140
505,28453,832,8,4137,Magnolia,"",2011.11916847957,20111.1916847957,2286467269.94287,428957.863476439,202201050140
506,28454,490,7,3549,Maple Hill,"",1380.67061143984,13806.7061143984,3064407818.25446,319144.850869928,202201050140
507,28455,385,5,1718,Nakina,"",2240.97788125728,22409.7788125728,1802269564.75485,339624.478895421,202201050140
508,28456,602,9,3566,Riegelwood,"",1688.16601233875,16881.6601233875,1872158645.14374,368901.622022321,202201050140
509,28457,1837,18,12840,Rocky Point,"",1430.68535825545,14306.8535825545,3397895880.78387,551931.996451502,202201050140
510,28458,1131,16,7018,Rose Hill,"",1611.57024793388,16115.7024793388,3025757032.09851,549753.327973728,202201050140
511,28460,2003,10,10588,Sneads Ferry,"",1891.76426142803,18917.6426142803,868820245.916626,505270.66774661,202201050140
512,28461,2280,26,20575,Southport,"",1108.14094775213,11081.4094775213,2976816159.44659,699193.372938299,202201050140
513,28462,1873,22,14309,Supply,"",1308.96638479279,13089.6638479279,3173815797.17627,578042.071238935,202201050140
514,28463,2177,45,9865,Tabor City,"",2206.7916877851,22067.916877851,3441446535.6745,489113.866817468,202201050140
515,28464,480,7,2491,Teachey,"",1926.93697310317,19269.3697310317,651873569.02948,216752.818849917,202201050140
516,28465,840,10,8285,Oak Island,"",1013.88050694025,10138.8050694025,278142792.540329,260764.452809296,202201050140
517,28466,1910,48,10375,Wallace,"",1840.96385542169,18409.6385542169,4134830722.40503,646652.750223625,202201050140
518,28467,1482,22,11393,Calabash,"",1300.79873606601,13007.9873606601,478052225.035095,182374.085490172,202201050140
519,28468,596,4,5394,Sunset Beach,"",1104.93140526511,11049.3140526511,561581539.026329,281339.504069841,202201050140
520,28469,1095,21,7481,Ocean Isle Beach,"",1463.70806041973,14637.0806041973,718539224.77166,397460.188245043,202201050140
521,28470,1802,54,13446,Shallotte,"",1340.17551688234,13401.7551688234,1182514664.27979,362760.617388836,202201050140
522,28472,3577,85,20002,Whiteville,"",1788.32116788321,17883.2116788321,5336860792.21823,836470.753006454,202201050140
523,28478,801,8,4976,Willard,"",1609.72668810289,16097.2668810289,3641064446.79327,420805.470689163,202201050140
524,28479,976,16,4874,Winnabow,"",2002.4620434961,20024.620434961,2117768058.25922,493774.783138491,202201050140
525,28480,422,0,2737,Wrightsville Beach,"",1541.83412495433,15418.3412495433,105606171.513519,198146.556810674,202201050140
526,28501,3122,55,19507,Kinston,"",1600.45112011073,16004.5112011073,2991635337.302,625626.150351651,202201050140
527,28504,4008,72,21016,Kinston,"",1907.11838599163,19071.1838599163,3402165916.96191,527051.926248192,202201050140
528,28508,441,10,2984,Albertson,"",1477.88203753351,14778.8203753351,979966062.858154,216402.11543394,202201050140
529,28510,162,0,1543,Arapahoe,"",1049.902786779,10499.02786779,492605022.366577,160146.449017413,202201050140
530,28511,59,0,628,Atlantic,"",939.490445859873,9394.90445859873,664520864.566406,632922.312503469,202201050140
531,28512,403,8,3689,Atlantic Beach,"",1092.43697478992,10924.3697478992,159414908.561523,282548.210087653,202201050140
532,28513,1779,6,10825,Ayden,"",1643.41801385681,16434.1801385681,2611479123.85803,477095.460669019,202201050140
533,28515,474,3,3463,Bayboro,"",1368.75541438059,13687.554143806,1758589825.68518,437586.784820445,202201050140
534,28516,1499,12,12482,Beaufort,"",1200.92933824708,12009.2933824708,3384236686.76337,1001596.71803033,202201050140
535,28518,1635,26,8803,Beulaville,"",1857.32136771555,18573.2136771555,2702594658.36359,473932.945095065,202201050140
536,28521,431,11,2259,Chinquapin,"",1907.9238601151,19079.238601151,984336924.154663,232445.955683395,202201050140
537,28523,411,3,2274,Cove City,"",1807.38786279683,18073.8786279683,2247611957.06177,297516.586083844,202201050140
538,28525,566,4,3309,Deep Run,"",1710.48655182835,17104.8655182835,1368793733.10339,260376.07892082,202201050140
539,28526,347,7,2384,Dover,"",1455.53691275168,14555.3691275168,2062614072.29626,437910.466683838,202201050140
540,28529,483,10,2539,Grantsboro,"",1902.32374950768,19023.2374950768,2523317524.60889,412017.089612735,202201050140
541,28530,1320,20,7474,Grifton,"",1766.12255820177,17661.2255820177,1906098626.48975,426610.065184873,202201050140
542,28531,161,3,1414,Harkers Island,"",1138.61386138614,11386.1386138614,96666650.4205933,159397.370996394,202201050140
543,28532,2992,10,25868,Havelock,"",1156.64141023659,11566.4141023659,5072028576.29651,874966.498361209,202201050140
544,28538,555,4,3342,Hookerton,"",1660.68222621185,16606.8222621185,837514346.679443,167225.326393657,202201050140
545,28539,2662,27,18000,Hubert,"",1478.88888888889,14788.8888888889,2158531628.89203,965472.416809674,202201050140
546,28540,8043,87,52400,Jacksonville,"",1534.92366412214,15349.2366412214,3283488394.35052,547729.060516665,202201050140
547,28542,686,0,6146,Camp Lejeune,"",1116.17312072893,11161.7312072893,1137151211.30426,554417.951637185,202201050140
548,28543,614,2,6618,Tarawa Terrace,"",927.772741009368,9277.72741009368,101812905.851257,81799.9494086724,202201050140
549,28546,8096,75,51963,Jacksonville,"",1558.03167638512,15580.3167638512,2766403023.01086,429757.095409677,202201050140
550,28547,2638,0,13868,Camp Lejeune,"",1902.2209402942,19022.209402942,321351155.112183,125030.1108688,202201050140
551,28551,2415,34,14265,La Grange,"",1692.95478443743,16929.5478443743,3578620059.57935,402405.541085344,202201050140
552,28553,43,1,522,Marshallberg,"",823.754789272031,8237.54789272031,44093630.395752,64625.7950525977,202201050140
553,28555,828,5,4702,Maysville,"",1760.95278604849,17609.5278604849,3623337430.05573,600372.548840718,202201050140
554,28557,2056,16,15254,Morehead City,"",1347.84318867182,13478.4318867182,400526127.961975,291647.007459014,202201050140
555,28560,4373,71,28926,New Bern,"",1511.78870220563,15117.8870220563,3309199654.78784,1030041.14449326,202201050140
556,28562,5561,59,38009,New Bern,"",1463.07453497856,14630.7453497856,3853792240.20764,1071472.47820274,202201050140
557,28570,3168,21,22687,Newport,"",1396.39441089611,13963.9441089611,4050945831.7467,612371.091717981,202201050140
558,28571,236,3,3137,Oriental,"",752.311125278929,7523.11125278929,1482289449.53186,353024.477698561,202201050140
559,28572,1271,18,6379,Pink Hill,"",1992.47530960966,19924.7530960966,3042675125.74115,395176.694907307,202201050140
560,28573,352,19,2475,Pollocksville,"",1422.22222222222,14222.2222222222,3035889883.2348,360117.83631843,202201050140
561,28574,3260,37,17702,Richlands,"",1841.59981922947,18415.9981922947,3868294357.7301,523654.71280993,202201050140
562,28577,41,2,595,Sealevel,"",689.075630252101,6890.75630252101,131607264.267456,82049.6590834024,202201050140
563,28578,878,11,7044,Seven Springs,"",1246.45088018171,12464.5088018172,1837860745.29797,304549.150963809,202201050140
564,28580,1919,39,12031,Snow Hill,"",1595.04613082869,15950.4613082869,3261656823.56982,373362.024423986,202201050140
565,28582,293,3,1824,Stella,"",1606.35964912281,16063.5964912281,566119411.242798,233745.537488706,202201050140
566,28584,1867,18,12910,Swansboro,"",1446.16576297444,14461.6576297444,870417864.570801,630505.524420814,202201050140
567,28585,623,13,4170,Trenton,"",1494.00479616307,14940.0479616307,5857263271.9624,616313.550954668,202201050140
568,28586,1928,12,8427,Vanceboro,"",2287.88418179661,22878.8418179661,3798727344.79224,393188.365406212,202201050140
569,28590,5147,21,26551,Winterville,"",1938.53338857294,19385.3338857293,1153236268.85608,260797.112041444,202201050140
570,28594,485,5,3678,Emerald Isle,"",1318.65144100054,13186.5144100054,161880563.377441,206007.395136269,202201050140
571,28601,10157,144,49848,Hickory,"",2037.59428663136,20375.9428663136,1378207425.05768,365850.750506082,202201050140
572,28602,6027,112,31218,Hickory,"",1930.6169517586,19306.169517586,1938678919.97003,319569.803956005,202201050140
573,28604,866,11,6449,Banner Elk,"",1342.84385175996,13428.4385175996,1915326545.24634,325836.980718489,202201050140
574,28605,445,4,4143,Blowing Rock,"",1074.10089307265,10741.0089307265,895784503.144714,248689.345104093,202201050140
575,28606,367,6,2367,Boomer,"",1550.48584706379,15504.8584706379,1247639586.18042,214129.251492026,202201050140
576,28607,4841,25,37481,Boone,"",1291.58773778715,12915.8773778715,2776057252.95807,555835.873680891,202201050140
577,28609,1192,16,6457,Catawba,"",1846.05854111817,18460.5854111817,1341728385.28827,281255.134101197,202201050140
578,28610,2104,27,10238,Claremont,"",2055.08888454776,20550.8888454776,1121879522.66571,308096.881521473,202201050140
579,28612,2552,51,14906,Connelly Springs,"",1712.06225680934,17120.6225680934,2400642845.42798,441028.943696581,202201050140
580,28613,4849,79,25216,Conover,"",1922.98540609137,19229.8540609137,1220326345.78546,362168.639637895,202201050140
581,28615,249,2,1883,Creston,"",1322.35793945831,13223.5793945831,1868599532.61511,272770.247470023,202201050140
582,28617,357,4,2451,Crumpler,"",1456.54834761322,14565.4834761322,986888820.641235,263906.737953269,202201050140
583,28618,271,3,2480,Deep Gap,"",1092.74193548387,10927.4193548387,1010729766.2395,224128.286954044,202201050140
584,28621,2172,44,10400,Elkin,"",2088.46153846154,20884.6153846154,1827310682.30029,492431.108964797,202201050140
585,28622,380,2,2638,Elk Park,"",1440.48521607278,14404.8521607278,922706854.79248,228052.883765708,202201050140
586,28623,302,0,1716,Ennice,"",1759.90675990676,17599.0675990676,790959225.749146,176648.995975266,202201050140
587,28624,254,5,1893,Ferguson,"",1341.78552562071,13417.8552562071,1893859856.27216,280305.359064925,202201050140
588,28625,7243,125,38862,Statesville,"",1863.77438114353,18637.7438114353,5528677082.18164,627405.109037109,202201050140
589,28626,302,3,3001,Fleetwood,"",1006.33122292569,10063.3122292569,819063990.876587,148645.734339712,202201050140
590,28627,188,0,1534,Glade Valley,"",1225.55410691004,12255.5410691004,929851696.585571,229623.659776181,202201050140
591,28630,3750,65,20369,Granite Falls,"",1841.03294221611,18410.3294221611,1749206123.14734,364175.180926025,202201050140
592,28631,105,0,536,Grassy Creek,"",1958.9552238806,19589.552238806,666742006.060913,167245.211138671,202201050140
593,28634,921,14,5269,Harmony,"",1747.95976466123,17479.5976466123,1708637469.52393,380041.000632719,202201050140
594,28635,731,10,4032,Hays,"",1812.99603174603,18129.9603174603,1589254753.84888,282956.554467362,202201050140
595,28636,998,19,5186,Hiddenite,"",1924.41187813344,19244.1187813344,1563401720.00476,343683.132287544,202201050140
596,28637,498,5,1583,Hildebran,"",3145.92545799116,31459.2545799116,75804105.8025513,39679.7431148788,202201050140
597,28638,2366,17,12560,Hudson,"",1883.75796178344,18837.5796178344,586195125.955933,179942.259882133,202201050140
598,28640,914,20,4805,Jefferson,"",1902.18522372529,19021.8522372529,1056537388.6748,302637.689495691,202201050140
599,28642,1089,15,5578,Jonesville,"",1952.31265686626,19523.1265686626,922184812.2677,173376.666314256,202201050140
600,28643,471,7,3443,Lansing,"",1367.99302933488,13679.9302933488,2044042930.41492,275858.107391136,202201050140
601,28644,205,0,1570,Laurel Springs,"",1305.73248407643,13057.3248407643,2045165288.09131,297831.47514214,202201050140
602,28645,8630,147,47621,Lenoir,"",1812.22569874635,18122.2569874635,9179149391.98291,930216.037146455,202201050140
603,28649,168,2,1034,Mc Grady,"",1624.7582205029,16247.582205029,1036137984.80469,190682.670149615,202201050140
604,28650,2724,28,13374,Maiden,"",2036.78779721848,20367.8779721848,1278104496.07623,377336.649296681,202201050140
605,28651,1161,17,6653,Millers Creek,"",1745.07740868781,17450.7740868781,2065649255.9353,349078.290644554,202201050140
606,28654,584,12,3800,Moravian Falls,"",1536.84210526316,15368.4210526316,1821577421.53857,295573.209104024,202201050140
607,28655,10211,136,58249,Morganton,"",1752.99146766468,17529.9146766468,9153179930.14331,677983.745386269,202201050140
608,28657,1559,24,9610,Newland,"",1622.26847034339,16222.6847034339,3935578521.47217,457051.359413869,202201050140
609,28658,5539,66,25858,Newton,"",2142.08368783355,21420.8368783355,2022657893.02307,451555.722478839,202201050140
610,28659,3954,70,21013,North Wilkesboro,"",1881.69228572788,18816.9228572788,2817470108.66394,743040.466864702,202201050140
611,28660,444,4,2336,Olin,"",1900.68493150685,19006.8493150685,892135691.594116,224297.744075571,202201050140
612,28665,465,5,2986,Purlear,"",1557.26724715338,15572.6724715338,1778038258.60608,240271.301413849,202201050140
613,28668,42,0,39,Roaring Gap,"",,,150579895.761963,97868.8716295681,202201050140
614,28669,522,6,3133,Roaring River,"",1666.13469518034,16661.3469518034,1299426384.18799,252536.432806369,202201050140
615,28670,567,7,3183,Ronda,"",1781.3383600377,17813.383600377,1123975912.01135,257469.478215133,202201050140
616,28673,1065,9,6621,Sherrills Ford,"",1608.51835070231,16085.1835070231,852092289.759583,248402.605359209,202201050140
617,28675,1322,8,6805,Sparta,"",1942.6891991183,19426.891991183,2977111225.9541,397880.218381249,202201050140
618,28676,636,5,3444,State Road,"",1846.68989547038,18466.8989547038,830902972.436646,197653.666386266,202201050140
619,28677,7009,87,35614,Statesville,"",1968.04627393722,19680.4627393722,2372250827.99042,364916.143502524,202201050140
620,28678,927,9,5252,Stony Point,"",1765.04188880427,17650.4188880427,1249807753.12482,237772.476162198,202201050140
621,28679,235,3,2122,Sugar Grove,"",1107.44580584354,11074.4580584354,636943392.934937,227619.317646308,202201050140
622,28681,5071,86,26959,Taylorsville,"",1881.00448829704,18810.0448829704,4726487412.65814,412700.759417832,202201050140
623,28682,185,2,1099,Terrell,"",1683.34849863512,16833.4849863512,164657442.78833,108427.066369374,202201050140
624,28683,324,4,1934,Thurmond,"",1675.28438469493,16752.8438469493,988749233.112671,203358.604100989,202201050140
625,28684,225,2,2175,Todd,"",1034.48275862069,10344.8275862069,1383524229.94177,292392.138653963,202201050140
626,28685,312,1,1908,Traphill,"",1635.22012578616,16352.2012578616,1296786088.98804,215086.939280452,202201050140
627,28689,344,4,1662,Union Grove,"",2069.79542719615,20697.9542719615,1218398001.86389,304792.24772459,202201050140
628,28690,1709,24,9427,Valdese,"",1812.87790389307,18128.7790389307,668624773.04187,213466.610171622,202201050140
629,28692,465,2,4504,Vilas,"",1032.41563055062,10324.1563055062,1091553223.68976,286379.955820553,202201050140
630,28693,274,2,1693,Warrensville,"",1618.42882457177,16184.2882457177,621923811.260986,170328.387778475,202201050140
631,28694,1198,19,8033,West Jefferson,"",1491.34818872152,14913.4818872152,2188720146.69934,416426.801998168,202201050140
632,28697,2425,49,13376,Wilkesboro,"",1812.9485645933,18129.485645933,1810927272.521,565265.362104432,202201050140
633,28701,612,7,4830,Alexander,"",1267.08074534162,12670.8074534162,557040025.003723,178622.867954756,202201050140
634,28702,43,0,704,Almond,"",610.795454545455,6107.95454545455,749571990.457794,168899.042279792,202201050140
635,28704,3833,29,21728,Arden,"",1764.08321060383,17640.8321060383,1481682958.97644,329012.999643476,202201050140
636,28705,887,3,7168,Bakersville,"",1237.44419642857,12374.4419642857,3538838336.04175,376028.663142582,202201050140
637,28711,1604,40,15250,Black Mountain,"",1051.80327868852,10518.0327868852,2289646423.50623,432841.107136649,202201050140
638,28712,2646,38,19644,Brevard,"",1346.97617593158,13469.7617593158,3743370041.24365,607196.289251342,202201050140
639,28713,1483,20,9333,Bryson City,"",1588.98532090432,15889.8532090432,7085157294.99072,658029.652447303,202201050140
640,28714,3266,34,17066,Burnsville,"",1913.74663072776,19137.4663072776,7287599937.88281,538818.932986382,202201050140
641,28715,3660,38,27289,Candler,"",1341.19975081535,13411.9975081535,1975153881.5733,274379.594297132,202201050140
642,28716,2568,62,18650,Canton,"",1376.9436997319,13769.436997319,4450693739.33826,450946.985814241,202201050140
643,28718,68,0,607,Cedar Mountain,"",1120.26359143328,11202.6359143328,604740430.192017,157079.894608512,202201050140
644,28719,1657,15,6945,Cherokee,"",2385.88912886969,23858.8912886969,6313532001.74988,506970.161305605,202201050140
645,28721,1468,18,10866,Clyde,"",1351.00312902632,13510.0312902632,3262240884.20239,451646.750156333,202201050140
646,28722,858,15,6854,Columbus,"",1251.82375255325,12518.2375255325,1330435890.70984,371441.890606651,202201050140
647,28723,1530,5,11678,Cullowhee,"",1310.15584860421,13101.5584860421,2829089767.59064,521400.904374384,202201050140
648,28726,632,9,3477,East Flat Rock,"",1817.65890135174,18176.5890135174,62782212.3257446,52681.8363735949,202201050140
649,28729,532,3,2978,Etowah,"",1786.43384822028,17864.3384822028,115914409.369507,74718.0620947517,202201050140
650,28730,1131,10,10068,Fairview,"",1123.36114421931,11233.6114421931,1334723772.69336,277836.650121475,202201050140
651,28731,1454,19,9271,Flat Rock,"",1568.33135584079,15683.3135584079,910498937.374664,308715.430561089,202201050140
652,28732,2735,15,18899,Fletcher,"",1447.16651674692,14471.6651674692,1163648233.76184,268599.174805655,202201050140
653,28734,4384,71,28423,Franklin,"",1542.41283467614,15424.1283467614,8413329787.90622,680710.034553257,202201050140
654,28736,94,0,740,Glenville,"",1270.27027027027,12702.7027027027,845894035.551971,243241.394198335,202201050140
655,28739,2579,35,21994,Hendersonville,"",1172.59252523415,11725.9252523415,1809199500.98254,354883.696935042,202201050140
656,28740,341,1,2123,Green Mountain,"",1606.21761658031,16062.1761658031,2560353451.70599,391601.88482291,202201050140
657,28741,454,7,3135,Highlands,"",1448.1658692185,14481.658692185,2488322100.83908,291652.561708351,202201050140
658,28742,455,6,2834,Horse Shoe,"",1605.50458715596,16055.0458715596,759756422.807678,323788.261855292,202201050140
659,28745,109,0,598,Lake Junaluska,"",1822.74247491639,18227.4247491639,24208240.7459412,20619.3143809221,202201050140
660,28746,298,7,2583,Lake Lure,"",1153.69725125823,11536.9725125823,1635267198.94843,301403.103342596,202201050140
661,28747,224,9,2517,Lake Toxaway,"",889.94835121176,8899.4835121176,1644170650.80768,278687.825520296,202201050140
662,28748,1701,19,12684,Leicester,"",1341.05960264901,13410.5960264901,2568900770.12885,433742.542694055,202201050140
663,28751,514,11,3738,Maggie Valley,"",1375.06688068486,13750.6688068486,1196971956.93442,252655.252396679,202201050140
664,28752,6470,92,31501,Marion,"",2053.9030506968,20539.030506968,6843838240.70496,729852.019397461,202201050140
665,28753,1736,32,12286,Marshall,"",1412.9903955722,14129.903955722,7221367422.4903,582321.875436498,202201050140
666,28754,1323,28,8823,Mars Hill,"",1499.48996939816,14994.8996939816,2532637146.55933,336365.654274913,202201050140
667,28756,600,4,4770,Mill Spring,"",1257.86163522013,12578.6163522013,2319967191.40479,359387.276461913,202201050140
668,28759,1163,8,7867,Mills River,"",1478.32718952587,14783.2718952587,710290580.507599,219074.688607407,202201050140
669,28761,1706,31,8493,Nebo,"",2008.71305781232,20087.1305781232,3254647047.74689,448908.605974668,202201050140
670,28762,1298,13,7603,Old Fort,"",1707.22083388136,17072.2083388136,2996741187.4848,387268.208256282,202201050140
671,28763,349,4,2864,Otto,"",1218.57541899441,12185.7541899441,1145043002.66425,202810.842815888,202201050140
672,28766,241,1,1526,Penrose,"",1579.29226736566,15792.9226736566,159626292.482056,88900.5625977205,202201050140
673,28768,989,3,7895,Pisgah Forest,"",1252.69157694744,12526.9157694744,2244655883.74216,321689.536597621,202201050140
674,28771,1453,28,8212,Robbinsville,"",1769.36190940088,17693.6190940088,9086438704.3884,732920.807564291,202201050140
675,28773,495,12,3508,Saluda,"",1411.06043329533,14110.6043329532,1396855034.24573,267712.497423626,202201050140
676,28775,53,3,493,Scaly Mountain,"",1075.05070993915,10750.5070993915,456631744.06662,130336.94180952,202201050140
677,28777,2097,23,10391,Spruce Pine,"",2018.09258011741,20180.9258011741,1968811938.32007,332780.684408784,202201050140
678,28778,1339,17,10803,Swannanoa,"",1239.47051744886,12394.7051744886,692162823.950317,188030.795128165,202201050140
679,28779,2544,49,17610,Sylva,"",1444.63373083475,14446.3373083475,3287520334.70795,472387.421611018,202201050140
680,28782,689,13,6512,Tryon,"",1058.04668304668,10580.4668304668,1239852111.02036,390005.579825198,202201050140
681,28783,210,3,1905,Tuckasegee,"",1102.36220472441,11023.6220472441,2507065764.50815,412465.098737655,202201050140
682,28785,925,9,8309,Waynesville,"",1113.2506920207,11132.506920207,4680111391.07288,434987.630089387,202201050140
683,28786,2924,59,21837,Waynesville,"",1339.01176901589,13390.1176901589,2130537927.5513,319219.020654078,202201050140
684,28787,2992,45,20681,Weaverville,"",1446.73855229438,14467.3855229438,2146776657.76654,337936.038355961,202201050140
685,28789,776,9,6551,Whittier,"",1184.55197679744,11845.5197679744,1731085189.80936,281392.474737519,202201050140
686,28790,550,6,3775,Zirconia,"",1456.95364238411,14569.5364238411,1184634316.47168,272368.233599775,202201050140
687,28791,2099,37,15811,Hendersonville,"",1327.55676427803,13275.5676427803,466838231.125,123544.27336528,202201050140
688,28792,5958,96,37949,Hendersonville,"",1570.00184458089,15700.0184458089,2892120004.20319,483608.715059926,202201050140
689,28801,1723,26,16782,Asheville,"",1026.69526874032,10266.9526874032,142991050.123962,66531.4000304091,202201050140
690,28803,3988,65,34731,Asheville,"",1148.25372145922,11482.5372145922,1148499781.62708,221583.067984848,202201050140
691,28804,2382,27,23302,Asheville,"",1022.22985151489,10222.2985151489,818376430.368896,216401.982596761,202201050140
692,28805,1956,36,20394,Asheville,"",959.105619299794,9591.05619299794,743578799.615234,203043.782551957,202201050140
693,28806,5620,69,43841,Asheville,"",1281.90506603408,12819.0506603408,1123591112.45288,297671.815966071,202201050140
694,28901,952,20,6039,Andrews,"",1576.41993707567,15764.1993707567,1881090750.42804,271571.032581688,202201050140
695,28902,188,1,1562,Brasstown,"",1203.58514724712,12035.8514724712,645585335.657318,162521.113458697,202201050140
696,28904,1454,35,9535,Hayesville,"",1524.90823282643,15249.0823282643,5317145252.91805,403950.005454209,202201050140
697,28905,595,9,3548,Marble,"",1677.00112739572,16770.0112739572,1058320723.96715,269002.244098821,202201050140
698,28906,3223,56,20296,Murphy,"",1587.99763500197,15879.9763500197,9849733400.34212,586826.324547444,202201050140
699,28909,137,4,1068,Warne,"",1282.77153558052,12827.7153558052,269492752.319427,107722.293423693,202201050140
700,27533,571,3,0,"","",,,18055719.4014893,15817.3715737294,202201050140
701,27340,12,1,34,Saxapahaw,"",3529.41176470588,35294.1176470588,694758.987792969,3852.87240074502,202201050140
702,27411,178,0,847,Greensboro,"",2101.53482880756,21015.3482880756,713742.998291016,5860.23208289576,202201050140
703,27412,65,0,1886,Greensboro,"",344.644750795334,3446.44750795334,4771290.83532715,13054.7888333439,202201050140
704,27498,,,13,Greensboro,Population <500 and Cases <5,,,3369264.12316895,7774.18760349114,202201050140
705,27599,24,0,0,Chapel Hill,"",,,4275416.30163574,15555.1510255833,202201050140
706,27706,,,10,Durham,Population <500 and Cases <5,,,1281872.18347168,6816.757693542,202201050140
707,27711,,,62,Durham,Population <500 and Cases <5,,,11690491.0200195,25227.7794868175,202201050140
708,27810,607,9,4224,Belhaven,"",1437.02651515152,14370.2651515152,5320714553.85889,863428.562860574,202201050140
709,27821,47,1,343,Edward,"",1370.26239067055,13702.6239067055,180879118.265869,102716.617789089,202201050140
710,27824,165,0,1540,Engelhard,"",1071.42857142857,10714.2857142857,5755622445.56714,766498.765242208,202201050140
711,27826,113,2,1245,Fairfield,"",907.630522088353,9076.30522088353,5502010014.61365,681909.128335756,202201050140
712,27841,13,1,84,Hassell,"",1547.61904761905,15476.1904761905,5972995.94189453,12505.2057352129,202201050140
713,27872,39,1,429,Roxobel,"",909.090909090909,9090.90909090909,78668396.3901367,60062.9164687203,202201050140
714,27875,80,3,511,Scranton,"",1565.55772994129,15655.5772994129,1462926064.75208,668994.049821798,202201050140
715,27881,12,0,323,Speed,"",371.517027863777,3715.17027863777,45624486.2655029,35379.3892263349,202201050140
716,27919,146,2,1211,Belvidere,"",1205.6151940545,12056.151940545,1805677755.21484,260299.205087965,202201050140
717,27920,196,0,1415,Buxton,"",1385.15901060071,13851.5901060071,251417477.481567,169552.58818934,202201050140
718,27921,644,7,5366,Camden,"",1200.14908684309,12001.4908684309,2216306760.15601,371309.805402765,202201050140
719,27923,82,0,990,Coinjock,"",828.282828282828,8282.82828282828,442853112.258789,222994.427279021,202201050140
720,27936,67,1,961,Frisco,"",697.190426638918,6971.90426638918,134638106.065186,108288.074251883,202201050140
721,27939,385,6,3370,Grandy,"",1142.43323442137,11424.3323442137,296874050.40332,237784.484514938,202201050140
722,27941,93,0,670,Harbinger,"",1388.05970149254,13880.5970149254,66348159.842041,42125.3614314888,202201050140
723,27943,55,0,491,Hatteras,"",1120.16293279022,11201.6293279022,82146889.1915283,162150.406610954,202201050140
724,27947,111,1,845,Jarvisburg,"",1313.60946745562,13136.0946745562,181991023.044922,117825.871497151,202201050140
725,27953,148,1,992,Manns Harbor,"",1491.93548387097,14919.3548387097,4841742826.08521,775886.839802655,202201050140
726,27954,947,3,6405,Manteo,"",1478.53239656518,14785.3239656518,346159524.466309,171104.045001834,202201050140
727,27956,32,1,328,Maple,"",975.609756097561,9756.09756097561,91616147.3259277,62675.9008746753,202201050140
728,27960,136,0,899,Ocracoke,"",1512.79199110122,15127.9199110122,272996211.932129,221416.979930584,202201050140
729,27964,58,0,653,Point Harbor,"",888.208269525268,8882.08269525268,40700993.1791992,29044.1496807834,202201050140
730,27965,69,0,611,Poplar Branch,"",1129.29623567921,11292.9623567921,362463348.010742,286670.57703568,202201050140
731,27972,9,0,196,Salvo,"",459.183673469388,4591.83673469388,25839959.5158691,77591.8753697891,202201050140
732,27973,193,0,1493,Shawboro,"",1292.6992632284,12926.992632284,1350823542.63281,279776.313560853,202201050140
733,27974,147,0,1375,Shiloh,"",1069.09090909091,10690.9090909091,1282875105.52026,448552.234751616,202201050140
734,27978,20,0,221,Stumpy Point,"",904.977375565611,9049.77375565611,3250437066.68713,488663.160212978,202201050140
735,27980,380,6,2075,Tyner,"",1831.32530120482,18313.2530120482,1319096560.03711,208839.628959426,202201050140
736,27981,262,1,1863,Wanchese,"",1406.33387010199,14063.3387010199,183167116.380371,177755.254740471,202201050140
737,28077,74,0,557,High Shoals,"",1328.54578096948,13285.4578096948,25098303.871521,27989.3633622467,202201050140
738,28101,130,2,465,Mc Adenville,"",2795.69892473118,27956.9892473118,12210373.4969482,19058.3264759027,202201050140
739,28223,30,0,2941,Charlotte,"",102.006120367222,1020.06120367222,16745950.1914673,34959.7943637767,202201050140
740,28308,21,0,737,Pope Army Airfield,"",284.93894165536,2849.3894165536,90374263.7665405,45243.1542141805,202201050140
741,28375,34,0,155,Proctorville,"",2193.54838709677,21935.4838709677,16154829.5779114,21293.1141646593,202201050140
742,28519,89,2,328,Bridgeton,"",2713.41463414634,27134.1463414634,3782179.40026855,11964.2990373982,202201050140
743,28520,31,1,352,Cedar Island,"",880.681818181818,8806.81818181818,633116579.775757,427477.052966736,202201050140
744,28524,54,1,443,Davis,"",1218.96162528217,12189.6162528217,547256692.822876,860357.358716607,202201050140
745,28527,230,2,905,Ernul,"",2541.4364640884,25414.364640884,1145978492.04919,209684.397786102,202201050140
746,28528,74,0,640,Gloucester,"",1156.25,11562.5,74196560.923584,79933.9347539672,202201050140
747,28533,180,0,0,Cherry Point,"",,,253735788.170532,192645.367219711,202201050140
748,28537,19,0,186,Hobucken,"",1021.50537634409,10215.0537634409,891999129.25647,352204.851723087,202201050140
749,28544,795,9,5607,Midway Park,"",1417.87051899411,14178.7051899411,155759986.503357,92182.0384683424,202201050140
750,28545,216,0,4010,Mccutcheon Field,"",538.653366583541,5386.53366583541,145247654.855835,101700.276162633,202201050140
751,28552,15,0,131,Lowland,"",1145.03816793893,11450.3816793893,211084218.553589,104037.967496467,202201050140
752,28556,98,4,1150,Merritt,"",852.173913043478,8521.73913043478,1139666751.30212,394317.853497313,202201050140
753,28561,58,1,0,New Bern,"",,,195198.709350586,2618.49962886206,202201050140
754,28579,62,0,798,Smyrna,"",776.942355889724,7769.42355889724,633080494.557556,233023.142000653,202201050140
755,28581,26,1,224,Stacy,"",1160.71428571429,11607.1428571429,2404669972.88318,703346.462367878,202201050140
756,28583,25,1,0,Stonewall,"",,,596710.740722656,3607.20989795631,202201050140
757,28587,51,1,324,Vandemere,"",1574.07407407407,15740.7407407407,250612018.426636,182903.197478108,202201050140
758,28611,123,2,978,Collettsville,"",1257.66871165644,12576.6871165644,2483135872.03735,419111.187381629,202201050140
759,28629,25,0,63,Glendale Springs,"",3968.25396825397,39682.5396825397,18113919.8492432,19773.9407564207,202201050140
760,28646,122,1,463,Linville,"",2634.98920086393,26349.8920086393,440709602.757813,156576.175660301,202201050140
761,28663,111,0,715,Piney Creek,"",1552.44755244755,15524.4755244755,577849850.650269,137228.322788793,202201050140
762,28667,78,2,105,Rhodhiss,"",7428.57142857143,74285.7142857143,1309548.80932617,6065.66147149414,202201050140
763,28672,10,0,35,Scottville,"",2857.14285714286,28571.4285714286,62555584.7313232,47932.7256464108,202201050140
764,28698,280,2,1844,Zionville,"",1518.43817787419,15184.3817787419,762471326.925049,227334.653867248,202201050140
765,28708,81,1,1340,Balsam Grove,"",604.477611940299,6044.77611940299,795626278.709686,241272.033803256,202201050140
766,28709,274,2,2308,Barnardsville,"",1187.17504332756,11871.7504332756,1635213770.4093,231197.383485249,202201050140
767,28717,263,5,1471,Cashiers,"",1787.89938817131,17878.9938817131,1160000231.10587,300525.403558474,202201050140
768,28720,12,0,35,Chimney Rock,"",3428.57142857143,34285.7142857143,47877696.5422974,47768.4833790312,202201050140
769,28725,62,2,36,Dillsboro,"",,,1395548.49920654,7541.63511359509,202201050140
770,28733,13,0,200,Fontana Dam,"",650,6500,498075903.916718,200917.740964481,202201050140
771,28735,16,0,294,Gerton,"",544.21768707483,5442.1768707483,137680777.623108,92735.3834552802,202201050140
772,28743,275,7,2422,Hot Springs,"",1135.42526837325,11354.2526837325,2855463957.34918,351331.648547095,202201050140
773,28749,13,0,0,Little Switzerland,"",,,1713987.45050049,8852.52475284555,202201050140
774,28757,83,0,0,Montreat,"",,,129672.114624023,2617.87913210505,202201050140
775,28772,272,2,1942,Rosman,"",1400.61791967044,14006.1791967044,577124059.134399,256613.212684218,202201050140
776,28774,149,3,1569,Sapphire,"",949.649458253665,9496.49458253665,1130246511.80005,224488.61951138,202201050140
777,28781,106,0,957,Topton,"",1107.62800417973,11076.2800417973,2402982140.90009,297913.620657843,202201050140
778,27969,6,0,0,Roduco,"",,,724387.010986328,3958.82496624679,202201050140
779,28253,,,0,Charlotte,Population <500 and Cases <5,,,133339.295837402,3050.2273713774,202201050140
780,28608,64,0,0,Boone,"",,,274774.708862305,3583.90419251761,202201050140
