OBJECTID,ZIPCode,Cases,Deaths,TotalPop,Place,Note,RatePer10K,RatePer100K,Shape__Area,Shape__Length,DataGatherTS
1,27006,4708,26,14872,Advance,"",3165.68047337278,31656.8047337278,1744189234.37061,355282.663136038,202302161840
2,27007,815,9,2136,Ararat,"",3815.54307116105,38155.4307116105,592499585.594238,195922.003442792,202302161840
3,27009,869,9,2937,Belews Creek,"",2958.80149812734,29588.0149812734,618093097.011353,191244.647442635,202302161840
4,27011,2156,22,5411,Boonville,"",3984.47606727038,39844.7606727037,1489580093.86462,316910.589814884,202302161840
5,27012,9963,96,28954,Clemmons,"",3440.97534019479,34409.7534019479,1176567385.86804,255774.303165276,202302161840
6,27013,2008,18,6495,Cleveland,"",3091.60892994611,30916.0892994611,2066336247.98627,379169.285246239,202302161840
7,27014,362,6,957,Cooleemee,"",3782.65412748171,37826.5412748171,21479098.032959,22299.1178929161,202302161840
8,27016,722,11,1682,Danbury,"",4292.50891795482,42925.0891795482,1068209590.0686,211061.413302457,202302161840
9,27017,3732,36,9499,Dobson,"",3928.83461416991,39288.3461416991,2962951682.04883,566348.974052303,202302161840
10,27018,2736,18,8221,East Bend,"",3328.06227952804,33280.6227952804,2331567909.96985,255811.974556888,202302161840
11,27019,1185,10,4234,Germanton,"",2798.77184695324,27987.7184695324,977414017.819214,270248.259734795,202302161840
12,27020,2324,16,6104,Hamptonville,"",3807.33944954128,38073.3944954128,2114111622.36755,316969.486887135,202302161840
13,27021,6645,99,17979,King,"",3695.97864174871,36959.7864174871,1469376476.14172,210392.900707099,202302161840
14,27022,431,4,1512,Lawsonville,"",2850.5291005291,28505.291005291,918745327.278442,200803.000966771,202302161840
15,27023,3940,21,12775,Lewisville,"",3084.14872798434,30841.4872798434,807172159.002075,183078.980128526,202302161840
16,27024,933,12,2683,Lowgap,"",3477.45061498323,34774.5061498323,1265827411.39758,278411.484773322,202302161840
17,27025,3219,53,11117,Madison,"",2895.56535036431,28955.6535036431,2714649364.33142,468723.596670607,202302161840
18,27027,1188,23,4017,Mayodan,"",2957.43091859597,29574.3091859597,548179131.574585,172371.363079245,202302161840
19,27028,9505,89,28039,Mocksville,"",3389.92118121188,33899.2118121188,5475621774.30664,567238.136149726,202302161840
20,27030,14428,242,37641,Mount Airy,"",3833.05438218963,38330.5438218963,4824085732.75671,624989.724929864,202302161840
21,27040,3894,23,13150,Pfafftown,"",2961.21673003802,29612.1673003802,763349953.536133,205025.773716105,202302161840
22,27041,2766,33,8020,Pilot Mountain,"",3448.87780548628,34488.7780548628,1629462738.40637,324677.141569035,202302161840
23,27042,207,3,720,Pine Hall,"",2875,28750,290758639.069458,113971.243586081,202302161840
24,27043,2160,19,6442,Pinnacle,"",3352.99596398634,33529.9596398634,1935795027.06067,395674.180712495,202302161840
25,27045,3569,26,9583,Rural Hall,"",3724.30345403318,37243.0345403318,666085549.25769,154538.589918543,202302161840
26,27046,551,8,1953,Sandy Ridge,"",2821.30056323605,28213.0056323605,1237681699.0647,217125.573744555,202302161840
27,27047,460,4,1279,Siloam,"",3596.5598123534,35965.598123534,576295820.815674,144984.839113672,202302161840
28,27048,2449,27,8902,Stoneville,"",2751.06717591552,27510.6717591552,2355000804.03674,325454.766660312,202302161840
29,27050,1304,15,4084,Tobaccoville,"",3192.94809010774,31929.4809010774,703876500.567505,219088.1792708,202302161840
30,27051,2745,25,8287,Walkertown,"",3312.41703873537,33124.1703873537,524680317.775635,151066.808563308,202302161840
31,27052,3339,46,10061,Walnut Cove,"",3318.75559089554,33187.5559089554,2710320219.82117,403203.611044297,202302161840
32,27053,878,9,3156,Westfield,"",2782.00253485425,27820.0253485425,2152815477.55933,413464.446930883,202302161840
33,27054,894,13,2608,Woodleaf,"",3427.91411042945,34279.1411042945,778193820.583862,201172.963339102,202302161840
34,27055,6151,64,14521,Yadkinville,"",4235.93416431375,42359.3416431375,3115987965.39453,403366.492297811,202302161840
35,27101,6697,66,24321,Winston Salem,"",2753.58743472719,27535.8743472719,356085731.400146,162957.922513792,202302161840
36,27103,11612,98,36071,Winston Salem,"",3219.20656483047,32192.0656483047,527249856.672729,146399.561156354,202302161840
37,27104,9179,71,29383,Winston Salem,"",3123.9151890549,31239.151890549,337669863.683838,130394.134288752,202302161840
38,27105,13241,91,40186,Winston Salem,"",3294.92858209327,32949.2858209327,950547784.577881,208375.813794777,202302161840
39,27106,14923,114,51378,Winston Salem,"",2904.55058585387,29045.5058585387,787324720.967285,203893.681115083,202302161840
40,27107,15861,123,52432,Winston Salem,"",3025.06103143119,30250.6103143119,1859279716.41162,319111.813640457,202302161840
41,27127,13129,62,38510,Winston Salem,"",3409.24435211633,34092.4435211633,820319160.873047,213438.375685158,202302161840
42,27157,213,1,5,Winston Salem,"",,,827769.094482422,4216.57245655308,202302161840
43,27203,7681,85,21876,Asheboro,"",3511.15377582739,35111.5377582739,589408161.410522,188062.356665824,202302161840
44,27205,10444,92,34549,Asheboro,"",3022.95290746476,30229.5290746476,6255653514.79199,588011.232518038,202302161840
45,27207,1060,5,3806,Bear Creek,"",2785.07619548082,27850.7619548082,2300194678.82397,473699.237818466,202302161840
46,27208,487,4,1691,Bennett,"",2879.95269071555,28799.5269071555,1029479783.1405,215638.108979383,202302161840
47,27209,1642,56,4151,Biscoe,"",3955.67333172729,39556.7333172729,1198089302.20734,259108.004034657,202302161840
48,27212,678,1,1600,Blanch,"",4237.5,42375,1328181375.12305,277007.399750669,202302161840
49,27214,3568,27,11747,Browns Summit,"",3037.3712437218,30373.712437218,1414533235.94788,324969.09283087,202302161840
50,27215,15737,160,44892,Burlington,"",3505.52436959815,35055.2436959815,1827823774.30115,298200.358945539,202302161840
51,27217,15295,176,39111,Burlington,"",3910.66451893329,39106.6451893329,3473433663.33496,513818.514768521,202302161840
52,27229,1393,25,4014,Candor,"",3470.35376183358,34703.5376183358,2747739848.89313,367384.611313313,202302161840
53,27231,546,2,2048,Cedar Grove,"",2666.015625,26660.15625,987771348.581177,209108.769362036,202302161840
54,27233,1002,10,3647,Climax,"",2747.46366876885,27474.6366876885,703252829.253662,187154.002103637,202302161840
55,27235,1445,16,4575,Colfax,"",3158.46994535519,31584.6994535519,380654027.583252,148521.339190304,202302161840
56,27239,2867,32,9629,Denton,"",2977.46391110188,29774.6391110188,4319759872.9696,429373.198159065,202302161840
57,27242,642,9,2668,Eagle Springs,"",2406.29685157421,24062.9685157421,1480408484.01825,321391.030328654,202302161840
58,27243,1234,6,4665,Efland,"",2645.23043944266,26452.3043944266,1142332751.10315,311755.144165645,202302161840
59,27244,6191,37,16259,Elon,"",3807.73725321361,38077.372532136,1541989025.453,399696.340130383,202302161840
60,27248,1332,15,4835,Franklinville,"",2754.91209927611,27549.1209927611,942909114.352783,215710.992817748,202302161840
61,27249,4181,34,13355,Gibsonville,"",3130.66267315612,31306.6267315612,1679803774.77087,397477.611919869,202302161840
62,27252,443,4,2264,Goldston,"",1956.71378091873,19567.1378091873,1142470673.17163,220926.147155477,202302161840
63,27253,11758,110,31464,Graham,"",3736.96923468091,37369.6923468091,2351372927.78931,521476.969804175,202302161840
64,27258,2382,17,7740,Haw River,"",3077.51937984496,30775.1937984496,473631125.268677,312686.877842212,202302161840
65,27260,7356,95,25696,High Point,"",2862.70236612702,28627.0236612702,348441568.963501,133229.878739789,202302161840
66,27262,6711,104,24764,High Point,"",2709.98223227265,27099.8223227265,368730084.700928,171087.864383377,202302161840
67,27263,6449,91,22320,High Point,"",2889.33691756272,28893.3691756272,1121512604.52234,249658.228757679,202302161840
68,27265,14866,117,50038,High Point,"",2970.94208401615,29709.4208401615,1172957282.41284,307481.490778656,202302161840
69,27268,543,0,1695,High Point,"",3203.53982300885,32035.3982300885,2495618.64758301,8251.66869064816,202302161840
70,27278,7731,35,27181,Hillsborough,"",2844.26621537103,28442.6621537103,2885765742.02771,502574.675043234,202302161840
71,27281,938,9,3710,Jackson Springs,"",2528.30188679245,25283.0188679245,2095606802.2608,479969.724586593,202302161840
72,27282,4698,51,16597,Jamestown,"",2830.63204193529,28306.3204193529,404066994.873657,168803.970950205,202302161840
73,27283,851,9,2982,Julian,"",2853.78940308518,28537.8940308518,711286368.914917,161239.518798817,202302161840
74,27284,17799,176,56201,Kernersville,"",3167.02549776694,31670.2549776694,2233069317.10205,420748.080109326,202302161840
75,27288,7446,99,23585,Eden,"",3157.09137163451,31570.9137163451,1951079100.05676,304615.616752016,202302161840
76,27291,416,4,1538,Leasburg,"",2704.81144343303,27048.1144343303,1492904663.44434,314720.3653191,202302161840
77,27292,13907,118,41465,Lexington,"",3353.91293862294,33539.1293862293,4270233445.18579,407599.915340798,202302161840
78,27295,13987,116,39191,Lexington,"",3568.93164246893,35689.3164246893,3631502180.53174,466742.919509857,202302161840
79,27298,3057,27,10440,Liberty,"",2928.16091954023,29281.6091954023,2639148530.03284,431527.987760386,202302161840
80,27299,2018,17,5254,Linwood,"",3840.88313665778,38408.8313665778,822543412.257813,203597.604040364,202302161840
81,27301,3444,33,10019,Mc Leansville,"",3437.4688092624,34374.688092624,900133716.655151,287107.537324028,202302161840
82,27302,10996,58,32302,Mebane,"",3404.12358367903,34041.2358367903,3198656461.27478,644303.594275321,202302161840
83,27305,433,4,1585,Milton,"",2731.86119873817,27318.6119873817,687167820.539429,263836.485514183,202302161840
84,27306,2143,26,5945,Mount Gilead,"",3604.70984020185,36047.0984020185,5305900334.83325,426306.558627535,202302161840
85,27310,2230,8,8562,Oak Ridge,"",2604.5316514833,26045.316514833,526240082.103149,140986.043049622,202302161840
86,27311,971,9,3220,Pelham,"",3015.52795031056,30155.2795031056,1338371966.32642,293760.993606137,202302161840
87,27312,5201,37,22205,Pittsboro,"",2342.26525557307,23422.6525557307,5005768374.64233,617961.777569282,202302161840
88,27313,1945,39,7288,Pleasant Garden,"",2668.77058177827,26687.7058177827,760352714.59021,181619.740165306,202302161840
89,27314,291,2,1138,Prospect Hill,"",2557.11775043937,25571.1775043937,773578280.842896,162162.976448062,202302161840
90,27315,463,2,2140,Providence,"",2163.55140186916,21635.5140186916,697810511.310425,179457.95829655,202302161840
91,27316,2092,29,7156,Ramseur,"",2923.42090553382,29234.2090553382,1975410509.03577,278228.393914437,202302161840
92,27317,5725,59,17851,Randleman,"",3207.10324351577,32071.0324351577,1700826686.43616,339539.515262609,202302161840
93,27320,11573,111,38894,Reidsville,"",2975.52321694863,29755.2321694863,6966725984.64832,658218.836963247,202302161840
94,27325,2105,22,7676,Robbins,"",2742.31370505472,27423.1370505472,2401051783.47894,409075.895347678,202302161840
95,27326,1087,6,3692,Ruffin,"",2944.2036836403,29442.036836403,1884156536.74561,359587.547530237,202302161840
96,27330,12931,109,39529,Sanford,"",3271.2691947684,32712.691947684,6011213414.18433,528161.840140258,202302161840
97,27332,10017,74,33549,Sanford,"",2985.78199052133,29857.8199052133,2996782209.29614,417113.1648361,202302161840
98,27341,1517,14,5820,Seagrove,"",2606.52920962199,26065.2920962199,2678433259.4787,311632.157547413,202302161840
99,27343,407,0,1840,Semora,"",2211.95652173913,22119.5652173913,1390260353.39624,348769.311430722,202302161840
100,27344,5831,53,19290,Siler City,"",3022.80974598237,30228.0974598237,4591228058.44531,607903.308882545,202302161840
101,27349,2068,12,5850,Snow Camp,"",3535.04273504273,35350.4273504274,1831279532.651,381750.490582419,202302161840
102,27350,2036,22,7508,Sophia,"",2711.77410761854,27117.7410761854,1066449848.573,204602.636460839,202302161840
103,27355,772,5,3196,Staley,"",2415.51939924906,24155.1939924906,1016358702.6969,245160.332752788,202302161840
104,27356,930,12,3513,Star,"",2647.30999146029,26473.0999146029,1815293543.21783,348288.379855761,202302161840
105,27357,2905,41,8325,Stokesdale,"",3489.48948948949,34894.8948948949,1273124268.28796,223115.118835702,202302161840
106,27358,3698,20,15960,Summerfield,"",2317.04260651629,23170.4260651629,1557557662.14905,323017.176053331,202302161840
107,27360,15165,152,48331,Thomasville,"",3137.73768388819,31377.3768388819,2458732404.91687,372395.85217249,202302161840
108,27370,4775,74,14622,Trinity,"",3265.62713719053,32656.2713719053,1663817222.16028,344702.900725307,202302161840
109,27371,2395,27,7778,Troy,"",3079.19773720751,30791.9773720751,4076136455.00793,473833.643450898,202302161840
110,27376,2987,33,9884,West End,"",3022.05584783488,30220.5584783488,1781050002.06519,320932.333330313,202302161840
111,27377,3784,18,9597,Whitsett,"",3942.89882254871,39428.9882254871,736936774.92627,183024.518653502,202302161840
112,27379,1640,27,6057,Yanceyville,"",2707.61102856199,27076.1102856199,2663338769.75159,422550.665080929,202302161840
113,27401,6381,58,20221,Greensboro,"",3155.63028534692,31556.3028534692,171748092.127686,100334.769337553,202302161840
114,27403,5013,37,21278,Greensboro,"",2355.95450700254,23559.5450700254,159396286.028687,87465.254538865,202302161840
115,27405,16282,116,52510,Greensboro,"",3100.74271567321,31007.4271567321,886695637.391357,284328.52642169,202302161840
116,27406,19041,211,60755,Greensboro,"",3134.06304007901,31340.6304007901,1894160074.00403,327705.317343954,202302161840
117,27407,14697,141,49837,Greensboro,"",2949.0137849389,29490.137849389,840498790.451172,227731.576408349,202302161840
118,27408,4476,21,17406,Greensboro,"",2571.52705963461,25715.2705963461,221403500.549561,80148.1616765213,202302161840
119,27409,5468,33,17953,Greensboro,"",3045.73051857628,30457.3051857628,603872824.646484,239783.02449594,202302161840
120,27410,14272,112,56968,Greensboro,"",2505.26611430979,25052.6611430979,859363574.914917,272309.563854046,202302161840
121,27455,8192,98,29197,Greensboro,"",2805.76771586122,28057.6771586122,816075696.678345,198282.860420202,202302161840
122,27501,7431,43,21338,Angier,"",3482.51944887056,34825.1944887056,1683348454.90833,329143.189780915,202302161840
123,27502,13414,22,43747,Apex,"",3066.26740119322,30662.6740119322,840126405.51062,242725.298081049,202302161840
124,27503,954,3,7222,Bahama,"",1320.96372196068,13209.6372196068,1054708975.44934,246183.053747647,202302161840
125,27504,6756,47,16320,Benson,"",4139.70588235294,41397.0588235294,2584462015.08862,486262.181304732,202302161840
126,27505,2137,22,7308,Broadway,"",2924.19266557198,29241.9266557198,1509842573.20557,320128.84050568,202302161840
127,27507,474,3,2053,Bullock,"",2308.81636629323,23088.1636629323,1354883649.98218,266873.357504052,202302161840
128,27508,795,2,2340,Bunn,"",3397.4358974359,33974.358974359,312599782.273071,114289.902416244,202302161840
129,27509,3730,47,6935,Butner,"",5378.51478010094,53785.1478010094,507253453.414795,156294.942704551,202302161840
130,27510,3553,10,14543,Carrboro,"",2443.09977308671,24430.9977308671,88705554.5671387,57867.6032694508,202302161840
131,27511,8960,47,34041,Cary,"",2632.12009047913,26321.2009047913,333520579.048462,98702.6527265332,202302161840
132,27513,11861,38,49003,Cary,"",2420.46405322123,24204.6405322123,474399121.186279,162336.294574525,202302161840
133,27514,8216,31,32847,Chapel Hill,"",2501.29387767528,25012.9387767528,579057212.663452,190879.985276748,202302161840
134,27516,10246,24,44117,Chapel Hill,"",2322.46072942403,23224.6072942403,2564236091.9281,438904.079251582,202302161840
135,27517,6466,32,28831,Chapel Hill,"",2242.72484478513,22427.2484478513,1520140847.99951,299162.993678502,202302161840
136,27518,5960,26,22765,Cary,"",2618.05403030969,26180.5403030969,262665807.612671,130741.025823352,202302161840
137,27519,16708,26,59960,Cary,"",2786.52434956638,27865.2434956638,609072010.422363,166930.324843009,202302161840
138,27520,17376,121,43958,Clayton,"",3952.86409754766,39528.6409754766,1962402119.35425,374945.851452288,202302161840
139,27521,2313,19,7149,Coats,"",3235.41754091481,32354.1754091481,721041350.168091,174373.299688565,202302161840
140,27522,4523,15,13652,Creedmoor,"",3313.06768239086,33130.6768239086,2172960809.67273,361578.814896965,202302161840
141,27523,5050,5,12782,Apex,"",3950.86840869973,39508.6840869973,1210964088.06177,294058.887697932,202302161840
142,27524,4900,43,13532,Four Oaks,"",3621.04640851315,36210.4640851315,3831785222.9375,530912.577014992,202302161840
143,27525,6742,13,15534,Franklinton,"",4340.15707480366,43401.5707480366,2660281050.9928,421324.476104612,202302161840
144,27526,19588,88,54027,Fuquay Varina,"",3625.59461010236,36255.9461010236,2787678657.25134,460586.982042285,202302161840
145,27527,12019,31,30234,Clayton,"",3975.32579215453,39753.2579215453,1261348608.45837,213730.175971786,202302161840
146,27529,20081,120,53854,Garner,"",3728.78523415159,37287.852341516,1666161335.17407,336033.618547781,202302161840
147,27530,12853,139,40212,Goldsboro,"",3196.30955933552,31963.0955933552,2920081393.96802,465673.796837526,202302161840
148,27531,107,0,666,Goldsboro,"",1606.60660660661,16066.0660660661,123956304.007813,71472.4653387502,202302161840
149,27534,11245,132,31819,Goldsboro,"",3534.05198152048,35340.5198152048,1995982542.31616,394454.137280507,202302161840
150,27536,6218,67,16459,Henderson,"",3777.87228871742,37778.7228871742,359552678.037964,148817.062353839,202302161840
151,27537,8224,59,25321,Henderson,"",3247.89700248805,32478.9700248805,5545289733.50195,795404.906342347,202302161840
152,27539,7657,15,26567,Apex,"",2882.14702450408,28821.4702450408,805959451.628174,335082.894750928,202302161840
153,27540,14767,23,39075,Holly Springs,"",3779.14267434421,37791.4267434421,1299006108.57275,339054.617126206,202302161840
154,27541,1151,6,4044,Hurdle Mills,"",2846.1918892186,28461.918892186,1979862536.66309,328579.598479954,202302161840
155,27542,3006,32,10043,Kenly,"",2993.12954296525,29931.2954296525,2499059670.1123,366253.348192187,202302161840
156,27544,1366,7,4291,Kittrell,"",3183.40713120485,31834.0713120485,1645813165.28467,322022.503716068,202302161840
157,27545,13057,53,30327,Knightdale,"",4305.40442509975,43054.0442509975,885541868.759766,219250.012614228,202302161840
158,27546,7750,113,22436,Lillington,"",3454.26992333749,34542.6992333749,3433026188.83105,510775.88711738,202302161840
159,27549,8277,54,25224,Louisburg,"",3281.3986679353,32813.986679353,6636124442.18066,817297.028533168,202302161840
160,27551,518,4,2205,Macon,"",2349.20634920635,23492.0634920635,2443966870.98499,402849.299843211,202302161840
161,27553,943,2,2030,Manson,"",4645.32019704434,46453.2019704433,1245206626.07959,217969.561788749,202302161840
162,27556,76,1,298,Middleburg,"",2550.3355704698,25503.355704698,67850312.0914307,63490.7222823736,202302161840
163,27557,2932,23,9214,Middlesex,"",3182.11417408292,31821.1417408292,2046463550.40088,338861.342265205,202302161840
164,27559,578,2,2874,Moncure,"",2011.13430758525,20111.3430758525,1458825370.29968,366837.077035256,202302161840
165,27560,10592,20,33691,Morrisville,"",3143.86631444599,31438.6631444599,794384947.373291,268297.11970144,202302161840
166,27562,1341,2,2791,New Hill,"",4804.72948763884,48047.2948763884,1862081556.93738,349507.762295745,202302161840
167,27563,1549,15,5312,Norlina,"",2916.03915662651,29160.3915662651,1943381370.69177,412640.540954252,202302161840
168,27565,8328,69,26057,Oxford,"",3196.07015389339,31960.7015389339,9219811779.9552,826827.222809143,202302161840
169,27569,2960,18,8984,Princeton,"",3294.74621549421,32947.4621549421,2107084820.73511,313917.550563748,202302161840
170,27571,3633,5,7385,Rolesville,"",4919.43127962085,49194.3127962085,149121249.193359,94251.9264704589,202302161840
171,27572,1800,8,7316,Rougemont,"",2460.3608529251,24603.608529251,3003228111.9873,397658.617230022,202302161840
172,27573,4017,65,11561,Roxboro,"",3474.61292275755,34746.1292275755,501787874.430542,219611.309648668,202302161840
173,27574,4085,29,15232,Roxboro,"",2681.85399159664,26818.5399159664,5527133817.3114,691755.452465681,202302161840
174,27576,6449,51,20197,Selma,"",3193.04847254543,31930.4847254543,2407427117.65723,339571.106645256,202302161840
175,27577,9996,91,25214,Smithfield,"",3964.46418656302,39644.6418656302,2877290650.99841,416726.966278934,202302161840
176,27581,1196,3,3956,Stem,"",3023.25581395349,30232.5581395349,1038615853.81189,246789.101888964,202302161840
177,27583,2228,15,7012,Timberlake,"",3177.41015402168,31774.1015402168,1327957318.65857,326956.719649922,202302161840
178,27587,31553,93,74087,Wake Forest,"",4258.91181988743,42589.1181988743,3132804734.81897,700749.84181148,202302161840
179,27589,2496,23,8312,Warrenton,"",3002.88739172281,30028.8739172281,4790731000.68542,626837.217934377,202302161840
180,27591,10058,47,23448,Wendell,"",4289.49164107813,42894.9164107813,1913446220.02844,380727.392057269,202302161840
181,27592,6013,19,17368,Willow Spring,"",3462.11423307232,34621.1423307232,1090932847.86865,312475.180771682,202302161840
182,27596,7737,17,18655,Youngsville,"",4147.41356204771,41474.1356204771,1519151285.28821,344366.073155402,202302161840
183,27597,11605,46,25494,Zebulon,"",4552.05146308935,45520.5146308935,3191967656.80884,568385.679042478,202302161840
184,27601,3608,8,12139,Raleigh,"",2972.23824038224,29722.3824038224,49970514.2080078,41226.7428180514,202302161840
185,27603,19431,70,55479,Raleigh,"",3502.40631590331,35024.0631590331,1420350588.63403,346107.072534997,202302161840
186,27604,16160,77,47645,Raleigh,"",3391.75149543499,33917.5149543499,550434833.049927,194088.121184431,202302161840
187,27605,2013,19,5253,Raleigh,"",3832.09594517419,38320.9594517419,26954475.7900391,26465.2700663817,202302161840
188,27606,14629,32,47938,Raleigh,"",3051.65004797864,30516.5004797864,750229681.939209,267151.497057326,202302161840
189,27607,7681,23,30296,Raleigh,"",2535.31819382097,25353.1819382097,519162282.902344,200611.380547666,202302161840
190,27608,3667,8,11603,Raleigh,"",3160.38955442558,31603.8955442558,91889809.9622803,55583.7467967219,202302161840
191,27609,12137,48,38631,Raleigh,"",3141.77732908804,31417.7732908804,310136046.756592,95880.1630267631,202302161840
192,27610,30868,142,74203,Raleigh,"",4159.93962508254,41599.3962508254,1211166911.84558,327751.489063643,202302161840
193,27612,12609,57,39208,Raleigh,"",3215.92532136299,32159.2532136299,428868509.332275,164483.082879678,202302161840
194,27613,13905,26,46521,Raleigh,"",2988.97272199652,29889.7272199652,675406849.409912,184431.643996557,202302161840
195,27614,11571,31,37689,Raleigh,"",3070.12656212688,30701.2656212688,829063194.918701,218912.319813944,202302161840
196,27615,13995,77,46038,Raleigh,"",3039.88009904861,30398.8009904861,525952454.993774,134192.839940925,202302161840
197,27616,22373,62,55260,Raleigh,"",4048.67897213174,40486.7897213174,646426991.218628,201092.505637391,202302161840
198,27617,6703,7,19511,Raleigh,"",3435.49792424786,34354.9792424786,230483847.672241,125016.743498848,202302161840
199,27701,8219,28,26489,Durham,"",3102.79738759485,31027.9738759485,147212202.097778,89264.6755119976,202302161840
200,27703,20732,59,61351,Durham,"",3379.24402210233,33792.4402210233,1376809528.09961,349864.156739062,202302161840
201,27704,14285,72,39369,Durham,"",3628.48942061012,36284.8942061012,1307759376.10449,279407.953507315,202302161840
202,27705,14907,106,48078,Durham,"",3100.58654686135,31005.8654686135,1155101566.94189,288440.086812307,202302161840
203,27707,15244,32,47036,Durham,"",3240.92184709584,32409.2184709584,551326002.510864,228660.826032165,202302161840
204,27708,1363,0,4635,Durham,"",2940.66882416397,29406.6882416397,24140532.868042,39624.2440738689,202302161840
205,27709,1340,1,4,Durham,"",,,166810196.870483,93465.8554704914,202302161840
206,27710,25,0,0,Durham,"",,,3645590.83996582,9509.2112718363,202302161840
207,27712,6742,39,22055,Durham,"",3056.90319655407,30569.0319655407,952678558.948486,239427.124284806,202302161840
208,27713,16106,51,53996,Durham,"",2982.81354174383,29828.1354174383,1004016276.63342,186930.768828538,202302161840
209,27801,6426,44,21556,Rocky Mount,"",2981.07255520505,29810.7255520505,1947625744.14368,298032.749540483,202302161840
210,27803,6499,62,22337,Rocky Mount,"",2909.5223172315,29095.223172315,1209689022.16736,314786.382274833,202302161840
211,27804,9929,150,29160,Rocky Mount,"",3405.00685871056,34050.0685871056,1207912397.80139,237805.719395059,202302161840
212,27805,769,6,3769,Aulander,"",2040.32899973468,20403.2899973468,3260348789.01416,427031.578041759,202302161840
213,27806,536,5,2441,Aurora,"",2195.82138467841,21958.2138467841,3806890944.80762,575449.481817414,202302161840
214,27807,2548,19,6940,Bailey,"",3671.46974063401,36714.6974063401,1393278091.89233,266050.599193056,202302161840
215,27808,710,9,2481,Bath,"",2861.74929463926,28617.4929463926,1375581489.5946,320371.987641635,202302161840
216,27809,1395,14,5254,Battleboro,"",2655.11990864104,26551.1990864104,2127311815.53979,418206.140952668,202302161840
217,27812,784,3,2951,Bethel,"",2656.72653337852,26567.2653337852,1796512894.90283,307599.92172387,202302161840
218,27813,261,2,687,Black Creek,"",3799.12663755459,37991.2663755458,17954681.8726807,21851.3845296183,202302161840
219,27814,464,8,1801,Blounts Creek,"",2576.34647418101,25763.4647418101,2084052221.88855,349050.345630614,202302161840
220,27816,727,6,2634,Castalia,"",2760.06074411541,27600.6074411541,1727056405.90051,269780.663460197,202302161840
221,27817,2541,18,7777,Chocowinity,"",3267.32673267327,32673.2673267327,3011254799.10022,441922.251479678,202302161840
222,27818,292,1,1269,Como,"",2301.024428684,23010.24428684,1775223218.97412,291672.91933713,202302161840
223,27820,663,12,3292,Conway,"",2013.97326852977,20139.7326852977,1787180209.86865,300570.413456991,202302161840
224,27822,2783,34,9119,Elm City,"",3051.8697225573,30518.697225573,2421416079.34338,500329.938801195,202302161840
225,27823,2461,16,7812,Enfield,"",3150.28161802355,31502.8161802355,5279947738.18738,591795.38238411,202302161840
226,27827,76,0,99,Falkland,"",7676.76767676768,76767.6767676768,6818760.54968262,12365.1347191574,202302161840
227,27828,3134,17,9031,Farmville,"",3470.26907319234,34702.6907319234,1954373169.79175,304535.643741104,202302161840
228,27829,554,4,1872,Fountain,"",2959.40170940171,29594.0170940171,1242859232.87109,276952.810668189,202302161840
229,27830,1314,15,4858,Fremont,"",2704.81679703582,27048.1679703582,1661392631.86707,301522.072838785,202302161840
230,27831,1130,13,3588,Garysburg,"",3149.38684503902,31493.8684503902,1733783751.73071,369102.732751728,202302161840
231,27832,1060,12,2912,Gaston,"",3640.10989010989,36401.0989010989,1029571544.94922,217897.088475999,202302161840
232,27834,21431,106,57505,Greenville,"",3726.80636466394,37268.0636466394,5082356628.8689,890421.476518531,202302161840
233,27837,2239,14,6506,Grimesland,"",3441.43867199508,34414.3867199508,1710764546.60681,462288.004070908,202302161840
234,27839,966,7,3702,Halifax,"",2609.40032414911,26094.0032414911,3728459644.54443,454921.143892168,202302161840
235,27840,122,4,535,Hamilton,"",2280.3738317757,22803.738317757,127567387.286499,59155.8177418193,202302161840
236,27842,271,1,1436,Henrico,"",1887.18662952646,18871.8662952646,414285932.678223,116849.514846702,202302161840
237,27843,343,4,946,Hobgood,"",3625.79281183932,36257.9281183932,1458584246.23853,232329.162988765,202302161840
238,27844,1162,10,3039,Hollister,"",3823.62619282659,38236.2619282659,1251113401.94934,274076.283965929,202302161840
239,27845,555,14,2841,Jackson,"",1953.53748680042,19535.3748680042,2842001076.66528,416912.567186113,202302161840
240,27846,975,11,3069,Jamesville,"",3176.93059628544,31769.3059628543,3050744149.28796,442133.927899832,202302161840
241,27847,195,1,1071,Kelford,"",1820.72829131653,18207.2829131653,1048559305.60547,265580.578438826,202302161840
242,27849,377,4,1483,Lewiston Woodville,"",2542.14430209036,25421.4430209036,2062202839.65674,367759.436044124,202302161840
243,27850,1773,12,7413,Littleton,"",2391.74423310401,23917.4423310401,5554617534.52942,570792.398502674,202302161840
244,27851,1628,22,5595,Lucama,"",2909.74084003575,29097.4084003575,1253082833.57764,200836.347936783,202302161840
245,27852,906,8,3454,Macclesfield,"",2623.04574406485,26230.4574406485,1418996205.83582,268041.951522527,202302161840
246,27853,114,2,436,Margarettsville,"",2614.67889908257,26146.7889908257,1061331085.73535,233986.055045062,202302161840
247,27855,1483,10,6105,Murfreesboro,"",2429.15642915643,24291.5642915643,1379257056.24951,246550.621363096,202302161840
248,27856,6071,63,17301,Nashville,"",3509.04571990058,35090.4571990058,3696764195.94336,508647.139191862,202302161840
249,27857,361,10,1601,Oak City,"",2254.84072454716,22548.4072454716,2180191629.70935,354763.313675516,202302161840
250,27858,19562,51,58170,Greenville,"",3362.90183943614,33629.0183943614,1683129152.90881,395293.630437,202302161840
251,27860,611,6,2062,Pantego,"",2963.1425800194,29631.425800194,4384086912.80859,475177.331131482,202302161840
252,27862,170,4,945,Pendleton,"",1798.9417989418,17989.417989418,1337735767.81812,305131.144563485,202302161840
253,27863,4176,42,12670,Pikeville,"",3295.97474348856,32959.7474348856,1822358483.62146,414140.550515842,202302161840
254,27864,1603,13,4823,Pinetops,"",3323.65747460087,33236.5747460087,1058515929.69434,223861.53375515,202302161840
255,27865,686,12,2003,Pinetown,"",3424.86270594109,34248.6270594109,3183419700.15735,407140.115990912,202302161840
256,27866,255,3,672,Pleasant Hill,"",3794.64285714286,37946.4285714286,548856343.547363,183824.668332886,202302161840
257,27869,735,22,2167,Rich Square,"",3391.78587909552,33917.8587909552,2314340977.34839,283794.508144883,202302161840
258,27870,10216,116,26633,Roanoke Rapids,"",3835.84275147374,38358.4275147374,1958976214.39966,237465.130853914,202302161840
259,27871,1371,16,4466,Robersonville,"",3069.86117330945,30698.6117330945,2640265625.23401,370404.169208956,202302161840
260,27874,1381,21,4766,Scotland Neck,"",2897.60805707092,28976.0805707092,3988089594.78687,425091.541566969,202302161840
261,27876,381,5,1290,Seaboard,"",2953.48837209302,29534.8837209302,1161065802.28784,286123.221519332,202302161840
262,27880,1079,2,3280,Sims,"",3289.63414634146,32896.3414634146,661768421.449585,178936.521495753,202302161840
263,27882,2666,24,7927,Spring Hope,"",3363.18910054245,33631.8910054245,2721376125.90833,404465.358087667,202302161840
264,27883,1116,13,4361,Stantonsburg,"",2559.04609034625,25590.4609034625,2149873597.18677,378850.12800901,202302161840
265,27884,477,1,1545,Stokes,"",3087.3786407767,30873.786407767,1118165618.53992,178810.199825373,202302161840
266,27885,499,5,859,Swanquarter,"",5809.08032596042,58090.8032596042,3236637890.30994,778832.459471454,202302161840
267,27886,7228,98,21595,Tarboro,"",3347.07108126881,33470.7108126881,5534275751.92761,530150.851444627,202302161840
268,27888,801,2,2803,Walstonburg,"",2857.65251516233,28576.5251516233,1661899290.0293,260588.447365408,202302161840
269,27889,10447,118,27543,Washington,"",3792.97825218749,37929.7825218749,4746901259.41052,624948.845007957,202302161840
270,27890,907,22,2398,Weldon,"",3782.31859883236,37823.1859883236,250295126.203369,88214.5142201126,202302161840
271,27891,1532,15,5011,Whitakers,"",3057.27399720615,30572.7399720615,3802342458.24487,551887.618669608,202302161840
272,27892,4825,58,14363,Williamston,"",3359.32604609065,33593.2604609065,4740161664.64209,528153.604658044,202302161840
273,27893,13265,213,40647,Wilson,"",3263.46347823948,32634.6347823948,3134674028.43115,441390.734015219,202302161840
274,27896,7160,62,21212,Wilson,"",3375.44785970206,33754.4785970206,1013992738.34033,260787.736893696,202302161840
275,27897,380,1,2467,Woodland,"",1540.3323875152,15403.323875152,1262848506.99878,250563.523857377,202302161840
276,27909,10271,134,40958,Elizabeth City,"",2507.6908052151,25076.908052151,6356628470.42627,720925.199090357,202302161840
277,27910,3577,75,11609,Ahoskie,"",3081.23008011026,30812.3008011026,3854004911.8667,558805.248838311,202302161840
278,27915,240,1,758,Avon,"",3166.22691292876,31662.2691292876,132797325.68457,159985.858445685,202302161840
279,27916,220,1,554,Aydlett,"",3971.11913357401,39711.1913357401,175446906.710938,88834.9392660151,202302161840
280,27917,306,8,1084,Barco,"",2822.87822878229,28228.7822878229,583346697.773926,150643.300800981,202302161840
281,27922,255,5,1107,Cofield,"",2303.52303523035,23035.2303523035,1372106941.59424,230585.938382193,202302161840
282,27924,838,8,3509,Colerain,"",2388.14477058991,23881.4477058991,2545571117.46045,325068.518729582,202302161840
283,27925,1176,8,4164,Columbia,"",2824.20749279539,28242.0749279539,9421043776.67224,822613.133571787,202302161840
284,27926,296,1,1965,Corapeake,"",1506.36132315522,15063.6132315522,1084179276.0813,176947.978129327,202302161840
285,27927,222,0,613,Corolla,"",3621.53344208809,36215.3344208809,685869287.21875,1266393.74615983,202302161840
286,27928,544,9,1888,Creswell,"",2881.35593220339,28813.5593220339,3736346955.86023,344143.792077435,202302161840
287,27929,327,3,1949,Currituck,"",1677.78347870703,16777.8347870703,352573124.774658,146317.944454099,202302161840
288,27932,4673,57,12644,Edenton,"",3695.82410629548,36958.2410629548,3509551689.6084,391797.495792958,202302161840
289,27935,378,3,1674,Eure,"",2258.06451612903,22580.6451612903,1443577833.21069,213483.780281898,202302161840
290,27937,779,8,4253,Gates,"",1831.64824829532,18316.4824829532,2407949124.70361,290137.740864669,202302161840
291,27938,432,11,1430,Gatesville,"",3020.97902097902,30209.7902097902,1202645918.03784,229961.178585235,202302161840
292,27942,175,2,936,Harrellsville,"",1869.65811965812,18696.5811965812,927451831.666504,150762.800286803,202302161840
293,27944,3171,21,12230,Hertford,"",2592.80457890433,25928.0457890433,5013940953.42065,828274.577378666,202302161840
294,27946,290,0,1089,Hobbsville,"",2662.99357208448,26629.9357208448,1234977495.96777,250163.996071758,202302161840
295,27948,3273,10,12518,Kill Devil Hills,"",2614.63492570698,26146.3492570698,288939959.776123,266090.270790261,202302161840
296,27949,2125,6,7235,Kitty Hawk,"",2937.11126468556,29371.1126468556,426732703.740967,296487.58160632,202302161840
297,27950,284,0,2183,Knotts Island,"",1300.96197892808,13009.6197892808,1009906812.90234,393684.159837613,202302161840
298,27957,401,11,1419,Merry Hill,"",2825.93375616631,28259.3375616631,1345289022.66797,219570.3989813,202302161840
299,27958,2688,14,12061,Moyock,"",2228.67092280905,22286.7092280905,2191273226.67993,258895.732965411,202302161840
300,27959,817,2,2451,Nags Head,"",3333.33333333333,33333.3333333333,464337538.219238,468359.824712584,202302161840
301,27962,2332,33,7439,Plymouth,"",3134.82995026213,31348.2995026213,2248894843.11377,323982.42240407,202302161840
302,27966,306,0,1473,Powells Point,"",2077.39307535642,20773.9307535642,310362212.773438,140593.315765635,202302161840
303,27968,115,0,413,Rodanthe,"",2784.50363196126,27845.0363196126,255307311.38855,376970.397727618,202302161840
304,27970,992,13,3214,Roper,"",3086.49657747355,30864.9657747355,3979984913.95898,386215.845703473,202302161840
305,27976,800,2,3561,South Mills,"",2246.5599550688,22465.599550688,2739484648.62012,348819.066033239,202302161840
306,27979,291,0,1813,Sunbury,"",1605.07446221732,16050.7446221732,2196378526.26221,272849.595585558,202302161840
307,27982,21,0,0,Waves,"",,,5381164.09509277,11228.317119066,202302161840
308,27983,2816,47,10633,Windsor,"",2648.3588827236,26483.588827236,9431469996.22351,861662.756904588,202302161840
309,27986,426,4,2650,Winton,"",1607.54716981132,16075.4716981132,374234308.870117,153016.850399202,202302161840
310,28001,10756,186,28360,Albemarle,"",3792.66572637518,37926.6572637518,3791255242.38873,479491.354130006,202302161840
311,28006,392,5,1136,Alexis,"",3450.70422535211,34507.0422535211,126883649.701416,88485.0702727942,202302161840
312,28012,8795,68,24276,Belmont,"",3622.91975613775,36229.1975613775,865729022.118042,170607.84187697,202302161840
313,28016,4796,51,14526,Bessemer City,"",3301.6659782459,33016.659782459,1271825919.55414,236943.686135101,202302161840
314,28018,1810,40,5943,Bostic,"",3045.59986538785,30455.9986538785,2694770404.83051,433562.153950885,202302161840
315,28020,813,9,2464,Casar,"",3299.51298701299,32995.1298701299,1475633951.64899,260515.821792163,202302161840
316,28021,4610,81,13436,Cherryville,"",3431.08067877344,34310.8067877344,1626380587.60425,391038.422631114,202302161840
317,28023,5020,65,14843,China Grove,"",3382.06562015765,33820.6562015765,1273875684.14087,277795.952246167,202302161840
318,28025,18714,171,55325,Concord,"",3382.55761409851,33825.5761409851,2992149162.05573,466210.816136512,202302161840
319,28027,23906,159,74072,Concord,"",3227.40036721028,32274.0036721028,1903468707.60345,332965.289746402,202302161840
320,28031,8903,45,31049,Cornelius,"",2867.40313697704,28674.0313697704,672168572.25116,151594.592125485,202302161840
321,28032,1193,7,3249,Cramerton,"",3671.89904586026,36718.9904586026,59161626.1264038,51515.5503878613,202302161840
322,28033,1149,10,3362,Crouse,"",3417.60856632957,34176.0856632957,509703222.739563,189532.085619349,202302161840
323,28034,7242,77,17859,Dallas,"",4055.09826977994,40550.9826977994,1273410668.68243,215322.291269956,202302161840
324,28036,5779,27,18554,Davidson,"",3114.69224964967,31146.9224964967,669928559.48645,197029.79366816,202302161840
325,28037,8197,33,23834,Denver,"",3439.20449777629,34392.0449777629,1521729514.62848,312689.389421742,202302161840
326,28039,152,4,428,East Spencer,"",3551.40186915888,35514.0186915888,13759835.5942383,34526.6128305972,202302161840
327,28040,2415,33,8270,Ellenboro,"",2920.19347037485,29201.9347037485,1773879551.02985,348064.117544276,202302161840
328,28043,7109,153,21472,Forest City,"",3310.82339791356,33108.2339791356,1816346053.52002,348394.442075552,202302161840
329,28052,12981,178,36823,Gastonia,"",3525.24237568911,35252.4237568911,1165429048.27631,189783.469072904,202302161840
330,28054,14247,183,40184,Gastonia,"",3545.44097153096,35454.4097153096,562652947.772949,139549.083675328,202302161840
331,28056,12176,109,35595,Gastonia,"",3420.70515521843,34207.0515521843,1342394953.02258,344787.60681341,202302161840
332,28071,1064,9,3198,Gold Hill,"",3327.0794246404,33270.794246404,1345839018.92865,236923.074375116,202302161840
333,28073,1965,23,5606,Grover,"",3505.17302889761,35051.7302889761,702973243.533203,143952.911566798,202302161840
334,28075,6625,43,19174,Harrisburg,"",3455.199749661,34551.99749661,656107496.741638,238150.023406484,202302161840
335,28078,20574,99,66079,Huntersville,"",3113.54590717172,31135.4590717172,1870251820.14679,316647.648839996,202302161840
336,28079,13469,70,39813,Indian Trail,"",3383.06583276819,33830.6583276819,1221176124.08392,283660.370334182,202302161840
337,28080,2723,15,8157,Iron Station,"",3338.23709697193,33382.3709697193,1095921164.38501,240845.709042299,202302161840
338,28081,9445,88,28249,Kannapolis,"",3343.4811851747,33434.811851747,862858421.935425,200259.108957382,202302161840
339,28083,8894,99,25877,Kannapolis,"",3437.02902191135,34370.2902191135,582493569.448059,145983.725103448,202302161840
340,28086,10214,108,26988,Kings Mountain,"",3784.64502741959,37846.4502741959,2467878462.36133,329807.139806484,202302161840
341,28088,1192,10,3059,Landis,"",3896.69826740765,38966.9826740765,72787169.9580688,52885.3256566675,202302161840
342,28090,2542,42,8506,Lawndale,"",2988.47872090289,29884.7872090289,2661358061.4715,458218.963524001,202302161840
343,28091,707,6,2353,Lilesville,"",3004.67488312792,30046.7488312792,2694411423.45477,313074.926269122,202302161840
344,28092,14914,118,40052,Lincolnton,"",3723.65924298412,37236.5924298412,3216596915.74634,535483.341451104,202302161840
345,28097,2482,16,6124,Locust,"",4052.90659699543,40529.0659699543,836579136.406799,181830.474266294,202302161840
346,28098,1322,10,4010,Lowell,"",3296.75810473815,32967.5810473815,99103128.4535522,49283.194148661,202302161840
347,28103,3760,51,11346,Marshville,"",3313.94323990834,33139.4323990834,4253866560.83563,449440.107851782,202302161840
348,28104,10470,37,32469,Matthews,"",3224.61424743602,32246.1424743602,824578845.587585,325979.692599077,202302161840
349,28105,14114,116,45346,Matthews,"",3112.51268028051,31125.1268028051,668165195.784729,278013.840820393,202302161840
350,28107,3066,22,8210,Midland,"",3734.47015834348,37344.7015834348,1388640520.38739,250943.513182056,202302161840
351,28110,19002,152,55536,Monroe,"",3421.56439066551,34215.6439066551,3676478383.48267,422255.233862207,202302161840
352,28112,9848,110,28060,Monroe,"",3509.6222380613,35096.222380613,3713382117.46545,318461.97727687,202302161840
353,28114,2401,22,9034,Mooresboro,"",2657.73743635156,26577.3743635156,1900066101.23077,346437.871140422,202302161840
354,28115,13847,105,41536,Mooresville,"",3333.73459167951,33337.3459167951,2057262512.61176,327151.756863337,202302161840
355,28117,14896,54,47608,Mooresville,"",3128.88590152915,31288.8590152915,1555969690.69189,234425.757349855,202302161840
356,28119,919,14,3034,Morven,"",3029.00461437047,30290.0461437047,1970357677.74512,298425.64822689,202302161840
357,28120,8217,83,24318,Mount Holly,"",3378.97853441895,33789.7853441895,1001654680.08618,272689.093586748,202302161840
358,28124,2232,23,7015,Mount Pleasant,"",3181.75338560228,31817.5338560228,1620148303.23315,301866.136666845,202302161840
359,28125,751,5,2657,Mount Ulla,"",2826.49604817463,28264.9604817463,1169162879.13867,198953.955252748,202302161840
360,28127,2757,24,7631,New London,"",3612.89477132748,36128.9477132748,2159940152.89789,468250.659328753,202302161840
361,28128,2663,26,8098,Norwood,"",3288.46628797234,32884.6628797234,2054286113.35083,282114.674844028,202302161840
362,28129,2018,17,6031,Oakboro,"",3346.045431935,33460.45431935,1226619926.53345,219035.034364981,202302161840
363,28133,893,7,2713,Peachland,"",3291.55915960192,32915.5915960192,2384968915.9574,421295.337069002,202302161840
364,28134,4060,44,11817,Pineville,"",3435.72818820344,34357.2818820344,248618254.324951,88085.4538299006,202302161840
365,28135,1504,16,5968,Polkton,"",2520.1072386059,25201.072386059,2916374106.84241,475980.429437205,202302161840
366,28137,1030,7,3843,Richfield,"",2680.19776216498,26801.9776216498,1223676252.05975,291589.496037827,202302161840
367,28138,3679,56,11659,Rockwell,"",3155.50218715156,31555.0218715156,1278406256.12445,357387.534646104,202302161840
368,28139,6315,154,20134,Rutherfordton,"",3136.4855468362,31364.855468362,5078697342.95056,674832.691106947,202302161840
369,28144,9693,115,25846,Salisbury,"",3750.29018029869,37502.9018029869,867982991.287292,279505.654446658,202302161840
370,28146,10243,101,30382,Salisbury,"",3371.40412086104,33714.0412086104,3012969418.7887,452196.720325258,202302161840
371,28147,9860,132,26204,Salisbury,"",3762.78430773928,37627.8430773928,2146390330.37,312495.471896358,202302161840
372,28150,10249,152,29296,Shelby,"",3498.42981977062,34984.2981977062,3159764942.52783,579453.815714685,202302161840
373,28152,8848,99,26078,Shelby,"",3392.89822839175,33928.9822839175,2247420971.2251,304211.560780764,202302161840
374,28159,1285,30,3126,Spencer,"",4110.6845809341,41106.845809341,51886096.1330566,42602.5220628392,202302161840
375,28160,1423,21,4015,Spindale,"",3544.20921544209,35442.0921544209,170326604.450989,70799.3749654705,202302161840
376,28163,1760,11,5814,Stanfield,"",3027.17578259374,30271.7578259374,970276414.142883,191731.821086023,202302161840
377,28164,5175,87,15447,Stanley,"",3350.16508059817,33501.6508059817,1144736813.58362,324856.854746788,202302161840
378,28166,3385,34,9868,Troutman,"",3430.27969193352,34302.7969193352,911716953.816406,217041.310552797,202302161840
379,28167,698,8,2418,Union Mills,"",2886.68320926385,28866.8320926385,1934997992.23633,347927.953502144,202302161840
380,28168,3728,35,10437,Vale,"",3571.90763629395,35719.0763629395,2469130589.68384,340004.345415379,202302161840
381,28170,4252,67,12494,Wadesboro,"",3403.23355210501,34032.3355210501,5053183842.2157,655726.472285972,202302161840
382,28173,19920,74,63837,Waxhaw,"",3120.44738944499,31204.4738944499,3045162637.21796,318858.064536165,202302161840
383,28174,3370,28,9287,Wingate,"",3628.72832992355,36287.2832992355,985461754.807983,246986.820118662,202302161840
384,28202,6257,9,16755,Charlotte,"",3734.40763951059,37344.0763951059,50452583.9099121,34485.9053855683,202302161840
385,28203,6035,11,19070,Charlotte,"",3164.65652857892,31646.5652857892,91001089.479126,54761.2733662689,202302161840
386,28204,3164,11,8738,Charlotte,"",3620.96589608606,36209.6589608606,48899100.5548096,40761.7265321132,202302161840
387,28205,15072,118,51821,Charlotte,"",2908.47339881515,29084.7339881515,335820474.82135,104910.810677792,202302161840
388,28206,5253,28,15244,Charlotte,"",3445.94594594595,34459.4594594595,182577260.697876,71458.0502165389,202302161840
389,28207,2452,10,9761,Charlotte,"",2512.03770105522,25120.3770105522,68333859.7921753,36157.3958026362,202302161840
390,28208,14222,94,39944,Charlotte,"",3560.48467854997,35604.8467854997,595973347.5495,157267.598078636,202302161840
391,28209,7154,27,26012,Charlotte,"",2750.2691065662,27502.691065662,157335764.525879,72359.4847682198,202302161840
392,28210,13389,74,44704,Charlotte,"",2995.03400143164,29950.3400143164,342547124.476257,112745.958411282,202302161840
393,28211,8666,93,31253,Charlotte,"",2772.85380603462,27728.5380603462,292827786.05603,102838.759144167,202302161840
394,28212,13418,68,42744,Charlotte,"",3139.15403331462,31391.5403331462,237710291.866211,96077.3791004252,202302161840
395,28213,16218,79,45338,Charlotte,"",3577.13176584763,35771.3176584763,412614569.613403,162252.089416931,202302161840
396,28214,15788,76,41208,Charlotte,"",3831.2948941953,38312.948941953,965554836.030151,224926.880987092,202302161840
397,28215,22525,128,60256,Charlotte,"",3738.21694105151,37382.1694105151,782010510.903748,222976.412140326,202302161840
398,28216,19986,116,58744,Charlotte,"",3402.21980117118,34022.1980117118,857978895.941772,184761.316525275,202302161840
399,28217,9388,33,30875,Charlotte,"",3040.64777327935,30406.4777327935,428067925.271423,132462.900799897,202302161840
400,28226,11059,72,40227,Charlotte,"",2749.14858179829,27491.4858179829,430471271.22644,131097.087702525,202302161840
401,28227,19235,116,57319,Charlotte,"",3355.78080566653,33557.8080566653,1173416755.00244,297066.255269002,202302161840
402,28262,15309,75,43683,Charlotte,"",3504.56699402514,35045.6699402514,593648477.600464,159979.41236041,202302161840
403,28269,26643,112,81464,Charlotte,"",3270.52440341746,32705.2440341746,840640266.840637,192155.045229048,202302161840
404,28270,9131,46,34753,Charlotte,"",2627.39907346128,26273.9907346128,345778417.622314,161555.486865571,202302161840
405,28273,14739,69,40544,Charlotte,"",3635.30978689818,36353.0978689819,614626385.142517,192801.276498243,202302161840
406,28277,20626,64,72020,Charlotte,"",2863.92668703138,28639.2668703138,675381884.726379,144850.675101077,202302161840
407,28278,11520,33,32539,Charlotte,"",3540.36694428225,35403.6694428225,902762098.137573,246465.469761239,202302161840
408,28301,6359,103,17717,Fayetteville,"",3589.20810520969,35892.0810520969,348717238.9104,130217.445212828,202302161840
409,28303,9731,69,34600,Fayetteville,"",2812.42774566474,28124.2774566474,540160738.043701,179304.154504403,202302161840
410,28304,11987,62,39651,Fayetteville,"",3023.12678116567,30231.2678116567,491742944.185852,186465.416198877,202302161840
411,28305,1779,11,5010,Fayetteville,"",3550.89820359281,35508.9820359281,69895111.336731,49443.8950343603,202302161840
412,28306,14793,101,42565,Fayetteville,"",3475.3905791143,34753.905791143,2090603260.31519,562860.488861908,202302161840
413,28307,4858,0,15486,Fort Bragg,"",3137.02699212192,31370.2699212192,174879596.356018,92732.9092032322,202302161840
414,28310,3414,0,8861,Fort Bragg,"",3852.83828010383,38528.3828010383,506286340.902344,200733.090413706,202302161840
415,28311,12146,61,36046,Fayetteville,"",3369.58331021473,33695.8331021473,1336136656.04889,240844.864072535,202302161840
416,28312,6151,74,18419,Fayetteville,"",3339.48639991313,33394.8639991313,4341373681.0871,556260.336471476,202302161840
417,28314,18538,87,53642,Fayetteville,"",3455.87412848141,34558.7412848141,816473670.87677,185615.29020179,202302161840
418,28315,4719,36,13329,Aberdeen,"",3540.40063020482,35404.0063020482,2049308469.85626,494397.056686911,202302161840
419,28318,1548,9,4579,Autryville,"",3380.65079711727,33806.5079711727,2217851356.83313,372935.466158955,202302161840
420,28320,3333,51,9381,Bladenboro,"",3552.92612727854,35529.2612727854,3248490168.58801,381864.201698899,202302161840
421,28323,1562,5,4578,Bunnlevel,"",3411.97029270424,34119.7029270424,1112191308.33496,301931.807656216,202302161840
422,28326,7814,35,22382,Cameron,"",3491.19828433563,34911.9828433563,3242119864.63824,488036.173063299,202302161840
423,28327,6132,66,18273,Carthage,"",3355.7708093909,33557.708093909,5396542091.08795,586939.342565837,202302161840
424,28328,10253,106,26951,Clinton,"",3804.31152832919,38043.1152832919,6810728499.67102,657248.933701039,202302161840
425,28333,3920,43,10709,Dudley,"",3660.47249976655,36604.7249976655,1249687746.85376,213915.020571421,202302161840
426,28334,9897,104,26215,Dunn,"",3775.31947358383,37753.1947358383,4497238669.98419,544402.158241248,202302161840
427,28337,4058,47,11927,Elizabethtown,"",3402.36438333194,34023.6438333194,5069041872.41577,577770.225904477,202302161840
428,28338,1261,11,4804,Ellerbe,"",2624.89592006661,26248.9592006661,3935542448.08881,492508.044174153,202302161840
429,28339,2653,27,7226,Erwin,"",3671.46415721007,36714.6415721008,1064553458.41333,310656.999787593,202302161840
430,28340,3735,51,10738,Fairmont,"",3478.30135965729,34783.0135965729,3757196814.59872,450516.228420329,202302161840
431,28341,1455,11,5080,Faison,"",2864.17322834646,28641.7322834646,2787115249.34564,421094.619116887,202302161840
432,28343,548,12,1567,Gibson,"",3497.12827058073,34971.2827058073,458723474.164063,106909.663733147,202302161840
433,28344,1180,10,3814,Godwin,"",3093.86470896696,30938.6470896696,1128755315.22852,269142.265002464,202302161840
434,28345,4668,65,12656,Hamlet,"",3688.36915297092,36883.6915297092,2126402412.95966,332606.523883072,202302161840
435,28347,511,1,1826,Hoffman,"",2798.46659364732,27984.6659364732,747268691.675964,194334.44204749,202302161840
436,28348,12674,88,36052,Hope Mills,"",3515.47764340397,35154.7764340397,1166315651.14276,329846.853315969,202302161840
437,28349,1570,22,3955,Kenansville,"",3969.65865992415,39696.5865992415,1959246504.78113,326624.538750416,202302161840
438,28350,99,0,70,Lakeview,"",,,7876659.25891113,11657.1581787366,202302161840
439,28351,1679,13,5269,Laurel Hill,"",3186.56291516417,31865.6291516417,1788599136.13666,386362.39437636,202302161840
440,28352,9154,109,25298,Laurinburg,"",3618.46786307218,36184.6786307218,3264782876.16284,438869.872406895,202302161840
441,28356,1864,11,4914,Linden,"",3793.24379324379,37932.4379324379,1497885580.84283,286294.988335977,202302161840
442,28357,904,5,3224,Lumber Bridge,"",2803.97022332506,28039.7022332506,998095899.747498,200973.924425577,202302161840
443,28358,15304,191,38517,Lumberton,"",3973.31048627879,39733.1048627879,5499536726.32037,504386.80427759,202302161840
444,28360,5749,65,14944,Lumberton,"",3847.02890792291,38470.2890792291,1985862696.58282,363920.117329658,202302161840
445,28363,382,3,1079,Marston,"",3540.31510658017,35403.1510658017,1736455559.11224,383927.716730151,202302161840
446,28364,5596,64,15170,Maxton,"",3688.85959129862,36888.5959129862,3845135736.01221,464303.223304612,202302161840
447,28365,5189,78,17063,Mount Olive,"",3041.08304518549,30410.8304518549,5449867058.99634,617077.13642774,202302161840
448,28366,1928,19,5153,Newton Grove,"",3741.50980011644,37415.0980011644,2293381130.24042,414618.719505342,202302161840
449,28369,826,10,2241,Orrum,"",3685.85452922802,36858.5452922802,1800121585.61136,401393.305842192,202302161840
450,28371,2418,27,7085,Parkton,"",3412.84403669725,34128.4403669725,1005950088.08063,229991.086519014,202302161840
451,28372,6329,67,15254,Pembroke,"",4149.07565228792,41490.7565228792,1147770145.91595,255857.280522167,202302161840
452,28373,798,6,2552,Pinebluff,"",3126.9592476489,31269.592476489,460329066.992676,140223.621385681,202302161840
453,28374,5202,81,18171,Pinehurst,"",2862.80336800396,28628.0336800396,609888351.153748,186776.563275302,202302161840
454,28376,16079,121,43831,Raeford,"",3668.40820423901,36684.0820423901,8255601209.37079,618028.253174215,202302161840
455,28377,4734,51,13036,Red Springs,"",3631.4820497085,36314.820497085,2872865768.25568,446034.002241505,202302161840
456,28379,9242,129,25804,Rockingham,"",3581.61525344908,35816.1525344908,4156662320.34821,486165.084209016,202302161840
457,28382,2436,25,8006,Roseboro,"",3042.71796152885,30427.1796152885,3525739741.42773,652666.741452104,202302161840
458,28383,2920,32,7713,Rowland,"",3785.81615454428,37858.1615454428,2904453853.97415,460017.981876533,202302161840
459,28384,4305,40,12414,Saint Pauls,"",3467.85886901885,34678.5886901885,2850567240.80182,480450.415018018,202302161840
460,28385,1127,7,3005,Salemburg,"",3750.4159733777,37504.159733777,1040463355.97156,321938.125650219,202302161840
461,28386,2480,19,6068,Shannon,"",4087.0138431114,40870.138431114,1134602512.8537,354913.796549299,202302161840
462,28387,4730,85,17139,Southern Pines,"",2759.78761888092,27597.8761888092,810260751.658813,181010.127281146,202302161840
463,28390,7356,42,23494,Spring Lake,"",3131.01217332085,31310.1217332085,1630867413.08136,287302.836124698,202302161840
464,28391,1829,17,5326,Stedman,"",3434.09688321442,34340.9688321442,1084470955.12604,202263.555324583,202302161840
465,28392,569,6,1554,Tar Heel,"",3661.51866151866,36615.1866151866,925384379.987671,187529.786563955,202302161840
466,28393,699,7,2160,Turkey,"",3236.11111111111,32361.1111111111,1437383838.7915,233550.655699493,202302161840
467,28394,1715,18,6094,Vass,"",2814.24351821464,28142.4351821464,1215312777.16113,300186.221923817,202302161840
468,28395,889,5,2657,Wade,"",3345.87881068875,33458.7881068875,1382105528.22943,246616.208913961,202302161840
469,28396,868,10,2679,Wagram,"",3240.01493094438,32400.1493094438,1631714382.90094,330475.243709586,202302161840
470,28398,2988,39,7672,Warsaw,"",3894.68196037539,38946.8196037539,2739435952.33466,345606.723026117,202302161840
471,28399,649,5,1934,White Oak,"",3355.73940020683,33557.3940020682,2338498223.40869,308489.981388208,202302161840
472,28401,7325,93,24213,Wilmington,"",3025.23437822657,30252.3437822657,925590291.269562,302995.40520751,202302161840
473,28403,11461,54,41945,Wilmington,"",2732.3876504947,27323.876504947,403456249.54361,135103.298695973,202302161840
474,28405,9254,62,33719,Wilmington,"",2744.44675108989,27444.4675108989,694443662.189972,212896.044608315,202302161840
475,28409,8718,45,34974,Wilmington,"",2492.70886944587,24927.0886944587,678530052.059952,626246.01836128,202302161840
476,28411,10013,64,38820,Wilmington,"",2579.34054611025,25793.4054611025,1477023573.08954,591854.549770877,202302161840
477,28412,11670,100,42977,Wilmington,"",2715.40591479163,27154.0591479163,635947452.301941,245813.217862995,202302161840
478,28420,1335,20,5116,Ash,"",2609.46051602815,26094.6051602815,4030119174.4476,622951.504256467,202302161840
479,28421,399,6,2040,Atkinson,"",1955.88235294118,19558.8235294118,1701084244.28595,246250.995159076,202302161840
480,28422,2726,23,8682,Bolivia,"",3139.82953236581,31398.2953236581,2520456183.00197,406510.949073509,202302161840
481,28423,743,8,2285,Bolton,"",3251.64113785558,32516.4113785558,4327886518.67657,560706.237916531,202302161840
482,28425,3779,44,12625,Burgaw,"",2993.26732673267,29932.6732673267,4872852970.19843,522799.098840263,202302161840
483,28428,1675,6,7142,Carolina Beach,"",2345.28143377205,23452.8143377205,153392950.326767,131890.839899376,202302161840
484,28429,2750,29,8542,Castle Hayne,"",3219.38656052447,32193.8656052447,1146009267.92944,244578.64538817,202302161840
485,28430,629,7,2055,Cerro Gordo,"",3060.82725060827,30608.2725060827,1294763521.80133,235369.368885516,202302161840
486,28431,2408,44,6741,Chadbourn,"",3572.17030114226,35721.7030114226,2019287633.59152,414968.282140325,202302161840
487,28432,786,6,1684,Clarendon,"",4667.45843230404,46674.5843230404,913029717.719559,381140.327621418,202302161840
488,28433,1579,18,5297,Clarkton,"",2980.93260336039,29809.3260336039,3257754219.81824,497145.128049415,202302161840
489,28434,329,6,1357,Council,"",2424.46573323508,24244.6573323508,2209417286.23001,262045.947095385,202302161840
490,28435,756,10,2931,Currie,"",2579.32446264074,25793.2446264074,2746865502.37314,418800.327512465,202302161840
491,28436,721,8,2312,Delco,"",3118.51211072664,31185.1211072664,1250613651.60083,304067.898737589,202302161840
492,28438,576,8,1688,Evergreen,"",3412.32227488152,34123.2227488152,1324758692.31961,354385.951020838,202302161840
493,28439,441,14,1536,Fair Bluff,"",2871.09375,28710.9375,667490225.496307,213264.007900786,202302161840
494,28441,1121,11,3328,Garland,"",3368.38942307692,33683.8942307692,3774857745.4223,555550.533903292,202302161840
495,28442,471,8,1734,Hallsboro,"",2716.26297577855,27162.6297577855,1395074837.14975,336354.405393144,202302161840
496,28443,6984,40,22483,Hampstead,"",3106.34701774674,31063.4701774674,4337834719.99771,560208.032392266,202302161840
497,28444,685,5,2278,Harrells,"",3007.02370500439,30070.2370500439,3251010335.70935,548979.732892781,202302161840
498,28445,2799,24,8142,Holly Ridge,"",3437.73028739867,34377.3028739867,2835470197.40424,676482.174744673,202302161840
499,28447,322,0,1334,Ivanhoe,"",2413.79310344828,24137.9310344828,2755654733.91089,442226.920323366,202302161840
500,28448,259,3,1216,Kelly,"",2129.93421052632,21299.3421052632,2360585218.26868,400674.523076971,202302161840
501,28449,388,2,1958,Kure Beach,"",1981.61389172625,19816.1389172625,112229003.875305,80695.0045848031,202302161840
502,28450,686,11,2397,Lake Waccamaw,"",2861.9107217355,28619.107217355,1482484363.39343,277199.450521116,202302161840
503,28451,12431,71,39194,Leland,"",3171.65892738684,31716.5892738685,5322314275.71591,771852.448618024,202302161840
504,28452,221,2,513,Longwood,"",4307.99220272904,43079.9220272904,201031402.998276,76626.878203892,202302161840
505,28453,1497,9,4137,Magnolia,"",3618.56417693981,36185.6417693981,2286467269.94287,428957.863476439,202302161840
506,28454,924,9,3549,Maple Hill,"",2603.55029585799,26035.5029585799,3064407818.25446,319144.850869928,202302161840
507,28455,629,9,1718,Nakina,"",3661.23399301513,36612.3399301513,1802269564.75485,339624.478895421,202302161840
508,28456,1143,12,3566,Riegelwood,"",3205.27201346046,32052.7201346046,1872158645.14374,368901.622022321,202302161840
509,28457,3561,30,12840,Rocky Point,"",2773.36448598131,27733.6448598131,3397895880.78387,551931.996451502,202302161840
510,28458,2182,25,7018,Rose Hill,"",3109.14790538615,31091.4790538615,3025757032.09851,549753.327973728,202302161840
511,28460,3679,19,10588,Sneads Ferry,"",3474.68832640725,34746.8832640725,868820245.916626,505270.66774661,202302161840
512,28461,5168,39,20575,Southport,"",2511.78614823815,25117.8614823815,2976816159.44659,699193.372938299,202302161840
513,28462,4064,39,14309,Supply,"",2840.17052204906,28401.7052204906,3173815797.17627,578042.071238935,202302161840
514,28463,3453,55,9865,Tabor City,"",3500.25342118601,35002.5342118601,3441446535.6745,489113.866817468,202302161840
515,28464,956,9,2491,Teachey,"",3837.81613809715,38378.1613809715,651873569.02948,216752.818849917,202302161840
516,28465,1774,14,8285,Oak Island,"",2141.21907060954,21412.1907060954,278142792.540329,260764.452809296,202302161840
517,28466,3558,56,10375,Wallace,"",3429.39759036145,34293.9759036145,4134830722.40503,646652.750223625,202302161840
518,28467,3157,35,11393,Calabash,"",2770.99973668042,27709.9973668042,478052225.035095,182374.085490172,202302161840
519,28468,1298,5,5394,Sunset Beach,"",2406.37745643307,24063.7745643307,561581539.026329,281339.504069841,202302161840
520,28469,2412,26,7481,Ocean Isle Beach,"",3224.16789199305,32241.6789199305,718539224.77166,397460.188245043,202302161840
521,28470,3649,67,13446,Shallotte,"",2713.81823590659,27138.1823590659,1182514664.27979,362760.617388836,202302161840
522,28472,6489,100,20002,Whiteville,"",3244.17558244176,32441.7558244176,5336860792.21823,836470.753006454,202302161840
523,28478,1442,13,4976,Willard,"",2897.90996784566,28979.0996784566,3641064446.79327,420805.470689163,202302161840
524,28479,2131,27,4874,Winnabow,"",4372.17890849405,43721.7890849405,2117768058.25922,493774.783138491,202302161840
525,28480,703,0,2737,Wrightsville Beach,"",2568.50566313482,25685.0566313482,105606171.513519,198146.556810674,202302161840
526,28501,6244,71,19507,Kinston,"",3200.90224022146,32009.0224022146,2991635337.302,625626.150351651,202302161840
527,28504,7595,100,21016,Kinston,"",3613.91320898363,36139.1320898363,3402165916.96191,527051.926248192,202302161840
528,28508,749,11,2984,Albertson,"",2510.05361930295,25100.5361930295,979966062.858154,216402.11543394,202302161840
529,28510,399,1,1543,Arapahoe,"",2585.87167854828,25858.7167854828,492605022.366577,160146.449017413,202302161840
530,28511,121,1,628,Atlantic,"",1926.75159235669,19267.5159235669,664520864.566406,632922.312503469,202302161840
531,28512,802,10,3689,Atlantic Beach,"",2174.03090268365,21740.3090268365,159414908.561523,282548.210087653,202302161840
532,28513,3625,19,10825,Ayden,"",3348.72979214781,33487.2979214781,2611479123.85803,477095.460669019,202302161840
533,28515,745,4,3463,Bayboro,"",2151.31388969102,21513.1388969102,1758589825.68518,437586.784820445,202302161840
534,28516,2948,31,12482,Beaufort,"",2361.80099343054,23618.0099343054,3384236686.76337,1001596.71803033,202302161840
535,28518,3225,39,8803,Beulaville,"",3663.52379870499,36635.2379870499,2702594658.36359,473932.945095065,202302161840
536,28521,782,17,2259,Chinquapin,"",3461.70872067286,34617.0872067286,984336924.154663,232445.955683395,202302161840
537,28523,761,4,2274,Cove City,"",3346.52594547054,33465.2594547054,2247611957.06177,297516.586083844,202302161840
538,28525,1121,6,3309,Deep Run,"",3387.73043215473,33877.3043215473,1368793733.10339,260376.07892082,202302161840
539,28526,736,10,2384,Dover,"",3087.24832214765,30872.4832214765,2062614072.29626,437910.466683838,202302161840
540,28529,791,14,2539,Grantsboro,"",3115.39976368649,31153.9976368649,2523317524.60889,412017.089612735,202302161840
541,28530,2425,29,7474,Grifton,"",3244.58121487824,32445.8121487824,1906098626.48975,426610.065184873,202302161840
542,28531,301,5,1414,Harkers Island,"",2128.71287128713,21287.1287128713,96666650.4205933,159397.370996394,202302161840
543,28532,6254,29,25868,Havelock,"",2417.6588835627,24176.588835627,5072028576.29651,874966.498361209,202302161840
544,28538,1116,7,3342,Hookerton,"",3339.31777378815,33393.1777378815,837514346.679443,167225.326393657,202302161840
545,28539,5029,44,18000,Hubert,"",2793.88888888889,27938.8888888889,2158531628.89203,965472.416809674,202302161840
546,28540,15346,135,52400,Jacksonville,"",2928.62595419847,29286.2595419847,3283488394.35052,547729.060516665,202302161840
547,28542,1406,0,6146,Camp Lejeune,"",2287.6667751383,22876.667751383,1137151211.30426,554417.951637185,202302161840
548,28543,1561,2,6618,Tarawa Terrace,"",2358.71864611665,23587.1864611665,101812905.851257,81799.9494086724,202302161840
549,28546,16360,109,51963,Jacksonville,"",3148.39404961222,31483.9404961222,2766403023.01086,429757.095409677,202302161840
550,28547,6750,0,13868,Camp Lejeune,"",4867.32044995674,48673.2044995673,321351155.112183,125030.1108688,202302161840
551,28551,4693,44,14265,La Grange,"",3289.87031195233,32898.7031195233,3578620059.57935,402405.541085344,202302161840
552,28553,80,1,522,Marshallberg,"",1532.56704980843,15325.6704980843,44093630.395752,64625.7950525977,202302161840
553,28555,1615,12,4702,Maysville,"",3434.70863462356,34347.0863462356,3623337430.05573,600372.548840718,202302161840
554,28557,4278,32,15254,Morehead City,"",2804.51029238233,28045.1029238233,400526127.961975,291647.007459014,202302161840
555,28560,8794,109,28926,New Bern,"",3040.17147203208,30401.7147203208,3309199654.78784,1030041.14449326,202302161840
556,28562,11487,89,38009,New Bern,"",3022.1789576153,30221.789576153,3853792240.20764,1071472.47820274,202302161840
557,28570,6120,44,22687,Newport,"",2697.58011195839,26975.8011195839,4050945831.7467,612371.091717981,202302161840
558,28571,523,4,3137,Oriental,"",1667.19795983424,16671.9795983424,1482289449.53186,353024.477698561,202302161840
559,28572,2396,29,6379,Pink Hill,"",3756.07461984637,37560.7461984637,3042675125.74115,395176.694907307,202302161840
560,28573,730,21,2475,Pollocksville,"",2949.49494949495,29494.9494949495,3035889883.2348,360117.83631843,202302161840
561,28574,5944,54,17702,Richlands,"",3357.81267653373,33578.1267653372,3868294357.7301,523654.71280993,202302161840
562,28577,140,6,595,Sealevel,"",2352.94117647059,23529.4117647059,131607264.267456,82049.6590834024,202302161840
563,28578,1697,19,7044,Seven Springs,"",2409.1425326519,24091.425326519,1837860745.29797,304549.150963809,202302161840
564,28580,3845,55,12031,Snow Hill,"",3195.91056437536,31959.1056437536,3261656823.56982,373362.024423986,202302161840
565,28582,545,4,1824,Stella,"",2987.93859649123,29879.3859649123,566119411.242798,233745.537488706,202302161840
566,28584,3487,28,12910,Swansboro,"",2701.00697134005,27010.0697134005,870417864.570801,630505.524420814,202302161840
567,28585,1200,17,4170,Trenton,"",2877.69784172662,28776.9784172662,5857263271.9624,616313.550954668,202302161840
568,28586,3477,18,8427,Vanceboro,"",4126.02349590602,41260.2349590602,3798727344.79224,393188.365406212,202302161840
569,28590,10742,45,26551,Winterville,"",4045.79865165154,40457.9865165154,1153236268.85608,260797.112041444,202302161840
570,28594,935,8,3678,Emerald Isle,"",2542.14246873301,25421.4246873301,161880563.377441,206007.395136269,202302161840
571,28601,19164,196,49848,Hickory,"",3844.48724121329,38444.8724121329,1378207425.05768,365850.750506082,202302161840
572,28602,11008,160,31218,Hickory,"",3526.17079889807,35261.7079889807,1938678919.97003,319569.803956005,202302161840
573,28604,1704,14,6449,Banner Elk,"",2642.27011939836,26422.7011939836,1915326545.24634,325836.980718489,202302161840
574,28605,1015,9,4143,Blowing Rock,"",2449.91552015448,24499.1552015448,895784503.144714,248689.345104093,202302161840
575,28606,667,7,2367,Boomer,"",2817.91297000422,28179.1297000422,1247639586.18042,214129.251492026,202302161840
576,28607,9610,42,37481,Boone,"",2563.96574264294,25639.6574264294,2776057252.95807,555835.873680891,202302161840
577,28609,2159,28,6457,Catawba,"",3343.65804553198,33436.5804553198,1341728385.28827,281255.134101197,202302161840
578,28610,3886,42,10238,Claremont,"",3795.66321547177,37956.6321547177,1121879522.66571,308096.881521473,202302161840
579,28612,4413,68,14906,Connelly Springs,"",2960.5527975312,29605.527975312,2400642845.42798,441028.943696581,202302161840
580,28613,8812,114,25216,Conover,"",3494.60659898477,34946.0659898477,1220326345.78546,362168.639637895,202302161840
581,28615,424,4,1883,Creston,"",2251.72596919809,22517.2596919809,1868599532.61511,272770.247470023,202302161840
582,28617,599,4,2451,Crumpler,"",2443.90044879641,24439.0044879641,986888820.641235,263906.737953269,202302161840
583,28618,514,5,2480,Deep Gap,"",2072.58064516129,20725.8064516129,1010729766.2395,224128.286954044,202302161840
584,28621,4164,70,10400,Elkin,"",4003.84615384615,40038.4615384615,1827310682.30029,492431.108964797,202302161840
585,28622,629,2,2638,Elk Park,"",2384.38210765732,23843.8210765732,922706854.79248,228052.883765708,202302161840
586,28623,512,0,1716,Ennice,"",2983.68298368298,29836.8298368298,790959225.749146,176648.995975266,202302161840
587,28624,502,12,1893,Ferguson,"",2651.87533016376,26518.7533016376,1893859856.27216,280305.359064925,202302161840
588,28625,12678,192,38862,Statesville,"",3262.3127991354,32623.127991354,5528677082.18164,627405.109037109,202302161840
589,28626,572,5,3001,Fleetwood,"",1906.03132289237,19060.3132289237,819063990.876587,148645.734339712,202302161840
590,28627,371,1,1534,Glade Valley,"",2418.51368970013,24185.1368970013,929851696.585571,229623.659776181,202302161840
591,28630,7300,103,20369,Granite Falls,"",3583.87746084737,35838.7746084737,1749206123.14734,364175.180926025,202302161840
592,28631,158,0,536,Grassy Creek,"",2947.76119402985,29477.6119402985,666742006.060913,167245.211138671,202302161840
593,28634,1605,20,5269,Harmony,"",3046.11880812298,30461.1880812298,1708637469.52393,380041.000632719,202302161840
594,28635,1308,17,4032,Hays,"",3244.04761904762,32440.4761904762,1589254753.84888,282956.554467362,202302161840
595,28636,1698,24,5186,Hiddenite,"",3274.19976860779,32741.9976860779,1563401720.00476,343683.132287544,202302161840
596,28637,867,9,1583,Hildebran,"",5476.94251421352,54769.4251421352,75804105.8025513,39679.7431148788,202302161840
597,28638,4777,29,12560,Hudson,"",3803.34394904459,38033.4394904459,586195125.955933,179942.259882133,202302161840
598,28640,1621,32,4805,Jefferson,"",3373.5691987513,33735.691987513,1056537388.6748,302637.689495691,202302161840
599,28642,2127,26,5578,Jonesville,"",3813.19469343851,38131.9469343851,922184812.2677,173376.666314256,202302161840
600,28643,741,8,3443,Lansing,"",2152.19285506825,21521.9285506825,2044042930.41492,275858.107391136,202302161840
601,28644,384,2,1570,Laurel Springs,"",2445.85987261147,24458.5987261147,2045165288.09131,297831.47514214,202302161840
602,28645,17429,216,47621,Lenoir,"",3659.93994246236,36599.3994246236,9179149391.98291,930216.037146455,202302161840
603,28649,323,3,1034,Mc Grady,"",3123.79110251451,31237.9110251451,1036137984.80469,190682.670149615,202302161840
604,28650,4814,40,13374,Maiden,"",3599.52145954838,35995.2145954838,1278104496.07623,377336.649296681,202302161840
605,28651,2216,27,6653,Millers Creek,"",3330.8281978055,33308.281978055,2065649255.9353,349078.290644554,202302161840
606,28654,1037,17,3800,Moravian Falls,"",2728.94736842105,27289.4736842105,1821577421.53857,295573.209104024,202302161840
607,28655,19103,204,58249,Morganton,"",3279.54127967862,32795.4127967862,9153179930.14331,677983.745386269,202302161840
608,28657,2746,30,9610,Newland,"",2857.44016649324,28574.4016649324,3935578521.47217,457051.359413869,202302161840
609,28658,9973,97,25858,Newton,"",3856.83347513342,38568.3347513342,2022657893.02307,451555.722478839,202302161840
610,28659,7428,99,21013,North Wilkesboro,"",3534.95455194403,35349.5455194403,2817470108.66394,743040.466864702,202302161840
611,28660,710,7,2336,Olin,"",3039.38356164384,30393.8356164384,892135691.594116,224297.744075571,202302161840
612,28665,805,6,2986,Purlear,"",2695.91426657736,26959.1426657736,1778038258.60608,240271.301413849,202302161840
613,28668,76,1,39,Roaring Gap,"",,,150579895.761963,97868.8716295681,202302161840
614,28669,944,14,3133,Roaring River,"",3013.08649856368,30130.8649856368,1299426384.18799,252536.432806369,202302161840
615,28670,1047,16,3183,Ronda,"",3289.34967012253,32893.4967012253,1123975912.01135,257469.478215133,202302161840
616,28673,1992,11,6621,Sherrills Ford,"",3008.60897145446,30086.0897145446,852092289.759583,248402.605359209,202302161840
617,28675,2287,16,6805,Sparta,"",3360.76414401176,33607.6414401176,2977111225.9541,397880.218381249,202302161840
618,28676,1235,12,3444,State Road,"",3585.94657375145,35859.4657375145,830902972.436646,197653.666386266,202302161840
619,28677,12148,127,35614,Statesville,"",3411.01813893413,34110.1813893413,2372250827.99042,364916.143502524,202302161840
620,28678,1652,14,5252,Stony Point,"",3145.46839299315,31454.6839299315,1249807753.12482,237772.476162198,202302161840
621,28679,412,4,2122,Sugar Grove,"",1941.56456173421,19415.6456173421,636943392.934937,227619.317646308,202302161840
622,28681,8954,116,26959,Taylorsville,"",3321.33981230758,33213.3981230758,4726487412.65814,412700.759417832,202302161840
623,28682,355,2,1099,Terrell,"",3230.2092811647,32302.092811647,164657442.78833,108427.066369374,202302161840
624,28683,619,7,1934,Thurmond,"",3200.62047569804,32006.2047569804,988749233.112671,203358.604100989,202302161840
625,28684,437,3,2175,Todd,"",2009.19540229885,20091.9540229885,1383524229.94177,292392.138653963,202302161840
626,28685,645,6,1908,Traphill,"",3380.50314465409,33805.0314465409,1296786088.98804,215086.939280452,202302161840
627,28689,583,5,1662,Union Grove,"",3507.82190132371,35078.2190132371,1218398001.86389,304792.24772459,202302161840
628,28690,3046,34,9427,Valdese,"",3231.14458470351,32311.4458470351,668624773.04187,213466.610171622,202302161840
629,28692,963,6,4504,Vilas,"",2138.09946714032,21380.9946714032,1091553223.68976,286379.955820553,202302161840
630,28693,406,2,1693,Warrensville,"",2398.10986414649,23981.0986414649,621923811.260986,170328.387778475,202302161840
631,28694,2153,31,8033,West Jefferson,"",2680.19419892942,26801.9419892942,2188720146.69934,416426.801998168,202302161840
632,28697,4549,63,13376,Wilkesboro,"",3400.86722488038,34008.6722488038,1810927272.521,565265.362104432,202302161840
633,28701,1148,9,4830,Alexander,"",2376.8115942029,23768.115942029,557040025.003723,178622.867954756,202302161840
634,28702,91,0,704,Almond,"",1292.61363636364,12926.1363636364,749571990.457794,168899.042279792,202302161840
635,28704,7336,52,21728,Arden,"",3376.28865979381,33762.8865979381,1481682958.97644,329012.999643476,202302161840
636,28705,1706,14,7168,Bakersville,"",2380.02232142857,23800.2232142857,3538838336.04175,376028.663142582,202302161840
637,28711,3379,61,15250,Black Mountain,"",2215.73770491803,22157.3770491803,2289646423.50623,432841.107136649,202302161840
638,28712,4770,59,19644,Brevard,"",2428.2223579719,24282.223579719,3743370041.24365,607196.289251342,202302161840
639,28713,2977,38,9333,Bryson City,"",3189.75677702775,31897.5677702775,7085157294.99072,658029.652447303,202302161840
640,28714,5674,67,17066,Burnsville,"",3324.73924762686,33247.3924762686,7287599937.88281,538818.932986382,202302161840
641,28715,7248,56,27289,Candler,"",2656.01524423761,26560.152442376,1975153881.5733,274379.594297132,202302161840
642,28716,4898,94,18650,Canton,"",2626.27345844504,26262.7345844504,4450693739.33826,450946.985814241,202302161840
643,28718,130,1,607,Cedar Mountain,"",2141.68039538715,21416.8039538715,604740430.192017,157079.894608512,202302161840
644,28719,3311,24,6945,Cherokee,"",4767.45860331173,47674.5860331174,6313532001.74988,506970.161305605,202302161840
645,28721,2884,30,10866,Clyde,"",2654.15056138413,26541.5056138413,3262240884.20239,451646.750156333,202302161840
646,28722,1793,20,6854,Columbus,"",2615.99066238693,26159.9066238693,1330435890.70984,371441.890606651,202302161840
647,28723,2901,9,11678,Cullowhee,"",2484.15824627505,24841.5824627505,2829089767.59064,521400.904374384,202302161840
648,28726,1126,16,3477,East Flat Rock,"",3238.42392867414,32384.2392867414,62782212.3257446,52681.8363735949,202302161840
649,28729,947,4,2978,Etowah,"",3179.98656816655,31799.8656816655,115914409.369507,74718.0620947517,202302161840
650,28730,2284,22,10068,Fairview,"",2268.57369884783,22685.7369884783,1334723772.69336,277836.650121475,202302161840
651,28731,2658,36,9271,Flat Rock,"",2867.00463811887,28670.0463811887,910498937.374664,308715.430561089,202302161840
652,28732,5315,36,18899,Fletcher,"",2812.31811206942,28123.1811206942,1163648233.76184,268599.174805655,202302161840
653,28734,7790,109,28423,Franklin,"",2740.7381346093,27407.381346093,8413329787.90622,680710.034553257,202302161840
654,28736,181,0,740,Glenville,"",2445.94594594595,24459.4594594595,845894035.551971,243241.394198335,202302161840
655,28739,4889,53,21994,Hendersonville,"",2222.878966991,22228.78966991,1809199500.98254,354883.696935042,202302161840
656,28740,584,2,2123,Green Mountain,"",2750.82430522845,27508.2430522845,2560353451.70599,391601.88482291,202302161840
657,28741,829,11,3135,Highlands,"",2644.33811802233,26443.3811802233,2488322100.83908,291652.561708351,202302161840
658,28742,834,11,2834,Horse Shoe,"",2942.83697953423,29428.3697953423,759756422.807678,323788.261855292,202302161840
659,28745,253,1,598,Lake Junaluska,"",4230.76923076923,42307.6923076923,24208240.7459412,20619.3143809221,202302161840
660,28746,526,11,2583,Lake Lure,"",2036.39179248935,20363.9179248935,1635267198.94843,301403.103342596,202302161840
661,28747,419,10,2517,Lake Toxaway,"",1664.68017481128,16646.8017481128,1644170650.80768,278687.825520296,202302161840
662,28748,3282,30,12684,Leicester,"",2587.51182592242,25875.1182592242,2568900770.12885,433742.542694055,202302161840
663,28751,1082,17,3738,Maggie Valley,"",2894.59604066346,28945.9604066346,1196971956.93442,252655.252396679,202302161840
664,28752,11826,129,31501,Marion,"",3754.16653439573,37541.6653439573,6843838240.70496,729852.019397461,202302161840
665,28753,3368,44,12286,Marshall,"",2741.33159693961,27413.3159693961,7221367422.4903,582321.875436498,202302161840
666,28754,2439,39,8823,Mars Hill,"",2764.36586195172,27643.6586195172,2532637146.55933,336365.654274913,202302161840
667,28756,1049,9,4770,Mill Spring,"",2199.16142557652,21991.6142557652,2319967191.40479,359387.276461913,202302161840
668,28759,2036,11,7867,Mills River,"",2588.02593110461,25880.2593110461,710290580.507599,219074.688607407,202302161840
669,28761,3053,45,8493,Nebo,"",3594.72506770281,35947.2506770281,3254647047.74689,448908.605974668,202302161840
670,28762,2284,18,7603,Old Fort,"",3004.07733789294,30040.7733789294,2996741187.4848,387268.208256282,202302161840
671,28763,592,12,2864,Otto,"",2067.03910614525,20670.3910614525,1145043002.66425,202810.842815888,202302161840
672,28766,419,2,1526,Penrose,"",2745.74049803408,27457.4049803408,159626292.482056,88900.5625977205,202302161840
673,28768,1824,8,7895,Pisgah Forest,"",2310.32298923369,23103.2298923369,2244655883.74216,321689.536597621,202302161840
674,28771,2852,31,8212,Robbinsville,"",3472.96639064783,34729.6639064783,9086438704.3884,732920.807564291,202302161840
675,28773,922,20,3508,Saluda,"",2628.27822120867,26282.7822120867,1396855034.24573,267712.497423626,202302161840
676,28775,103,4,493,Scaly Mountain,"",2089.24949290061,20892.4949290061,456631744.06662,130336.94180952,202302161840
677,28777,3681,31,10391,Spruce Pine,"",3542.48869213743,35424.8869213743,1968811938.32007,332780.684408784,202302161840
678,28778,2792,25,10803,Swannanoa,"",2584.46727760807,25844.6727760807,692162823.950317,188030.795128165,202302161840
679,28779,4589,63,17610,Sylva,"",2605.90573537763,26059.0573537763,3287520334.70795,472387.421611018,202302161840
680,28782,1291,17,6512,Tryon,"",1982.49385749386,19824.9385749386,1239852111.02036,390005.579825198,202302161840
681,28783,390,4,1905,Tuckasegee,"",2047.24409448819,20472.4409448819,2507065764.50815,412465.098737655,202302161840
682,28785,1748,16,8309,Waynesville,"",2103.74292935371,21037.4292935371,4680111391.07288,434987.630089387,202302161840
683,28786,5957,98,21837,Waynesville,"",2727.9388194349,27279.388194349,2130537927.5513,319219.020654078,202302161840
684,28787,5967,61,20681,Weaverville,"",2885.25699917799,28852.5699917799,2146776657.76654,337936.038355961,202302161840
685,28789,1660,12,6551,Whittier,"",2533.96428026256,25339.6428026256,1731085189.80936,281392.474737519,202302161840
686,28790,842,10,3775,Zirconia,"",2230.46357615894,22304.6357615894,1184634316.47168,272368.233599775,202302161840
687,28791,4127,52,15811,Hendersonville,"",2610.2080829802,26102.080829802,466838231.125,123544.27336528,202302161840
688,28792,10387,136,37949,Hendersonville,"",2737.09452159477,27370.9452159477,2892120004.20319,483608.715059926,202302161840
689,28801,4115,42,16782,Asheville,"",2452.03193898224,24520.3193898224,142991050.123962,66531.4000304091,202302161840
690,28803,8535,100,34731,Asheville,"",2457.45875442688,24574.5875442688,1148499781.62708,221583.067984848,202302161840
691,28804,5216,54,23302,Asheville,"",2238.43446914428,22384.3446914428,818376430.368896,216401.982596761,202302161840
692,28805,4422,54,20394,Asheville,"",2168.28478964401,21682.8478964401,743578799.615234,203043.782551957,202302161840
693,28806,11581,94,43841,Asheville,"",2641.59120458019,26415.9120458019,1123591112.45288,297671.815966071,202302161840
694,28901,1651,33,6039,Andrews,"",2733.89634045372,27338.9634045372,1881090750.42804,271571.032581688,202302161840
695,28902,387,1,1562,Brasstown,"",2477.59282970551,24775.9282970551,645585335.657318,162521.113458697,202302161840
696,28904,2830,45,9535,Hayesville,"",2968.01258521238,29680.1258521238,5317145252.91805,403950.005454209,202302161840
697,28905,1052,16,3548,Marble,"",2965.05073280721,29650.5073280722,1058320723.96715,269002.244098821,202302161840
698,28906,5730,85,20296,Murphy,"",2823.21639731967,28232.1639731967,9849733400.34212,586826.324547444,202302161840
699,28909,263,6,1068,Warne,"",2462.5468164794,24625.468164794,269492752.319427,107722.293423693,202302161840
700,27533,673,3,0,"","",,,18055719.4014893,15817.3715737294,202302161840
701,27340,42,1,34,Saxapahaw,"",,,694758.987792969,3852.87240074502,202302161840
702,27411,227,0,847,Greensboro,"",2680.04722550177,26800.4722550177,713742.998291016,5860.23208289576,202302161840
703,27412,154,0,1886,Greensboro,"",816.542948038176,8165.42948038176,4771290.83532715,13054.7888333439,202302161840
704,27498,,,13,Greensboro,Population <500 and Cases <5,,,3369264.12316895,7774.18760349114,202302161840
705,27599,70,0,0,Chapel Hill,"",,,4275416.30163574,15555.1510255833,202302161840
706,27706,,,10,Durham,Population <500 and Cases <5,,,1281872.18347168,6816.757693542,202302161840
707,27711,,,62,Durham,Population <500 and Cases <5,,,11690491.0200195,25227.7794868175,202302161840
708,27810,1151,15,4224,Belhaven,"",2724.9053030303,27249.053030303,5320714553.85889,863428.562860574,202302161840
709,27821,96,2,343,Edward,"",2798.83381924198,27988.3381924198,180879118.265869,102716.617789089,202302161840
710,27824,380,2,1540,Engelhard,"",2467.53246753247,24675.3246753247,5755622445.56714,766498.765242208,202302161840
711,27826,213,2,1245,Fairfield,"",1710.84337349398,17108.4337349398,5502010014.61365,681909.128335756,202302161840
712,27841,36,1,84,Hassell,"",4285.71428571429,42857.1428571429,5972995.94189453,12505.2057352129,202302161840
713,27872,91,1,429,Roxobel,"",2121.21212121212,21212.1212121212,78668396.3901367,60062.9164687203,202302161840
714,27875,138,3,511,Scranton,"",2700.58708414873,27005.8708414873,1462926064.75208,668994.049821798,202302161840
715,27881,21,0,323,Speed,"",650.15479876161,6501.5479876161,45624486.2655029,35379.3892263349,202302161840
716,27919,301,3,1211,Belvidere,"",2485.54913294798,24855.4913294798,1805677755.21484,260299.205087965,202302161840
717,27920,403,1,1415,Buxton,"",2848.05653710247,28480.5653710247,251417477.481567,169552.58818934,202302161840
718,27921,1096,8,5366,Camden,"",2042.48975027954,20424.8975027954,2216306760.15601,371309.805402765,202302161840
719,27923,148,1,990,Coinjock,"",1494.94949494949,14949.4949494949,442853112.258789,222994.427279021,202302161840
720,27936,181,1,961,Frisco,"",1883.4547346514,18834.547346514,134638106.065186,108288.074251883,202302161840
721,27939,764,7,3370,Grandy,"",2267.06231454006,22670.6231454006,296874050.40332,237784.484514938,202302161840
722,27941,196,0,670,Harbinger,"",2925.37313432836,29253.7313432836,66348159.842041,42125.3614314888,202302161840
723,27943,131,0,491,Hatteras,"",2668.02443991853,26680.2443991853,82146889.1915283,162150.406610954,202302161840
724,27947,235,1,845,Jarvisburg,"",2781.0650887574,27810.650887574,181991023.044922,117825.871497151,202302161840
725,27953,320,1,992,Manns Harbor,"",3225.8064516129,32258.064516129,4841742826.08521,775886.839802655,202302161840
726,27954,1841,9,6405,Manteo,"",2874.31693989071,28743.1693989071,346159524.466309,171104.045001834,202302161840
727,27956,73,2,328,Maple,"",2225.60975609756,22256.0975609756,91616147.3259277,62675.9008746753,202302161840
728,27960,353,1,899,Ocracoke,"",3926.5850945495,39265.850945495,272996211.932129,221416.979930584,202302161840
729,27964,153,2,653,Point Harbor,"",2343.03215926493,23430.3215926493,40700993.1791992,29044.1496807834,202302161840
730,27965,132,0,611,Poplar Branch,"",2160.39279869067,21603.9279869067,362463348.010742,286670.57703568,202302161840
731,27972,26,0,196,Salvo,"",1326.5306122449,13265.306122449,25839959.5158691,77591.8753697891,202302161840
732,27973,352,0,1493,Shawboro,"",2357.669122572,23576.69122572,1350823542.63281,279776.313560853,202302161840
733,27974,234,0,1375,Shiloh,"",1701.81818181818,17018.1818181818,1282875105.52026,448552.234751616,202302161840
734,27978,46,0,221,Stumpy Point,"",2081.44796380091,20814.4796380091,3250437066.68713,488663.160212978,202302161840
735,27980,690,10,2075,Tyner,"",3325.30120481928,33253.0120481928,1319096560.03711,208839.628959426,202302161840
736,27981,429,1,1863,Wanchese,"",2302.73752012882,23027.3752012882,183167116.380371,177755.254740471,202302161840
737,28077,158,3,557,High Shoals,"",2836.62477558348,28366.2477558348,25098303.871521,27989.3633622467,202302161840
738,28101,221,5,465,Mc Adenville,"",4752.68817204301,47526.8817204301,12210373.4969482,19058.3264759027,202302161840
739,28223,67,0,2941,Charlotte,"",227.813668820129,2278.13668820129,16745950.1914673,34959.7943637767,202302161840
740,28308,47,0,737,Pope Army Airfield,"",637.720488466757,6377.20488466757,90374263.7665405,45243.1542141805,202302161840
741,28375,61,0,155,Proctorville,"",3935.48387096774,39354.8387096774,16154829.5779114,21293.1141646593,202302161840
742,28519,153,3,328,Bridgeton,"",4664.63414634146,46646.3414634146,3782179.40026855,11964.2990373982,202302161840
743,28520,71,1,352,Cedar Island,"",2017.04545454545,20170.4545454545,633116579.775757,427477.052966736,202302161840
744,28524,106,1,443,Davis,"",2392.77652370203,23927.7652370203,547256692.822876,860357.358716607,202302161840
745,28527,417,2,905,Ernul,"",4607.73480662983,46077.3480662983,1145978492.04919,209684.397786102,202302161840
746,28528,143,2,640,Gloucester,"",2234.375,22343.75,74196560.923584,79933.9347539672,202302161840
747,28533,466,0,0,Cherry Point,"",,,253735788.170532,192645.367219711,202302161840
748,28537,41,0,186,Hobucken,"",2204.30107526882,22043.0107526882,891999129.25647,352204.851723087,202302161840
749,28544,1674,13,5607,Midway Park,"",2985.55377207063,29855.5377207063,155759986.503357,92182.0384683424,202302161840
750,28545,429,0,4010,Mccutcheon Field,"",1069.82543640898,10698.2543640898,145247654.855835,101700.276162633,202302161840
751,28552,31,0,131,Lowland,"",2366.41221374046,23664.1221374046,211084218.553589,104037.967496467,202302161840
752,28556,223,7,1150,Merritt,"",1939.13043478261,19391.3043478261,1139666751.30212,394317.853497313,202302161840
753,28561,133,1,0,New Bern,"",,,195198.709350586,2618.49962886206,202302161840
754,28579,136,2,798,Smyrna,"",1704.26065162907,17042.6065162907,633080494.557556,233023.142000653,202302161840
755,28581,45,1,224,Stacy,"",2008.92857142857,20089.2857142857,2404669972.88318,703346.462367878,202302161840
756,28583,42,1,0,Stonewall,"",,,596710.740722656,3607.20989795631,202302161840
757,28587,87,1,324,Vandemere,"",2685.18518518519,26851.8518518519,250612018.426636,182903.197478108,202302161840
758,28611,231,4,978,Collettsville,"",2361.96319018405,23619.6319018405,2483135872.03735,419111.187381629,202302161840
759,28629,33,0,63,Glendale Springs,"",5238.09523809524,52380.9523809524,18113919.8492432,19773.9407564207,202302161840
760,28646,243,1,463,Linville,"",5248.38012958963,52483.8012958963,440709602.757813,156576.175660301,202302161840
761,28663,179,1,715,Piney Creek,"",2503.4965034965,25034.965034965,577849850.650269,137228.322788793,202302161840
762,28667,149,3,105,Rhodhiss,"",,,1309548.80932617,6065.66147149414,202302161840
763,28672,10,0,35,Scottville,"",2857.14285714286,28571.4285714286,62555584.7313232,47932.7256464108,202302161840
764,28698,489,5,1844,Zionville,"",2651.84381778742,26518.4381778742,762471326.925049,227334.653867248,202302161840
765,28708,139,3,1340,Balsam Grove,"",1037.31343283582,10373.1343283582,795626278.709686,241272.033803256,202302161840
766,28709,547,5,2308,Barnardsville,"",2370.01733102253,23700.1733102253,1635213770.4093,231197.383485249,202302161840
767,28717,491,6,1471,Cashiers,"",3337.86539768865,33378.6539768865,1160000231.10587,300525.403558474,202302161840
768,28720,24,0,35,Chimney Rock,"",6857.14285714286,68571.4285714286,47877696.5422974,47768.4833790312,202302161840
769,28725,137,4,36,Dillsboro,"",,,1395548.49920654,7541.63511359509,202302161840
770,28733,35,0,200,Fontana Dam,"",1750,17500,498075903.916718,200917.740964481,202302161840
771,28735,61,0,294,Gerton,"",2074.82993197279,20748.2993197279,137680777.623108,92735.3834552802,202302161840
772,28743,560,9,2422,Hot Springs,"",2312.1387283237,23121.387283237,2855463957.34918,351331.648547095,202302161840
773,28749,30,0,0,Little Switzerland,"",,,1713987.45050049,8852.52475284555,202302161840
774,28757,133,0,0,Montreat,"",,,129672.114624023,2617.87913210505,202302161840
775,28772,471,5,1942,Rosman,"",2425.33470648816,24253.3470648816,577124059.134399,256613.212684218,202302161840
776,28774,293,3,1569,Sapphire,"",1867.43148502231,18674.3148502231,1130246511.80005,224488.61951138,202302161840
777,28781,208,1,957,Topton,"",2173.45872518286,21734.5872518286,2402982140.90009,297913.620657843,202302161840
778,27969,8,0,0,Roduco,"",,,724387.010986328,3958.82496624679,202302161840
779,28253,,,0,Charlotte,Population <500 and Cases <5,,,133339.295837402,3050.2273713774,202302161840
780,28608,156,0,0,Boone,"",,,274774.708862305,3583.90419251761,202302161840
