OBJECTID,ZIPCode,Cases,Deaths,TotalPop,Place,Note,RatePer10K,RatePer100K,Shape__Area,Shape__Length,DataGatherTS
1,27006,4784,26,14872,Advance,"",3216.78321678322,32167.8321678322,1744189234.37061,355282.663136038,202304081840
2,27007,823,9,2136,Ararat,"",3852.99625468165,38529.9625468165,592499585.594238,195922.003442792,202304081840
3,27009,878,9,2937,Belews Creek,"",2989.44501191692,29894.4501191692,618093097.011353,191244.647442635,202304081840
4,27011,2182,22,5411,Boonville,"",4032.52633524302,40325.2633524302,1489580093.86462,316910.589814884,202304081840
5,27012,10061,97,28954,Clemmons,"",3474.82213165711,34748.2213165711,1176567385.86804,255774.303165276,202304081840
6,27013,2021,18,6495,Cleveland,"",3111.62432640493,31116.2432640493,2066336247.98627,379169.285246239,202304081840
7,27014,363,6,957,Cooleemee,"",3793.10344827586,37931.0344827586,21479098.032959,22299.1178929161,202304081840
8,27016,738,11,1682,Danbury,"",4387.63376932224,43876.3376932224,1068209590.0686,211061.413302457,202304081840
9,27017,3803,39,9499,Dobson,"",4003.57932413938,40035.7932413938,2962951682.04883,566348.974052303,202304081840
10,27018,2769,18,8221,East Bend,"",3368.20338158375,33682.0338158375,2331567909.96985,255811.974556888,202304081840
11,27019,1201,9,4234,Germanton,"",2836.56117146906,28365.6117146906,977414017.819214,270248.259734795,202304081840
12,27020,2349,16,6104,Hamptonville,"",3848.29619921363,38482.9619921363,2114111622.36755,316969.486887135,202304081840
13,27021,6753,100,17979,King,"",3756.04872351076,37560.4872351076,1469376476.14172,210392.900707099,202304081840
14,27022,436,4,1512,Lawsonville,"",2883.59788359788,28835.9788359788,918745327.278442,200803.000966771,202304081840
15,27023,3994,22,12775,Lewisville,"",3126.41878669276,31264.1878669276,807172159.002075,183078.980128526,202304081840
16,27024,938,12,2683,Lowgap,"",3496.08647036899,34960.8647036899,1265827411.39758,278411.484773322,202304081840
17,27025,3260,53,11117,Madison,"",2932.44580372403,29324.4580372403,2714649364.33142,468723.596670607,202304081840
18,27027,1201,23,4017,Mayodan,"",2989.79337814289,29897.9337814289,548179131.574585,172371.363079245,202304081840
19,27028,9650,89,28039,Mocksville,"",3441.63486572274,34416.3486572274,5475621774.30664,567238.136149726,202304081840
20,27030,14566,243,37641,Mount Airy,"",3869.71653250445,38697.1653250445,4824085732.75671,624989.724929864,202304081840
21,27040,3954,23,13150,Pfafftown,"",3006.84410646388,30068.4410646388,763349953.536133,205025.773716105,202304081840
22,27041,2793,33,8020,Pilot Mountain,"",3482.54364089776,34825.4364089776,1629462738.40637,324677.141569035,202304081840
23,27042,212,3,720,Pine Hall,"",2944.44444444444,29444.4444444444,290758639.069458,113971.243586081,202304081840
24,27043,2188,19,6442,Pinnacle,"",3396.46072648246,33964.6072648246,1935795027.06067,395674.180712495,202304081840
25,27045,3607,25,9583,Rural Hall,"",3763.95700720025,37639.5700720025,666085549.25769,154538.589918543,202304081840
26,27046,553,8,1953,Sandy Ridge,"",2831.54121863799,28315.4121863799,1237681699.0647,217125.573744555,202304081840
27,27047,467,4,1279,Siloam,"",3651.29007036747,36512.9007036747,576295820.815674,144984.839113672,202304081840
28,27048,2462,27,8902,Stoneville,"",2765.67063581218,27656.7063581218,2355000804.03674,325454.766660312,202304081840
29,27050,1318,15,4084,Tobaccoville,"",3227.22820763957,32272.2820763957,703876500.567505,219088.1792708,202304081840
30,27051,2773,25,8287,Walkertown,"",3346.20489923977,33462.0489923977,524680317.775635,151066.808563308,202304081840
31,27052,3389,46,10061,Walnut Cove,"",3368.4524401153,33684.524401153,2710320219.82117,403203.611044297,202304081840
32,27053,895,9,3156,Westfield,"",2835.86818757921,28358.6818757921,2152815477.55933,413464.446930883,202304081840
33,27054,907,13,2608,Woodleaf,"",3477.76073619632,34777.6073619632,778193820.583862,201172.963339102,202304081840
34,27055,6227,65,14521,Yadkinville,"",4288.27215756491,42882.7215756491,3115987965.39453,403366.492297811,202304081840
35,27101,6808,66,24321,Winston Salem,"",2799.22700546853,27992.2700546853,356085731.400146,162957.922513792,202304081840
36,27103,11761,97,36071,Winston Salem,"",3260.51398630479,32605.1398630479,527249856.672729,146399.561156354,202304081840
37,27104,9301,73,29383,Winston Salem,"",3165.43579620869,31654.3579620869,337669863.683838,130394.134288752,202304081840
38,27105,13372,95,40186,Winston Salem,"",3327.52699945255,33275.2699945255,950547784.577881,208375.813794777,202304081840
39,27106,15093,115,51378,Winston Salem,"",2937.6386780334,29376.386780334,787324720.967285,203893.681115083,202304081840
40,27107,16023,123,52432,Winston Salem,"",3055.95819346964,30559.5819346964,1859279716.41162,319111.813640457,202304081840
41,27127,13279,63,38510,Winston Salem,"",3448.19527395482,34481.9527395482,820319160.873047,213438.375685158,202304081840
42,27157,212,1,5,Winston Salem,"",,,827769.094482422,4216.57245655308,202304081840
43,27203,7775,86,21876,Asheboro,"",3554.12324008045,35541.2324008045,589408161.410522,188062.356665824,202304081840
44,27205,10544,92,34549,Asheboro,"",3051.89730527656,30518.9730527656,6255653514.79199,588011.232518038,202304081840
45,27207,1075,5,3806,Bear Creek,"",2824.48765107725,28244.8765107725,2300194678.82397,473699.237818466,202304081840
46,27208,492,4,1691,Bennett,"",2909.52099349497,29095.2099349497,1029479783.1405,215638.108979383,202304081840
47,27209,1677,58,4151,Biscoe,"",4039.99036376777,40399.9036376777,1198089302.20734,259108.004034657,202304081840
48,27212,681,1,1600,Blanch,"",4256.25,42562.5,1328181375.12305,277007.399750669,202304081840
49,27214,3604,27,11747,Browns Summit,"",3068.01736613603,30680.1736613603,1414533235.94788,324969.09283087,202304081840
50,27215,15923,161,44892,Burlington,"",3546.95714158425,35469.5714158425,1827823774.30115,298200.358945539,202304081840
51,27217,15438,178,39111,Burlington,"",3947.22712280433,39472.2712280433,3473433663.33496,513818.514768521,202304081840
52,27229,1401,25,4014,Candor,"",3490.28400597907,34902.8400597907,2747739848.89313,367384.611313313,202304081840
53,27231,559,2,2048,Cedar Grove,"",2729.4921875,27294.921875,987771348.581177,209108.769362036,202304081840
54,27233,1013,10,3647,Climax,"",2777.6254455717,27776.254455717,703252829.253662,187154.002103637,202304081840
55,27235,1462,17,4575,Colfax,"",3195.62841530055,31956.2841530055,380654027.583252,148521.339190304,202304081840
56,27239,2896,32,9629,Denton,"",3007.58126492886,30075.8126492886,4319759872.9696,429373.198159065,202304081840
57,27242,643,9,2668,Eagle Springs,"",2410.04497751124,24100.4497751124,1480408484.01825,321391.030328654,202304081840
58,27243,1249,6,4665,Efland,"",2677.38478027867,26773.8478027867,1142332751.10315,311755.144165645,202304081840
59,27244,6249,38,16259,Elon,"",3843.40980380097,38434.0980380097,1541989025.453,399696.340130383,202304081840
60,27248,1341,15,4835,Franklinville,"",2773.52637021717,27735.2637021717,942909114.352783,215710.992817748,202304081840
61,27249,4235,34,13355,Gibsonville,"",3171.09696742793,31710.9696742793,1679803774.77087,397477.611919869,202304081840
62,27252,449,4,2264,Goldston,"",1983.21554770318,19832.1554770318,1142470673.17163,220926.147155477,202304081840
63,27253,11933,110,31464,Graham,"",3792.58835494533,37925.8835494533,2351372927.78931,521476.969804175,202304081840
64,27258,2415,18,7740,Haw River,"",3120.15503875969,31201.5503875969,473631125.268677,312686.877842212,202304081840
65,27260,7437,95,25696,High Point,"",2894.22478206725,28942.2478206725,348441568.963501,133229.878739789,202304081840
66,27262,6792,105,24764,High Point,"",2742.69100306897,27426.9100306897,368730084.700928,171087.864383377,202304081840
67,27263,6492,91,22320,High Point,"",2908.60215053763,29086.0215053763,1121512604.52234,249658.228757679,202304081840
68,27265,15056,119,50038,High Point,"",3008.91322594828,30089.1322594828,1172957282.41284,307481.490778656,202304081840
69,27268,580,0,1695,High Point,"",3421.82890855457,34218.2890855457,2495618.64758301,8251.66869064816,202304081840
70,27278,7822,35,27181,Hillsborough,"",2877.74548397778,28777.4548397778,2885765742.02771,502574.675043234,202304081840
71,27281,954,9,3710,Jackson Springs,"",2571.42857142857,25714.2857142857,2095606802.2608,479969.724586593,202304081840
72,27282,4765,54,16597,Jamestown,"",2871.00078327409,28710.0078327409,404066994.873657,168803.970950205,202304081840
73,27283,856,9,2982,Julian,"",2870.55667337357,28705.5667337357,711286368.914917,161239.518798817,202304081840
74,27284,17977,178,56201,Kernersville,"",3198.69753207238,31986.9753207238,2233069317.10205,420748.080109326,202304081840
75,27288,7518,100,23585,Eden,"",3187.619249523,31876.19249523,1951079100.05676,304615.616752016,202304081840
76,27291,419,4,1538,Leasburg,"",2724.31729518856,27243.1729518856,1492904663.44434,314720.3653191,202304081840
77,27292,14072,118,41465,Lexington,"",3393.70553478838,33937.0553478838,4270233445.18579,407599.915340798,202304081840
78,27295,14202,117,39191,Lexington,"",3623.79117654564,36237.9117654564,3631502180.53174,466742.919509857,202304081840
79,27298,3096,29,10440,Liberty,"",2965.51724137931,29655.1724137931,2639148530.03284,431527.987760386,202304081840
80,27299,2025,17,5254,Linwood,"",3854.20631899505,38542.0631899505,822543412.257813,203597.604040364,202304081840
81,27301,3476,33,10019,Mc Leansville,"",3469.40812456333,34694.0812456333,900133716.655151,287107.537324028,202304081840
82,27302,11119,59,32302,Mebane,"",3442.20172125565,34422.0172125565,3198656461.27478,644303.594275321,202304081840
83,27305,438,4,1585,Milton,"",2763.40694006309,27634.0694006309,687167820.539429,263836.485514183,202304081840
84,27306,2192,27,5945,Mount Gilead,"",3687.13204373423,36871.3204373423,5305900334.83325,426306.558627535,202304081840
85,27310,2247,8,8562,Oak Ridge,"",2624.38682550806,26243.8682550806,526240082.103149,140986.043049622,202304081840
86,27311,976,9,3220,Pelham,"",3031.05590062112,30310.5590062112,1338371966.32642,293760.993606137,202304081840
87,27312,5312,38,22205,Pittsboro,"",2392.25399684756,23922.5399684756,5005768374.64233,617961.777569282,202304081840
88,27313,1970,40,7288,Pleasant Garden,"",2703.07354555434,27030.7354555434,760352714.59021,181619.740165306,202304081840
89,27314,295,2,1138,Prospect Hill,"",2592.26713532513,25922.6713532513,773578280.842896,162162.976448062,202304081840
90,27315,471,2,2140,Providence,"",2200.93457943925,22009.3457943925,697810511.310425,179457.95829655,202304081840
91,27316,2113,29,7156,Ramseur,"",2952.76690888765,29527.6690888765,1975410509.03577,278228.393914437,202304081840
92,27317,5775,59,17851,Randleman,"",3235.11287883032,32351.1287883032,1700826686.43616,339539.515262609,202304081840
93,27320,11741,111,38894,Reidsville,"",3018.71753998046,30187.1753998046,6966725984.64832,658218.836963247,202304081840
94,27325,2124,22,7676,Robbins,"",2767.06618030224,27670.6618030224,2401051783.47894,409075.895347678,202304081840
95,27326,1102,7,3692,Ruffin,"",2984.83206933911,29848.3206933911,1884156536.74561,359587.547530237,202304081840
96,27330,13083,110,39529,Sanford,"",3309.72197627059,33097.2197627059,6011213414.18433,528161.840140258,202304081840
97,27332,10121,77,33549,Sanford,"",3016.78142418552,30167.8142418552,2996782209.29614,417113.1648361,202304081840
98,27341,1529,14,5820,Seagrove,"",2627.14776632302,26271.4776632302,2678433259.4787,311632.157547413,202304081840
99,27343,412,0,1840,Semora,"",2239.13043478261,22391.3043478261,1390260353.39624,348769.311430722,202304081840
100,27344,5889,53,19290,Siler City,"",3052.87713841369,30528.7713841369,4591228058.44531,607903.308882545,202304081840
101,27349,2081,13,5850,Snow Camp,"",3557.26495726496,35572.6495726496,1831279532.651,381750.490582419,202304081840
102,27350,2059,22,7508,Sophia,"",2742.40809802877,27424.0809802877,1066449848.573,204602.636460839,202304081840
103,27355,783,5,3196,Staley,"",2449.93742177722,24499.3742177722,1016358702.6969,245160.332752788,202304081840
104,27356,942,12,3513,Star,"",2681.46883005978,26814.6883005978,1815293543.21783,348288.379855761,202304081840
105,27357,2939,42,8325,Stokesdale,"",3530.33033033033,35303.3033033033,1273124268.28796,223115.118835702,202304081840
106,27358,3733,20,15960,Summerfield,"",2338.97243107769,23389.7243107769,1557557662.14905,323017.176053331,202304081840
107,27360,15296,156,48331,Thomasville,"",3164.84244066955,31648.4244066955,2458732404.91687,372395.85217249,202304081840
108,27370,4821,74,14622,Trinity,"",3297.08658186295,32970.8658186295,1663817222.16028,344702.900725307,202304081840
109,27371,2425,27,7778,Troy,"",3117.76806376961,31177.6806376961,4076136455.00793,473833.643450898,202304081840
110,27376,3012,33,9884,West End,"",3047.34925131526,30473.4925131526,1781050002.06519,320932.333330313,202304081840
111,27377,3832,18,9597,Whitsett,"",3992.91445243305,39929.1445243305,736936774.92627,183024.518653502,202304081840
112,27379,1655,27,6057,Yanceyville,"",2732.37576357933,27323.7576357933,2663338769.75159,422550.665080929,202304081840
113,27401,6467,60,20221,Greensboro,"",3198.16032837149,31981.603283715,171748092.127686,100334.769337553,202304081840
114,27403,5064,41,21278,Greensboro,"",2379.92292508694,23799.2292508694,159396286.028687,87465.254538865,202304081840
115,27405,16434,121,52510,Greensboro,"",3129.68958293658,31296.8958293658,886695637.391357,284328.52642169,202304081840
116,27406,19261,215,60755,Greensboro,"",3170.27405151839,31702.7405151839,1894160074.00403,327705.317343954,202304081840
117,27407,14848,143,49837,Greensboro,"",2979.31255894215,29793.1255894215,840498790.451172,227731.576408349,202304081840
118,27408,4525,21,17406,Greensboro,"",2599.67827186028,25996.7827186028,221403500.549561,80148.1616765213,202304081840
119,27409,5533,34,17953,Greensboro,"",3081.93616665738,30819.3616665738,603872824.646484,239783.02449594,202304081840
120,27410,14458,115,56968,Greensboro,"",2537.91602303047,25379.1602303047,859363574.914917,272309.563854046,202304081840
121,27455,8245,100,29197,Greensboro,"",2823.92026578073,28239.2026578073,816075696.678345,198282.860420202,202304081840
122,27501,7484,44,21338,Angier,"",3507.3577654888,35073.577654888,1683348454.90833,329143.189780915,202304081840
123,27502,13528,23,43747,Apex,"",3092.32633094841,30923.2633094841,840126405.51062,242725.298081049,202304081840
124,27503,969,3,7222,Bahama,"",1341.73359180282,13417.3359180282,1054708975.44934,246183.053747647,202304081840
125,27504,6824,48,16320,Benson,"",4181.37254901961,41813.7254901961,2584462015.08862,486262.181304732,202304081840
126,27505,2162,23,7308,Broadway,"",2958.4017515052,29584.017515052,1509842573.20557,320128.84050568,202304081840
127,27507,479,3,2053,Bullock,"",2333.1709693132,23331.709693132,1354883649.98218,266873.357504052,202304081840
128,27508,800,2,2340,Bunn,"",3418.80341880342,34188.0341880342,312599782.273071,114289.902416244,202304081840
129,27509,3754,48,6935,Butner,"",5413.12184571017,54131.2184571017,507253453.414795,156294.942704551,202304081840
130,27510,3612,10,14543,Carrboro,"",2483.66911916386,24836.6911916386,88705554.5671387,57867.6032694508,202304081840
131,27511,9052,48,34041,Cary,"",2659.14632355101,26591.4632355101,333520579.048462,98702.6527265332,202304081840
132,27513,11979,39,49003,Cary,"",2444.54421157888,24445.4421157888,474399121.186279,162336.294574525,202304081840
133,27514,8321,31,32847,Chapel Hill,"",2533.26026729991,25332.6026729991,579057212.663452,190879.985276748,202304081840
134,27516,10381,24,44117,Chapel Hill,"",2353.06117823061,23530.6117823061,2564236091.9281,438904.079251582,202304081840
135,27517,6595,33,28831,Chapel Hill,"",2287.46835003989,22874.6835003989,1520140847.99951,299162.993678502,202304081840
136,27518,6037,26,22765,Cary,"",2651.87788271469,26518.7788271469,262665807.612671,130741.025823352,202304081840
137,27519,16883,26,59960,Cary,"",2815.7104736491,28157.104736491,609072010.422363,166930.324843009,202304081840
138,27520,17541,122,43958,Clayton,"",3990.39992720324,39903.9992720324,1962402119.35425,374945.851452288,202304081840
139,27521,2342,19,7149,Coats,"",3275.98265491677,32759.8265491677,721041350.168091,174373.299688565,202304081840
140,27522,4575,15,13652,Creedmoor,"",3351.15733958394,33511.5733958394,2172960809.67273,361578.814896965,202304081840
141,27523,5107,5,12782,Apex,"",3995.46236895635,39954.6236895635,1210964088.06177,294058.887697932,202304081840
142,27524,4939,43,13532,Four Oaks,"",3649.86698196867,36498.6698196867,3831785222.9375,530912.577014992,202304081840
143,27525,6805,14,15534,Franklinton,"",4380.71327410841,43807.1327410841,2660281050.9928,421324.476104612,202304081840
144,27526,19750,89,54027,Fuquay Varina,"",3655.57961759861,36555.7961759861,2787678657.25134,460586.982042285,202304081840
145,27527,12164,31,30234,Clayton,"",4023.2850433287,40232.850433287,1261348608.45837,213730.175971786,202304081840
146,27529,20255,120,53854,Garner,"",3761.09481189884,37610.9481189884,1666161335.17407,336033.618547781,202304081840
147,27530,13024,139,40212,Goldsboro,"",3238.83417885208,32388.3417885208,2920081393.96802,465673.796837526,202304081840
148,27531,109,0,666,Goldsboro,"",1636.63663663664,16366.3663663664,123956304.007813,71472.4653387502,202304081840
149,27534,11408,132,31819,Goldsboro,"",3585.2792356768,35852.792356768,1995982542.31616,394454.137280507,202304081840
150,27536,6291,69,16459,Henderson,"",3822.22492253478,38222.2492253478,359552678.037964,148817.062353839,202304081840
151,27537,8303,59,25321,Henderson,"",3279.09640219581,32790.9640219581,5545289733.50195,795404.906342347,202304081840
152,27539,7701,15,26567,Apex,"",2898.70892460571,28987.0892460571,805959451.628174,335082.894750928,202304081840
153,27540,14864,23,39075,Holly Springs,"",3803.96673064619,38039.6673064619,1299006108.57275,339054.617126206,202304081840
154,27541,1159,6,4044,Hurdle Mills,"",2865.97428288823,28659.7428288823,1979862536.66309,328579.598479954,202304081840
155,27542,3035,32,10043,Kenly,"",3022.00537687942,30220.0537687942,2499059670.1123,366253.348192187,202304081840
156,27544,1387,7,4291,Kittrell,"",3232.34677231415,32323.4677231415,1645813165.28467,322022.503716068,202304081840
157,27545,13150,54,30327,Knightdale,"",4336.07016849672,43360.7016849672,885541868.759766,219250.012614228,202304081840
158,27546,7790,114,22436,Lillington,"",3472.0984132644,34720.984132644,3433026188.83105,510775.88711738,202304081840
159,27549,8337,53,25224,Louisburg,"",3305.18553758325,33051.8553758325,6636124442.18066,817297.028533168,202304081840
160,27551,527,4,2205,Macon,"",2390.02267573696,23900.2267573696,2443966870.98499,402849.299843211,202304081840
161,27553,953,2,2030,Manson,"",4694.58128078818,46945.8128078818,1245206626.07959,217969.561788749,202304081840
162,27556,77,1,298,Middleburg,"",2583.89261744966,25838.9261744966,67850312.0914307,63490.7222823736,202304081840
163,27557,2961,23,9214,Middlesex,"",3213.58801823312,32135.8801823312,2046463550.40088,338861.342265205,202304081840
164,27559,588,2,2874,Moncure,"",2045.92901878914,20459.2901878914,1458825370.29968,366837.077035256,202304081840
165,27560,10699,20,33691,Morrisville,"",3175.6255379775,31756.255379775,794384947.373291,268297.11970144,202304081840
166,27562,1362,2,2791,New Hill,"",4879.97133643855,48799.7133643855,1862081556.93738,349507.762295745,202304081840
167,27563,1572,15,5312,Norlina,"",2959.33734939759,29593.3734939759,1943381370.69177,412640.540954252,202304081840
168,27565,8446,70,26057,Oxford,"",3241.35548988755,32413.5548988755,9219811779.9552,826827.222809143,202304081840
169,27569,2978,18,8984,Princeton,"",3314.78183437222,33147.8183437222,2107084820.73511,313917.550563748,202304081840
170,27571,3656,5,7385,Rolesville,"",4950.57549085985,49505.7549085985,149121249.193359,94251.9264704589,202304081840
171,27572,1817,8,7316,Rougemont,"",2483.59759431383,24835.9759431383,3003228111.9873,397658.617230022,202304081840
172,27573,4080,67,11561,Roxboro,"",3529.10647867831,35291.0647867832,501787874.430542,219611.309648668,202304081840
173,27574,4112,29,15232,Roxboro,"",2699.57983193277,26995.7983193277,5527133817.3114,691755.452465681,202304081840
174,27576,6509,52,20197,Selma,"",3222.75585482993,32227.5585482993,2407427117.65723,339571.106645256,202304081840
175,27577,10062,91,25214,Smithfield,"",3990.64012056794,39906.4012056794,2877290650.99841,416726.966278934,202304081840
176,27581,1209,3,3956,Stem,"",3056.11729019211,30561.1729019211,1038615853.81189,246789.101888964,202304081840
177,27583,2240,15,7012,Timberlake,"",3194.52367370222,31945.2367370222,1327957318.65857,326956.719649922,202304081840
178,27587,31810,93,74087,Wake Forest,"",4293.60076666622,42936.0076666622,3132804734.81897,700749.84181148,202304081840
179,27589,2528,23,8312,Warrenton,"",3041.38594802695,30413.8594802695,4790731000.68542,626837.217934377,202304081840
180,27591,10135,47,23448,Wendell,"",4322.33026270897,43223.3026270897,1913446220.02844,380727.392057269,202304081840
181,27592,6072,19,17368,Willow Spring,"",3496.08475356978,34960.8475356978,1090932847.86865,312475.180771682,202304081840
182,27596,7803,17,18655,Youngsville,"",4182.79281693916,41827.9281693916,1519151285.28821,344366.073155402,202304081840
183,27597,11702,46,25494,Zebulon,"",4590.09963128579,45900.9963128579,3191967656.80884,568385.679042478,202304081840
184,27601,3637,8,12139,Raleigh,"",2996.12818189307,29961.2818189307,49970514.2080078,41226.7428180514,202304081840
185,27603,19560,71,55479,Raleigh,"",3525.65835721624,35256.5835721624,1420350588.63403,346107.072534997,202304081840
186,27604,16292,77,47645,Raleigh,"",3419.45639626404,34194.5639626404,550434833.049927,194088.121184431,202304081840
187,27605,2033,19,5253,Raleigh,"",3870.1694269941,38701.694269941,26954475.7900391,26465.2700663817,202304081840
188,27606,14737,33,47938,Raleigh,"",3074.17914806625,30741.7914806625,750229681.939209,267151.497057326,202304081840
189,27607,7712,23,30296,Raleigh,"",2545.55056773171,25455.5056773171,519162282.902344,200611.380547666,202304081840
190,27608,3676,8,11603,Raleigh,"",3168.1461690942,31681.461690942,91889809.9622803,55583.7467967219,202304081840
191,27609,12234,48,38631,Raleigh,"",3166.88669721208,31668.8669721208,310136046.756592,95880.1630267631,202304081840
192,27610,31077,142,74203,Raleigh,"",4188.10560219937,41881.0560219937,1211166911.84558,327751.489063643,202304081840
193,27612,12719,57,39208,Raleigh,"",3243.98082024077,32439.8082024077,428868509.332275,164483.082879678,202304081840
194,27613,14009,26,46521,Raleigh,"",3011.3282173642,30113.282173642,675406849.409912,184431.643996557,202304081840
195,27614,11657,31,37689,Raleigh,"",3092.94489108228,30929.4489108228,829063194.918701,218912.319813944,202304081840
196,27615,14112,77,46038,Raleigh,"",3065.29388765802,30652.9388765802,525952454.993774,134192.839940925,202304081840
197,27616,22538,62,55260,Raleigh,"",4078.53782120883,40785.3782120883,646426991.218628,201092.505637391,202304081840
198,27617,6787,7,19511,Raleigh,"",3478.55056122187,34785.5056122187,230483847.672241,125016.743498848,202304081840
199,27701,8306,28,26489,Durham,"",3135.64120955868,31356.4120955868,147212202.097778,89264.6755119976,202304081840
200,27703,20960,59,61351,Durham,"",3416.40723052599,34164.0723052599,1376809528.09961,349864.156739062,202304081840
201,27704,14421,73,39369,Durham,"",3663.03436714166,36630.3436714166,1307759376.10449,279407.953507315,202304081840
202,27705,15175,107,48078,Durham,"",3156.32929822372,31563.2929822372,1155101566.94189,288440.086812307,202304081840
203,27707,15385,32,47036,Durham,"",3270.89888595969,32708.9888595969,551326002.510864,228660.826032165,202304081840
204,27708,1381,0,4635,Durham,"",2979.50377562028,29795.0377562028,24140532.868042,39624.2440738689,202304081840
205,27709,1330,1,4,Durham,"",,,166810196.870483,93465.8554704914,202304081840
206,27710,29,0,0,Durham,"",,,3645590.83996582,9509.2112718363,202304081840
207,27712,6842,39,22055,Durham,"",3102.24438902743,31022.4438902743,952678558.948486,239427.124284806,202304081840
208,27713,16294,51,53996,Durham,"",3017.63093562486,30176.3093562486,1004016276.63342,186930.768828538,202304081840
209,27801,6472,44,21556,Rocky Mount,"",3002.41232139543,30024.1232139543,1947625744.14368,298032.749540483,202304081840
210,27803,6579,63,22337,Rocky Mount,"",2945.33733267672,29453.3733267672,1209689022.16736,314786.382274833,202304081840
211,27804,10020,152,29160,Rocky Mount,"",3436.21399176955,34362.1399176955,1207912397.80139,237805.719395059,202304081840
212,27805,782,6,3769,Aulander,"",2074.82090740249,20748.2090740249,3260348789.01416,427031.578041759,202304081840
213,27806,541,5,2441,Aurora,"",2216.30479311757,22163.0479311757,3806890944.80762,575449.481817414,202304081840
214,27807,2562,20,6940,Bailey,"",3691.64265129683,36916.4265129683,1393278091.89233,266050.599193056,202304081840
215,27808,712,9,2481,Bath,"",2869.81056025796,28698.1056025796,1375581489.5946,320371.987641635,202304081840
216,27809,1413,14,5254,Battleboro,"",2689.37952036544,26893.7952036544,2127311815.53979,418206.140952668,202304081840
217,27812,790,3,2951,Bethel,"",2677.05862419519,26770.5862419519,1796512894.90283,307599.92172387,202304081840
218,27813,264,2,687,Black Creek,"",3842.79475982533,38427.9475982533,17954681.8726807,21851.3845296183,202304081840
219,27814,468,8,1801,Blounts Creek,"",2598.55635757912,25985.5635757912,2084052221.88855,349050.345630614,202304081840
220,27816,730,6,2634,Castalia,"",2771.4502657555,27714.5026575551,1727056405.90051,269780.663460197,202304081840
221,27817,2573,18,7777,Chocowinity,"",3308.47370451331,33084.7370451331,3011254799.10022,441922.251479678,202304081840
222,27818,293,1,1269,Como,"",2308.90464933018,23089.0464933018,1775223218.97412,291672.91933713,202304081840
223,27820,677,12,3292,Conway,"",2056.50060753341,20565.0060753341,1787180209.86865,300570.413456991,202304081840
224,27822,2808,34,9119,Elm City,"",3079.2850093212,30792.850093212,2421416079.34338,500329.938801195,202304081840
225,27823,2473,16,7812,Enfield,"",3165.64260112647,31656.4260112647,5279947738.18738,591795.38238411,202304081840
226,27827,76,0,99,Falkland,"",7676.76767676768,76767.6767676768,6818760.54968262,12365.1347191574,202304081840
227,27828,3174,17,9031,Farmville,"",3514.56095670468,35145.6095670468,1954373169.79175,304535.643741104,202304081840
228,27829,560,4,1872,Fountain,"",2991.45299145299,29914.5299145299,1242859232.87109,276952.810668189,202304081840
229,27830,1329,15,4858,Fremont,"",2735.69370111157,27356.9370111157,1661392631.86707,301522.072838785,202304081840
230,27831,1139,13,3588,Garysburg,"",3174.47045707915,31744.7045707915,1733783751.73071,369102.732751728,202304081840
231,27832,1073,14,2912,Gaston,"",3684.75274725275,36847.5274725275,1029571544.94922,217897.088475999,202304081840
232,27834,21687,106,57505,Greenville,"",3771.32423267542,37713.2423267542,5082356628.8689,890421.476518531,202304081840
233,27837,2260,14,6506,Grimesland,"",3473.71656932063,34737.1656932063,1710764546.60681,462288.004070908,202304081840
234,27839,974,7,3702,Halifax,"",2631.01026472177,26310.1026472177,3728459644.54443,454921.143892168,202304081840
235,27840,122,4,535,Hamilton,"",2280.3738317757,22803.738317757,127567387.286499,59155.8177418193,202304081840
236,27842,278,1,1436,Henrico,"",1935.93314763231,19359.3314763231,414285932.678223,116849.514846702,202304081840
237,27843,348,4,946,Hobgood,"",3678.64693446089,36786.4693446089,1458584246.23853,232329.162988765,202304081840
238,27844,1176,10,3039,Hollister,"",3869.69397828233,38696.9397828233,1251113401.94934,274076.283965929,202304081840
239,27845,563,15,2841,Jackson,"",1981.69658570926,19816.9658570926,2842001076.66528,416912.567186113,202304081840
240,27846,985,11,3069,Jamesville,"",3209.51449983708,32095.1449983708,3050744149.28796,442133.927899832,202304081840
241,27847,195,2,1071,Kelford,"",1820.72829131653,18207.2829131653,1048559305.60547,265580.578438826,202304081840
242,27849,391,4,1483,Lewiston Woodville,"",2636.54753877276,26365.4753877276,2062202839.65674,367759.436044124,202304081840
243,27850,1808,12,7413,Littleton,"",2438.95858626737,24389.5858626737,5554617534.52942,570792.398502674,202304081840
244,27851,1636,22,5595,Lucama,"",2924.03932082216,29240.3932082216,1253082833.57764,200836.347936783,202304081840
245,27852,915,8,3454,Macclesfield,"",2649.10248986682,26491.0248986682,1418996205.83582,268041.951522527,202304081840
246,27853,116,2,436,Margarettsville,"",2660.5504587156,26605.504587156,1061331085.73535,233986.055045062,202304081840
247,27855,1506,11,6105,Murfreesboro,"",2466.83046683047,24668.3046683047,1379257056.24951,246550.621363096,202304081840
248,27856,6102,63,17301,Nashville,"",3526.96375932027,35269.6375932027,3696764195.94336,508647.139191862,202304081840
249,27857,362,10,1601,Oak City,"",2261.08682073704,22610.8682073704,2180191629.70935,354763.313675516,202304081840
250,27858,19743,51,58170,Greenville,"",3394.01753481176,33940.1753481176,1683129152.90881,395293.630437,202304081840
251,27860,622,6,2062,Pantego,"",3016.4888457808,30164.888457808,4384086912.80859,475177.331131482,202304081840
252,27862,171,4,945,Pendleton,"",1809.52380952381,18095.2380952381,1337735767.81812,305131.144563485,202304081840
253,27863,4224,42,12670,Pikeville,"",3333.85951065509,33338.5951065509,1822358483.62146,414140.550515842,202304081840
254,27864,1611,13,4823,Pinetops,"",3340.24466099938,33402.4466099938,1058515929.69434,223861.53375515,202304081840
255,27865,689,12,2003,Pinetown,"",3439.84023964054,34398.4023964054,3183419700.15735,407140.115990912,202304081840
256,27866,257,3,672,Pleasant Hill,"",3824.40476190476,38244.0476190476,548856343.547363,183824.668332886,202304081840
257,27869,738,22,2167,Rich Square,"",3405.62990309183,34056.2990309183,2314340977.34839,283794.508144883,202304081840
258,27870,10321,117,26633,Roanoke Rapids,"",3875.26752525063,38752.6752525063,1958976214.39966,237465.130853914,202304081840
259,27871,1378,16,4466,Robersonville,"",3085.53515450067,30855.3515450067,2640265625.23401,370404.169208956,202304081840
260,27874,1391,21,4766,Scotland Neck,"",2918.59001258917,29185.9001258917,3988089594.78687,425091.541566969,202304081840
261,27876,382,5,1290,Seaboard,"",2961.24031007752,29612.4031007752,1161065802.28784,286123.221519332,202304081840
262,27880,1086,2,3280,Sims,"",3310.9756097561,33109.756097561,661768421.449585,178936.521495753,202304081840
263,27882,2684,24,7927,Spring Hope,"",3385.89630377192,33858.9630377192,2721376125.90833,404465.358087667,202304081840
264,27883,1132,13,4361,Stantonsburg,"",2595.73492318276,25957.3492318276,2149873597.18677,378850.12800901,202304081840
265,27884,477,1,1545,Stokes,"",3087.3786407767,30873.786407767,1118165618.53992,178810.199825373,202304081840
266,27885,502,5,859,Swanquarter,"",5844.00465657742,58440.0465657742,3236637890.30994,778832.459471454,202304081840
267,27886,7300,98,21595,Tarboro,"",3380.41213243806,33804.1213243806,5534275751.92761,530150.851444627,202304081840
268,27888,804,2,2803,Walstonburg,"",2868.35533357117,28683.5533357117,1661899290.0293,260588.447365408,202304081840
269,27889,10567,118,27543,Washington,"",3836.54649094144,38365.4649094144,4746901259.41052,624948.845007957,202304081840
270,27890,915,22,2398,Weldon,"",3815.67973311093,38156.7973311093,250295126.203369,88214.5142201126,202304081840
271,27891,1544,15,5011,Whitakers,"",3081.22131311116,30812.2131311116,3802342458.24487,551887.618669608,202304081840
272,27892,4842,59,14363,Williamston,"",3371.16201350693,33711.6201350693,4740161664.64209,528153.604658044,202304081840
273,27893,13411,216,40647,Wilson,"",3299.38248825252,32993.8248825252,3134674028.43115,441390.734015219,202304081840
274,27896,7249,65,21212,Wilson,"",3417.40524231567,34174.0524231567,1013992738.34033,260787.736893696,202304081840
275,27897,387,2,2467,Woodland,"",1568.70693149574,15687.0693149574,1262848506.99878,250563.523857377,202304081840
276,27909,10328,134,40958,Elizabeth City,"",2521.60750036623,25216.0750036623,6356628470.42627,720925.199090357,202304081840
277,27910,3618,75,11609,Ahoskie,"",3116.54750624515,31165.4750624515,3854004911.8667,558805.248838311,202304081840
278,27915,243,1,758,Avon,"",3205.80474934037,32058.0474934037,132797325.68457,159985.858445685,202304081840
279,27916,223,1,554,Aydlett,"",4025.27075812274,40252.7075812274,175446906.710938,88834.9392660151,202304081840
280,27917,346,8,1084,Barco,"",3191.88191881919,31918.8191881919,583346697.773926,150643.300800981,202304081840
281,27922,255,5,1107,Cofield,"",2303.52303523035,23035.2303523035,1372106941.59424,230585.938382193,202304081840
282,27924,840,8,3509,Colerain,"",2393.84440011399,23938.4440011399,2545571117.46045,325068.518729582,202304081840
283,27925,1194,9,4164,Columbia,"",2867.43515850144,28674.3515850144,9421043776.67224,822613.133571787,202304081840
284,27926,297,1,1965,Corapeake,"",1511.45038167939,15114.5038167939,1084179276.0813,176947.978129327,202304081840
285,27927,223,0,613,Corolla,"",3637.84665579119,36378.4665579119,685869287.21875,1266393.74615983,202304081840
286,27928,550,9,1888,Creswell,"",2913.13559322034,29131.3559322034,3736346955.86023,344143.792077435,202304081840
287,27929,329,3,1949,Currituck,"",1688.04515135967,16880.4515135967,352573124.774658,146317.944454099,202304081840
288,27932,4722,57,12644,Edenton,"",3734.57766529579,37345.7766529579,3509551689.6084,391797.495792958,202304081840
289,27935,377,3,1674,Eure,"",2252.0908004779,22520.908004779,1443577833.21069,213483.780281898,202304081840
290,27937,788,8,4253,Gates,"",1852.80978133083,18528.0978133083,2407949124.70361,290137.740864669,202304081840
291,27938,440,11,1430,Gatesville,"",3076.92307692308,30769.2307692308,1202645918.03784,229961.178585235,202304081840
292,27942,177,2,936,Harrellsville,"",1891.02564102564,18910.2564102564,927451831.666504,150762.800286803,202304081840
293,27944,3212,21,12230,Hertford,"",2626.32869991823,26263.2869991823,5013940953.42065,828274.577378666,202304081840
294,27946,291,0,1089,Hobbsville,"",2672.17630853994,26721.7630853994,1234977495.96777,250163.996071758,202304081840
295,27948,3316,10,12518,Kill Devil Hills,"",2648.98546093625,26489.8546093625,288939959.776123,266090.270790261,202304081840
296,27949,2161,6,7235,Kitty Hawk,"",2986.86938493435,29868.6938493435,426732703.740967,296487.58160632,202304081840
297,27950,289,0,2183,Knotts Island,"",1323.86623912048,13238.6623912048,1009906812.90234,393684.159837613,202304081840
298,27957,403,11,1419,Merry Hill,"",2840.0281888654,28400.281888654,1345289022.66797,219570.3989813,202304081840
299,27958,2722,14,12061,Moyock,"",2256.86095680292,22568.6095680292,2191273226.67993,258895.732965411,202304081840
300,27959,824,2,2451,Nags Head,"",3361.89310485516,33618.9310485516,464337538.219238,468359.824712584,202304081840
301,27962,2354,33,7439,Plymouth,"",3164.40381771743,31644.0381771743,2248894843.11377,323982.42240407,202304081840
302,27966,310,0,1473,Powells Point,"",2104.54854039375,21045.4854039375,310362212.773438,140593.315765635,202304081840
303,27968,116,0,413,Rodanthe,"",2808.71670702179,28087.1670702179,255307311.38855,376970.397727618,202304081840
304,27970,1002,14,3214,Roper,"",3117.6104542626,31176.104542626,3979984913.95898,386215.845703473,202304081840
305,27976,819,2,3561,South Mills,"",2299.91575400168,22999.1575400168,2739484648.62012,348819.066033239,202304081840
306,27979,290,0,1813,Sunbury,"",1599.55874241589,15995.5874241589,2196378526.26221,272849.595585558,202304081840
307,27982,21,0,0,Waves,"",,,5381164.09509277,11228.317119066,202304081840
308,27983,2835,47,10633,Windsor,"",2666.22778143515,26662.2778143515,9431469996.22351,861662.756904588,202304081840
309,27986,424,4,2650,Winton,"",1600,16000,374234308.870117,153016.850399202,202304081840
310,28001,10843,186,28360,Albemarle,"",3823.34273624824,38233.4273624824,3791255242.38873,479491.354130006,202304081840
311,28006,397,5,1136,Alexis,"",3494.71830985915,34947.1830985916,126883649.701416,88485.0702727942,202304081840
312,28012,8881,68,24276,Belmont,"",3658.34569121766,36583.4569121766,865729022.118042,170607.84187697,202304081840
313,28016,4830,51,14526,Bessemer City,"",3325.07228418009,33250.7228418009,1271825919.55414,236943.686135101,202304081840
314,28018,1818,40,5943,Bostic,"",3059.06108026249,30590.6108026249,2694770404.83051,433562.153950885,202304081840
315,28020,816,9,2464,Casar,"",3311.68831168831,33116.8831168831,1475633951.64899,260515.821792163,202304081840
316,28021,4657,81,13436,Cherryville,"",3466.06132777612,34660.6132777612,1626380587.60425,391038.422631114,202304081840
317,28023,5068,65,14843,China Grove,"",3414.40409620697,34144.0409620697,1273875684.14087,277795.952246167,202304081840
318,28025,18859,171,55325,Concord,"",3408.76638047899,34087.6638047899,2992149162.05573,466210.816136512,202304081840
319,28027,24163,160,74072,Concord,"",3262.09633869748,32620.9633869748,1903468707.60345,332965.289746402,202304081840
320,28031,8971,46,31049,Cornelius,"",2889.30400334954,28893.0400334954,672168572.25116,151594.592125485,202304081840
321,28032,1196,7,3249,Cramerton,"",3681.13265620191,36811.3265620191,59161626.1264038,51515.5503878613,202304081840
322,28033,1157,10,3362,Crouse,"",3441.40392623438,34414.0392623438,509703222.739563,189532.085619349,202304081840
323,28034,7305,77,17859,Dallas,"",4090.37460104149,40903.7460104149,1273410668.68243,215322.291269956,202304081840
324,28036,5826,29,18554,Davidson,"",3140.0237145629,31400.237145629,669928559.48645,197029.79366816,202304081840
325,28037,8260,33,23834,Denver,"",3465.63732483007,34656.3732483007,1521729514.62848,312689.389421742,202304081840
326,28039,150,4,428,East Spencer,"",3504.67289719626,35046.7289719626,13759835.5942383,34526.6128305972,202304081840
327,28040,2420,33,8270,Ellenboro,"",2926.23941958888,29262.3941958888,1773879551.02985,348064.117544276,202304081840
328,28043,7143,154,21472,Forest City,"",3326.65797317437,33266.5797317437,1816346053.52002,348394.442075552,202304081840
329,28052,13071,179,36823,Gastonia,"",3549.68362164951,35496.8362164951,1165429048.27631,189783.469072904,202304081840
330,28054,14371,185,40184,Gastonia,"",3576.29902448736,35762.9902448736,562652947.772949,139549.083675328,202304081840
331,28056,12257,109,35595,Gastonia,"",3443.46116027532,34434.6116027532,1342394953.02258,344787.60681341,202304081840
332,28071,1072,9,3198,Gold Hill,"",3352.09505941213,33520.9505941213,1345839018.92865,236923.074375116,202304081840
333,28073,1986,23,5606,Grover,"",3542.63289332858,35426.3289332858,702973243.533203,143952.911566798,202304081840
334,28075,6699,44,19174,Harrisburg,"",3493.79367894023,34937.9367894023,656107496.741638,238150.023406484,202304081840
335,28078,20818,102,66079,Huntersville,"",3150.47140543894,31504.7140543894,1870251820.14679,316647.648839996,202304081840
336,28079,13581,72,39813,Indian Trail,"",3411.19734760003,34111.9734760003,1221176124.08392,283660.370334182,202304081840
337,28080,2748,15,8157,Iron Station,"",3368.88561971313,33688.8561971313,1095921164.38501,240845.709042299,202304081840
338,28081,9547,89,28249,Kannapolis,"",3379.58865800559,33795.8865800559,862858421.935425,200259.108957382,202304081840
339,28083,8945,99,25877,Kannapolis,"",3456.73764346717,34567.3764346717,582493569.448059,145983.725103448,202304081840
340,28086,10293,108,26988,Kings Mountain,"",3813.91729657626,38139.1729657626,2467878462.36133,329807.139806484,202304081840
341,28088,1212,10,3059,Landis,"",3962.07911082053,39620.7911082053,72787169.9580688,52885.3256566675,202304081840
342,28090,2565,42,8506,Lawndale,"",3015.51845755937,30155.1845755937,2661358061.4715,458218.963524001,202304081840
343,28091,709,6,2353,Lilesville,"",3013.17467063323,30131.7467063323,2694411423.45477,313074.926269122,202304081840
344,28092,15085,119,40052,Lincolnton,"",3766.35374013782,37663.5374013782,3216596915.74634,535483.341451104,202304081840
345,28097,2499,16,6124,Locust,"",4080.66623122142,40806.6623122142,836579136.406799,181830.474266294,202304081840
346,28098,1337,10,4010,Lowell,"",3334.16458852868,33341.6458852868,99103128.4535522,49283.194148661,202304081840
347,28103,3781,52,11346,Marshville,"",3332.45196545038,33324.5196545038,4253866560.83563,449440.107851782,202304081840
348,28104,10564,37,32469,Matthews,"",3253.56493886476,32535.6493886476,824578845.587585,325979.692599077,202304081840
349,28105,14260,118,45346,Matthews,"",3144.70956644467,31447.0956644467,668165195.784729,278013.840820393,202304081840
350,28107,3097,22,8210,Midland,"",3772.22898903776,37722.2898903776,1388640520.38739,250943.513182056,202304081840
351,28110,19164,155,55536,Monroe,"",3450.73465859983,34507.3465859983,3676478383.48267,422255.233862207,202304081840
352,28112,9932,110,28060,Monroe,"",3539.55808980756,35395.5808980756,3713382117.46545,318461.97727687,202304081840
353,28114,2424,22,9034,Mooresboro,"",2683.19681204339,26831.9681204339,1900066101.23077,346437.871140422,202304081840
354,28115,13971,106,41536,Mooresville,"",3363.58821263482,33635.8821263482,2057262512.61176,327151.756863337,202304081840
355,28117,15023,55,47608,Mooresville,"",3155.56209040497,31555.6209040497,1555969690.69189,234425.757349855,202304081840
356,28119,923,14,3034,Morven,"",3042.18852999341,30421.8852999341,1970357677.74512,298425.64822689,202304081840
357,28120,8292,83,24318,Mount Holly,"",3409.81988650382,34098.1988650382,1001654680.08618,272689.093586748,202304081840
358,28124,2258,23,7015,Mount Pleasant,"",3218.81682109765,32188.1682109765,1620148303.23315,301866.136666845,202304081840
359,28125,759,5,2657,Mount Ulla,"",2856.60519382763,28566.0519382763,1169162879.13867,198953.955252748,202304081840
360,28127,2777,24,7631,New London,"",3639.10365613943,36391.0365613943,2159940152.89789,468250.659328753,202304081840
361,28128,2687,26,8098,Norwood,"",3318.10323536676,33181.0323536676,2054286113.35083,282114.674844028,202304081840
362,28129,2039,17,6031,Oakboro,"",3380.86552810479,33808.6552810479,1226619926.53345,219035.034364981,202304081840
363,28133,895,7,2713,Peachland,"",3298.93107261334,32989.3107261334,2384968915.9574,421295.337069002,202304081840
364,28134,4107,46,11817,Pineville,"",3475.50139629348,34755.0139629348,248618254.324951,88085.4538299006,202304081840
365,28135,1512,16,5968,Polkton,"",2533.51206434316,25335.1206434316,2916374106.84241,475980.429437205,202304081840
366,28137,1036,7,3843,Richfield,"",2695.81056466302,26958.1056466302,1223676252.05975,291589.496037827,202304081840
367,28138,3717,56,11659,Rockwell,"",3188.09503387941,31880.9503387941,1278406256.12445,357387.534646104,202304081840
368,28139,6327,154,20134,Rutherfordton,"",3142.44561438363,31424.4561438363,5078697342.95056,674832.691106947,202304081840
369,28144,9775,116,25846,Salisbury,"",3782.01655962238,37820.1655962238,867982991.287292,279505.654446658,202304081840
370,28146,10345,102,30382,Salisbury,"",3404.97663089987,34049.7663089987,3012969418.7887,452196.720325258,202304081840
371,28147,9972,132,26204,Salisbury,"",3805.52587391238,38055.2587391238,2146390330.37,312495.471896358,202304081840
372,28150,10301,154,29296,Shelby,"",3516.17968323321,35161.7968323321,3159764942.52783,579453.815714685,202304081840
373,28152,8930,100,26078,Shelby,"",3424.34235754276,34243.4235754276,2247420971.2251,304211.560780764,202304081840
374,28159,1296,30,3126,Spencer,"",4145.87332053743,41458.7332053743,51886096.1330566,42602.5220628392,202304081840
375,28160,1427,22,4015,Spindale,"",3554.17185554172,35541.7185554172,170326604.450989,70799.3749654705,202304081840
376,28163,1764,11,5814,Stanfield,"",3034.05572755418,30340.5572755418,970276414.142883,191731.821086023,202304081840
377,28164,5241,87,15447,Stanley,"",3392.89182365508,33928.9182365508,1144736813.58362,324856.854746788,202304081840
378,28166,3405,34,9868,Troutman,"",3450.5472233482,34505.472233482,911716953.816406,217041.310552797,202304081840
379,28167,701,8,2418,Union Mills,"",2899.09015715467,28990.9015715467,1934997992.23633,347927.953502144,202304081840
380,28168,3764,36,10437,Vale,"",3606.40030660151,36064.0030660151,2469130589.68384,340004.345415379,202304081840
381,28170,4304,68,12494,Wadesboro,"",3444.85352969425,34448.5352969425,5053183842.2157,655726.472285972,202304081840
382,28173,20132,76,63837,Waxhaw,"",3153.65697009571,31536.5697009571,3045162637.21796,318858.064536165,202304081840
383,28174,3397,28,9287,Wingate,"",3657.80122752234,36578.0122752234,985461754.807983,246986.820118662,202304081840
384,28202,6292,9,16755,Charlotte,"",3755.29692629066,37552.9692629066,50452583.9099121,34485.9053855683,202304081840
385,28203,6067,11,19070,Charlotte,"",3181.4368117462,31814.368117462,91001089.479126,54761.2733662689,202304081840
386,28204,3178,11,8738,Charlotte,"",3636.98786907759,36369.8786907759,48899100.5548096,40761.7265321132,202304081840
387,28205,15223,118,51821,Charlotte,"",2937.61216495243,29376.1216495243,335820474.82135,104910.810677792,202304081840
388,28206,5297,28,15244,Charlotte,"",3474.80976121753,34748.0976121753,182577260.697876,71458.0502165389,202304081840
389,28207,2476,10,9761,Charlotte,"",2536.62534576375,25366.2534576375,68333859.7921753,36157.3958026362,202304081840
390,28208,14345,94,39944,Charlotte,"",3591.27778890447,35912.7778890447,595973347.5495,157267.598078636,202304081840
391,28209,7236,27,26012,Charlotte,"",2781.7930186068,27817.930186068,157335764.525879,72359.4847682198,202304081840
392,28210,13523,75,44704,Charlotte,"",3025.00894774517,30250.0894774517,342547124.476257,112745.958411282,202304081840
393,28211,8728,95,31253,Charlotte,"",2792.69190157745,27926.9190157745,292827786.05603,102838.759144167,202304081840
394,28212,13505,68,42744,Charlotte,"",3159.507767172,31595.07767172,237710291.866211,96077.3791004252,202304081840
395,28213,16379,81,45338,Charlotte,"",3612.64281618069,36126.4281618069,412614569.613403,162252.089416931,202304081840
396,28214,15932,77,41208,Charlotte,"",3866.23956513298,38662.3956513298,965554836.030151,224926.880987092,202304081840
397,28215,22755,131,60256,Charlotte,"",3776.38741370154,37763.8741370154,782010510.903748,222976.412140326,202304081840
398,28216,20163,115,58744,Charlotte,"",3432.35053792728,34323.5053792728,857978895.941772,184761.316525275,202304081840
399,28217,9507,34,30875,Charlotte,"",3079.19028340081,30791.9028340081,428067925.271423,132462.900799897,202304081840
400,28226,11180,73,40227,Charlotte,"",2779.22788177095,27792.2788177095,430471271.22644,131097.087702525,202304081840
401,28227,19396,116,57319,Charlotte,"",3383.86922311973,33838.6922311973,1173416755.00244,297066.255269002,202304081840
402,28262,15433,76,43683,Charlotte,"",3532.95332280292,35329.5332280292,593648477.600464,159979.41236041,202304081840
403,28269,26926,112,81464,Charlotte,"",3305.26367475204,33052.6367475204,840640266.840637,192155.045229048,202304081840
404,28270,9237,46,34753,Charlotte,"",2657.90003740684,26579.0003740684,345778417.622314,161555.486865571,202304081840
405,28273,14883,70,40544,Charlotte,"",3670.82675611681,36708.2675611681,614626385.142517,192801.276498243,202304081840
406,28277,20890,67,72020,Charlotte,"",2900.58317134129,29005.8317134129,675381884.726379,144850.675101077,202304081840
407,28278,11659,34,32539,Charlotte,"",3583.08491348843,35830.8491348843,902762098.137573,246465.469761239,202304081840
408,28301,6481,104,17717,Fayetteville,"",3658.06852175876,36580.6852175876,348717238.9104,130217.445212828,202304081840
409,28303,9828,69,34600,Fayetteville,"",2840.46242774566,28404.6242774566,540160738.043701,179304.154504403,202304081840
410,28304,12120,62,39651,Fayetteville,"",3056.6694408716,30566.694408716,491742944.185852,186465.416198877,202304081840
411,28305,1796,11,5010,Fayetteville,"",3584.83033932136,35848.3033932136,69895111.336731,49443.8950343603,202304081840
412,28306,14964,101,42565,Fayetteville,"",3515.56443087043,35155.6443087043,2090603260.31519,562860.488861908,202304081840
413,28307,4943,0,15486,Fort Bragg,"",3191.9152783159,31919.152783159,174879596.356018,92732.9092032322,202304081840
414,28310,3465,0,8861,Fort Bragg,"",3910.39386073807,39103.9386073807,506286340.902344,200733.090413706,202304081840
415,28311,12287,61,36046,Fayetteville,"",3408.69999445153,34086.9999445153,1336136656.04889,240844.864072535,202304081840
416,28312,6203,74,18419,Fayetteville,"",3367.71811716163,33677.1811716163,4341373681.0871,556260.336471476,202304081840
417,28314,18750,88,53642,Fayetteville,"",3495.39539912755,34953.9539912755,816473670.87677,185615.29020179,202304081840
418,28315,4773,36,13329,Aberdeen,"",3580.91379698402,35809.1379698402,2049308469.85626,494397.056686911,202304081840
419,28318,1571,9,4579,Autryville,"",3430.88010482638,34308.8010482638,2217851356.83313,372935.466158955,202304081840
420,28320,3370,51,9381,Bladenboro,"",3592.36755143375,35923.6755143375,3248490168.58801,381864.201698899,202304081840
421,28323,1573,5,4578,Bunnlevel,"",3435.99825251201,34359.9825251201,1112191308.33496,301931.807656216,202304081840
422,28326,7903,35,22382,Cameron,"",3530.96238048432,35309.6238048432,3242119864.63824,488036.173063299,202304081840
423,28327,6179,66,18273,Carthage,"",3381.49181853007,33814.9181853007,5396542091.08795,586939.342565837,202304081840
424,28328,10363,106,26951,Clinton,"",3845.12634039553,38451.2634039553,6810728499.67102,657248.933701039,202304081840
425,28333,3973,43,10709,Dudley,"",3709.9635820338,37099.635820338,1249687746.85376,213915.020571421,202304081840
426,28334,10002,104,26215,Dunn,"",3815.37287812321,38153.7287812321,4497238669.98419,544402.158241248,202304081840
427,28337,4084,48,11927,Elizabethtown,"",3424.16366227886,34241.6366227886,5069041872.41577,577770.225904477,202304081840
428,28338,1281,11,4804,Ellerbe,"",2666.52789342215,26665.2789342215,3935542448.08881,492508.044174153,202304081840
429,28339,2686,28,7226,Erwin,"",3717.13257680598,37171.3257680598,1064553458.41333,310656.999787593,202304081840
430,28340,3771,52,10738,Fairmont,"",3511.82715589495,35118.2715589495,3757196814.59872,450516.228420329,202304081840
431,28341,1472,11,5080,Faison,"",2897.63779527559,28976.3779527559,2787115249.34564,421094.619116887,202304081840
432,28343,551,12,1567,Gibson,"",3516.27313337588,35162.7313337588,458723474.164063,106909.663733147,202304081840
433,28344,1187,10,3814,Godwin,"",3112.21814368117,31122.1814368117,1128755315.22852,269142.265002464,202304081840
434,28345,4713,66,12656,Hamlet,"",3723.92541087231,37239.2541087231,2126402412.95966,332606.523883072,202304081840
435,28347,513,1,1826,Hoffman,"",2809.41949616648,28094.1949616648,747268691.675964,194334.44204749,202304081840
436,28348,12815,88,36052,Hope Mills,"",3554.58781759681,35545.878175968,1166315651.14276,329846.853315969,202304081840
437,28349,1577,22,3955,Kenansville,"",3987.35777496839,39873.5777496839,1959246504.78113,326624.538750416,202304081840
438,28350,100,0,70,Lakeview,"",,,7876659.25891113,11657.1581787366,202304081840
439,28351,1710,13,5269,Laurel Hill,"",3245.39760865439,32453.9760865439,1788599136.13666,386362.39437636,202304081840
440,28352,9277,110,25298,Laurinburg,"",3667.08830737608,36670.8830737608,3264782876.16284,438869.872406895,202304081840
441,28356,1878,11,4914,Linden,"",3821.73382173382,38217.3382173382,1497885580.84283,286294.988335977,202304081840
442,28357,917,5,3224,Lumber Bridge,"",2844.29280397022,28442.9280397022,998095899.747498,200973.924425577,202304081840
443,28358,15457,191,38517,Lumberton,"",4013.03320611678,40130.3320611678,5499536726.32037,504386.80427759,202304081840
444,28360,5823,66,14944,Lumberton,"",3896.54710920771,38965.4710920771,1985862696.58282,363920.117329658,202304081840
445,28363,382,3,1079,Marston,"",3540.31510658017,35403.1510658017,1736455559.11224,383927.716730151,202304081840
446,28364,5657,64,15170,Maxton,"",3729.07053394858,37290.7053394858,3845135736.01221,464303.223304612,202304081840
447,28365,5325,79,17063,Mount Olive,"",3120.78766922581,31207.8766922581,5449867058.99634,617077.13642774,202304081840
448,28366,1937,19,5153,Newton Grove,"",3758.97535416262,37589.7535416262,2293381130.24042,414618.719505342,202304081840
449,28369,847,10,2241,Orrum,"",3779.56269522535,37795.6269522535,1800121585.61136,401393.305842192,202304081840
450,28371,2452,27,7085,Parkton,"",3460.83274523642,34608.3274523642,1005950088.08063,229991.086519014,202304081840
451,28372,6399,67,15254,Pembroke,"",4194.96525501508,41949.6525501508,1147770145.91595,255857.280522167,202304081840
452,28373,807,6,2552,Pinebluff,"",3162.22570532915,31622.2570532915,460329066.992676,140223.621385681,202304081840
453,28374,5268,81,18171,Pinehurst,"",2899.12497936272,28991.2497936272,609888351.153748,186776.563275302,202304081840
454,28376,16281,121,43831,Raeford,"",3714.49430768178,37144.9430768178,8255601209.37079,618028.253174215,202304081840
455,28377,4786,52,13036,Red Springs,"",3671.37158637619,36713.7158637619,2872865768.25568,446034.002241505,202304081840
456,28379,9339,131,25804,Rockingham,"",3619.20632460084,36192.0632460084,4156662320.34821,486165.084209016,202304081840
457,28382,2461,25,8006,Roseboro,"",3073.9445415938,30739.445415938,3525739741.42773,652666.741452104,202304081840
458,28383,2948,32,7713,Rowland,"",3822.11850123169,38221.1850123169,2904453853.97415,460017.981876533,202304081840
459,28384,4355,41,12414,Saint Pauls,"",3508.13597551152,35081.3597551152,2850567240.80182,480450.415018018,202304081840
460,28385,1137,7,3005,Salemburg,"",3783.69384359401,37836.9384359401,1040463355.97156,321938.125650219,202304081840
461,28386,2512,19,6068,Shannon,"",4139.74950560316,41397.4950560316,1134602512.8537,354913.796549299,202304081840
462,28387,4805,85,17139,Southern Pines,"",2803.54746484626,28035.4746484626,810260751.658813,181010.127281146,202304081840
463,28390,7423,42,23494,Spring Lake,"",3159.53009278965,31595.3009278965,1630867413.08136,287302.836124698,202304081840
464,28391,1847,17,5326,Stedman,"",3467.89335336087,34678.9335336087,1084470955.12604,202263.555324583,202304081840
465,28392,573,6,1554,Tar Heel,"",3687.25868725869,36872.5868725869,925384379.987671,187529.786563955,202304081840
466,28393,708,7,2160,Turkey,"",3277.77777777778,32777.7777777778,1437383838.7915,233550.655699493,202304081840
467,28394,1729,18,6094,Vass,"",2837.21693468986,28372.1693468986,1215312777.16113,300186.221923817,202304081840
468,28395,896,5,2657,Wade,"",3372.22431313511,33722.2431313511,1382105528.22943,246616.208913961,202304081840
469,28396,884,10,2679,Wagram,"",3299.73870847331,32997.3870847331,1631714382.90094,330475.243709586,202304081840
470,28398,3008,39,7672,Warsaw,"",3920.75078206465,39207.5078206465,2739435952.33466,345606.723026117,202304081840
471,28399,656,5,1934,White Oak,"",3391.93381592554,33919.3381592554,2338498223.40869,308489.981388208,202304081840
472,28401,7385,95,24213,Wilmington,"",3050.01445504481,30500.1445504481,925590291.269562,302995.40520751,202304081840
473,28403,11554,54,41945,Wilmington,"",2754.55954225772,27545.5954225772,403456249.54361,135103.298695973,202304081840
474,28405,9333,63,33719,Wilmington,"",2767.8756784009,27678.756784009,694443662.189972,212896.044608315,202304081840
475,28409,8780,46,34974,Wilmington,"",2510.43632412649,25104.3632412649,678530052.059952,626246.01836128,202304081840
476,28411,10077,67,38820,Wilmington,"",2595.82689335394,25958.2689335394,1477023573.08954,591854.549770877,202304081840
477,28412,11755,101,42977,Wilmington,"",2735.18393559346,27351.8393559346,635947452.301941,245813.217862995,202304081840
478,28420,1347,20,5116,Ash,"",2632.91634089132,26329.1634089132,4030119174.4476,622951.504256467,202304081840
479,28421,402,6,2040,Atkinson,"",1970.58823529412,19705.8823529412,1701084244.28595,246250.995159076,202304081840
480,28422,2751,23,8682,Bolivia,"",3168.62474084312,31686.2474084312,2520456183.00197,406510.949073509,202304081840
481,28423,744,8,2285,Bolton,"",3256.01750547046,32560.1750547046,4327886518.67657,560706.237916531,202304081840
482,28425,3796,44,12625,Burgaw,"",3006.73267326733,30067.3267326733,4872852970.19843,522799.098840263,202304081840
483,28428,1689,6,7142,Carolina Beach,"",2364.88378605433,23648.8378605433,153392950.326767,131890.839899376,202304081840
484,28429,2758,30,8542,Castle Hayne,"",3228.75204870054,32287.5204870054,1146009267.92944,244578.64538817,202304081840
485,28430,629,7,2055,Cerro Gordo,"",3060.82725060827,30608.2725060827,1294763521.80133,235369.368885516,202304081840
486,28431,2419,44,6741,Chadbourn,"",3588.4883548435,35884.8835484349,2019287633.59152,414968.282140325,202304081840
487,28432,791,6,1684,Clarendon,"",4697.14964370546,46971.4964370546,913029717.719559,381140.327621418,202304081840
488,28433,1585,18,5297,Clarkton,"",2992.25976968095,29922.5976968095,3257754219.81824,497145.128049415,202304081840
489,28434,330,6,1357,Council,"",2431.83492999263,24318.3492999263,2209417286.23001,262045.947095385,202304081840
490,28435,759,10,2931,Currie,"",2589.55987717503,25895.5987717503,2746865502.37314,418800.327512465,202304081840
491,28436,725,9,2312,Delco,"",3135.81314878893,31358.1314878893,1250613651.60083,304067.898737589,202304081840
492,28438,583,8,1688,Evergreen,"",3453.79146919431,34537.9146919431,1324758692.31961,354385.951020838,202304081840
493,28439,443,14,1536,Fair Bluff,"",2884.11458333333,28841.1458333333,667490225.496307,213264.007900786,202304081840
494,28441,1130,11,3328,Garland,"",3395.43269230769,33954.3269230769,3774857745.4223,555550.533903292,202304081840
495,28442,478,8,1734,Hallsboro,"",2756.63206459054,27566.3206459054,1395074837.14975,336354.405393144,202304081840
496,28443,7025,43,22483,Hampstead,"",3124.58301828048,31245.8301828048,4337834719.99771,560208.032392266,202304081840
497,28444,696,5,2278,Harrells,"",3055.31167690957,30553.1167690957,3251010335.70935,548979.732892781,202304081840
498,28445,2813,24,8142,Holly Ridge,"",3454.92507983296,34549.2507983297,2835470197.40424,676482.174744673,202304081840
499,28447,323,0,1334,Ivanhoe,"",2421.28935532234,24212.8935532234,2755654733.91089,442226.920323366,202304081840
500,28448,261,3,1216,Kelly,"",2146.38157894737,21463.8157894737,2360585218.26868,400674.523076971,202304081840
501,28449,399,2,1958,Kure Beach,"",2037.79366700715,20377.9366700715,112229003.875305,80695.0045848031,202304081840
502,28450,690,11,2397,Lake Waccamaw,"",2878.59824780976,28785.9824780976,1482484363.39343,277199.450521116,202304081840
503,28451,12543,71,39194,Leland,"",3200.23472980558,32002.3472980558,5322314275.71591,771852.448618024,202304081840
504,28452,220,2,513,Longwood,"",4288.49902534113,42884.9902534113,201031402.998276,76626.878203892,202304081840
505,28453,1506,9,4137,Magnolia,"",3640.31907179115,36403.1907179115,2286467269.94287,428957.863476439,202304081840
506,28454,931,9,3549,Maple Hill,"",2623.2741617357,26232.741617357,3064407818.25446,319144.850869928,202304081840
507,28455,636,9,1718,Nakina,"",3701.97904540163,37019.7904540163,1802269564.75485,339624.478895421,202304081840
508,28456,1148,12,3566,Riegelwood,"",3219.2933258553,32192.933258553,1872158645.14374,368901.622022321,202304081840
509,28457,3585,31,12840,Rocky Point,"",2792.05607476636,27920.5607476636,3397895880.78387,551931.996451502,202304081840
510,28458,2196,26,7018,Rose Hill,"",3129.09660872043,31290.9660872043,3025757032.09851,549753.327973728,202304081840
511,28460,3699,20,10588,Sneads Ferry,"",3493.57763505856,34935.7763505856,868820245.916626,505270.66774661,202304081840
512,28461,5202,39,20575,Southport,"",2528.31105710814,25283.1105710814,2976816159.44659,699193.372938299,202304081840
513,28462,4115,39,14309,Supply,"",2875.81242574603,28758.1242574603,3173815797.17627,578042.071238935,202304081840
514,28463,3472,55,9865,Tabor City,"",3519.51343132286,35195.1343132286,3441446535.6745,489113.866817468,202304081840
515,28464,960,9,2491,Teachey,"",3853.87394620634,38538.7394620634,651873569.02948,216752.818849917,202304081840
516,28465,1797,14,8285,Oak Island,"",2168.98008449004,21689.8008449004,278142792.540329,260764.452809296,202304081840
517,28466,3572,56,10375,Wallace,"",3442.89156626506,34428.9156626506,4134830722.40503,646652.750223625,202304081840
518,28467,3214,36,11393,Calabash,"",2821.03045729834,28210.3045729834,478052225.035095,182374.085490172,202304081840
519,28468,1328,5,5394,Sunset Beach,"",2461.99480904709,24619.9480904709,561581539.026329,281339.504069841,202304081840
520,28469,2435,26,7481,Ocean Isle Beach,"",3254.91244486031,32549.1244486031,718539224.77166,397460.188245043,202304081840
521,28470,3684,67,13446,Shallotte,"",2739.84828201696,27398.4828201696,1182514664.27979,362760.617388836,202304081840
522,28472,6503,101,20002,Whiteville,"",3251.17488251175,32511.7488251175,5336860792.21823,836470.753006454,202304081840
523,28478,1446,13,4976,Willard,"",2905.94855305466,29059.4855305466,3641064446.79327,420805.470689163,202304081840
524,28479,2162,28,4874,Winnabow,"",4435.78169881001,44357.8169881001,2117768058.25922,493774.783138491,202304081840
525,28480,705,0,2737,Wrightsville Beach,"",2575.8129338692,25758.129338692,105606171.513519,198146.556810674,202304081840
526,28501,6356,71,19507,Kinston,"",3258.31752704157,32583.1752704157,2991635337.302,625626.150351651,202304081840
527,28504,7688,101,21016,Kinston,"",3658.16520746098,36581.6520746098,3402165916.96191,527051.926248192,202304081840
528,28508,754,11,2984,Albertson,"",2526.80965147453,25268.0965147453,979966062.858154,216402.11543394,202304081840
529,28510,403,1,1543,Arapahoe,"",2611.79520414776,26117.9520414776,492605022.366577,160146.449017413,202304081840
530,28511,121,1,628,Atlantic,"",1926.75159235669,19267.5159235669,664520864.566406,632922.312503469,202304081840
531,28512,803,10,3689,Atlantic Beach,"",2176.7416644077,21767.416644077,159414908.561523,282548.210087653,202304081840
532,28513,3679,19,10825,Ayden,"",3398.6143187067,33986.143187067,2611479123.85803,477095.460669019,202304081840
533,28515,750,4,3463,Bayboro,"",2165.75223794398,21657.5223794398,1758589825.68518,437586.784820445,202304081840
534,28516,2981,31,12482,Beaufort,"",2388.23906425252,23882.3906425252,3384236686.76337,1001596.71803033,202304081840
535,28518,3248,39,8803,Beulaville,"",3689.65125525389,36896.5125525389,2702594658.36359,473932.945095065,202304081840
536,28521,790,17,2259,Chinquapin,"",3497.1226206286,34971.226206286,984336924.154663,232445.955683395,202304081840
537,28523,764,4,2274,Cove City,"",3359.71855760774,33597.1855760774,2247611957.06177,297516.586083844,202304081840
538,28525,1137,6,3309,Deep Run,"",3436.08340888486,34360.8340888486,1368793733.10339,260376.07892082,202304081840
539,28526,742,10,2384,Dover,"",3112.41610738255,31124.1610738255,2062614072.29626,437910.466683838,202304081840
540,28529,794,14,2539,Grantsboro,"",3127.21543914927,31272.1543914927,2523317524.60889,412017.089612735,202304081840
541,28530,2458,29,7474,Grifton,"",3288.73427883329,32887.3427883329,1906098626.48975,426610.065184873,202304081840
542,28531,302,5,1414,Harkers Island,"",2135.78500707214,21357.8500707214,96666650.4205933,159397.370996394,202304081840
543,28532,6328,29,25868,Havelock,"",2446.26565640946,24462.6565640946,5072028576.29651,874966.498361209,202304081840
544,28538,1121,7,3342,Hookerton,"",3354.27887492519,33542.7887492519,837514346.679443,167225.326393657,202304081840
545,28539,5063,45,18000,Hubert,"",2812.77777777778,28127.7777777778,2158531628.89203,965472.416809674,202304081840
546,28540,15453,135,52400,Jacksonville,"",2949.04580152672,29490.4580152672,3283488394.35052,547729.060516665,202304081840
547,28542,1406,0,6146,Camp Lejeune,"",2287.6667751383,22876.667751383,1137151211.30426,554417.951637185,202304081840
548,28543,1586,2,6618,Tarawa Terrace,"",2396.49440918707,23964.9440918707,101812905.851257,81799.9494086724,202304081840
549,28546,16487,111,51963,Jacksonville,"",3172.83451686777,31728.3451686777,2766403023.01086,429757.095409677,202304081840
550,28547,6822,0,13868,Camp Lejeune,"",4919.23853475627,49192.3853475627,321351155.112183,125030.1108688,202304081840
551,28551,4759,44,14265,La Grange,"",3336.13739922888,33361.3739922888,3578620059.57935,402405.541085344,202304081840
552,28553,80,1,522,Marshallberg,"",1532.56704980843,15325.6704980843,44093630.395752,64625.7950525977,202304081840
553,28555,1633,12,4702,Maysville,"",3472.99021692897,34729.9021692897,3623337430.05573,600372.548840718,202304081840
554,28557,4327,32,15254,Morehead City,"",2836.63301429133,28366.3301429133,400526127.961975,291647.007459014,202304081840
555,28560,8868,109,28926,New Bern,"",3065.75399294752,30657.5399294752,3309199654.78784,1030041.14449326,202304081840
556,28562,11590,92,38009,New Bern,"",3049.27780262569,30492.7780262569,3853792240.20764,1071472.47820274,202304081840
557,28570,6149,45,22687,Newport,"",2710.36276281571,27103.6276281571,4050945831.7467,612371.091717981,202304081840
558,28571,530,4,3137,Oriental,"",1689.51227287217,16895.1227287217,1482289449.53186,353024.477698561,202304081840
559,28572,2409,29,6379,Pink Hill,"",3776.45398965355,37764.5398965355,3042675125.74115,395176.694907307,202304081840
560,28573,731,21,2475,Pollocksville,"",2953.53535353535,29535.3535353535,3035889883.2348,360117.83631843,202304081840
561,28574,5989,55,17702,Richlands,"",3383.23353293413,33832.3353293413,3868294357.7301,523654.71280993,202304081840
562,28577,141,6,595,Sealevel,"",2369.74789915966,23697.4789915966,131607264.267456,82049.6590834024,202304081840
563,28578,1725,20,7044,Seven Springs,"",2448.89267461669,24488.926746167,1837860745.29797,304549.150963809,202304081840
564,28580,3868,56,12031,Snow Hill,"",3215.02784473444,32150.2784473444,3261656823.56982,373362.024423986,202304081840
565,28582,551,4,1824,Stella,"",3020.83333333333,30208.3333333333,566119411.242798,233745.537488706,202304081840
566,28584,3502,28,12910,Swansboro,"",2712.62587141751,27126.2587141751,870417864.570801,630505.524420814,202304081840
567,28585,1213,17,4170,Trenton,"",2908.87290167866,29088.7290167866,5857263271.9624,616313.550954668,202304081840
568,28586,3493,18,8427,Vanceboro,"",4145.01008662632,41450.1008662632,3798727344.79224,393188.365406212,202304081840
569,28590,10879,45,26551,Winterville,"",4097.39746148921,40973.9746148921,1153236268.85608,260797.112041444,202304081840
570,28594,939,8,3678,Emerald Isle,"",2553.01794453507,25530.1794453507,161880563.377441,206007.395136269,202304081840
571,28601,19340,196,49848,Hickory,"",3879.79457550955,38797.9457550955,1378207425.05768,365850.750506082,202304081840
572,28602,11136,163,31218,Hickory,"",3567.17278493177,35671.7278493177,1938678919.97003,319569.803956005,202304081840
573,28604,1739,14,6449,Banner Elk,"",2696.54209955032,26965.4209955032,1915326545.24634,325836.980718489,202304081840
574,28605,1023,9,4143,Blowing Rock,"",2469.22519913106,24692.2519913106,895784503.144714,248689.345104093,202304081840
575,28606,670,7,2367,Boomer,"",2830.58724123363,28305.8724123363,1247639586.18042,214129.251492026,202304081840
576,28607,9717,42,37481,Boone,"",2592.5135401937,25925.135401937,2776057252.95807,555835.873680891,202304081840
577,28609,2176,29,6457,Catawba,"",3369.98606163853,33699.8606163853,1341728385.28827,281255.134101197,202304081840
578,28610,3929,42,10238,Claremont,"",3837.66360617308,38376.6360617308,1121879522.66571,308096.881521473,202304081840
579,28612,4454,68,14906,Connelly Springs,"",2988.05849993291,29880.5849993291,2400642845.42798,441028.943696581,202304081840
580,28613,8878,116,25216,Conover,"",3520.78045685279,35207.8045685279,1220326345.78546,362168.639637895,202304081840
581,28615,424,4,1883,Creston,"",2251.72596919809,22517.2596919809,1868599532.61511,272770.247470023,202304081840
582,28617,601,4,2451,Crumpler,"",2452.06038351693,24520.6038351693,986888820.641235,263906.737953269,202304081840
583,28618,521,5,2480,Deep Gap,"",2100.8064516129,21008.064516129,1010729766.2395,224128.286954044,202304081840
584,28621,4197,70,10400,Elkin,"",4035.57692307692,40355.7692307692,1827310682.30029,492431.108964797,202304081840
585,28622,638,2,2638,Elk Park,"",2418.49886277483,24184.9886277483,922706854.79248,228052.883765708,202304081840
586,28623,520,0,1716,Ennice,"",3030.30303030303,30303.0303030303,790959225.749146,176648.995975266,202304081840
587,28624,507,12,1893,Ferguson,"",2678.28843106181,26782.8843106181,1893859856.27216,280305.359064925,202304081840
588,28625,12838,196,38862,Statesville,"",3303.48412330812,33034.8412330812,5528677082.18164,627405.109037109,202304081840
589,28626,580,5,3001,Fleetwood,"",1932.68910363212,19326.8910363212,819063990.876587,148645.734339712,202304081840
590,28627,375,1,1534,Glade Valley,"",2444.58930899609,24445.8930899609,929851696.585571,229623.659776181,202304081840
591,28630,7403,103,20369,Granite Falls,"",3634.44449899357,36344.4449899357,1749206123.14734,364175.180926025,202304081840
592,28631,159,0,536,Grassy Creek,"",2966.41791044776,29664.1791044776,666742006.060913,167245.211138671,202304081840
593,28634,1621,20,5269,Harmony,"",3076.48510153729,30764.8510153729,1708637469.52393,380041.000632719,202304081840
594,28635,1326,17,4032,Hays,"",3288.69047619048,32886.9047619048,1589254753.84888,282956.554467362,202304081840
595,28636,1709,24,5186,Hiddenite,"",3295.41072117239,32954.1072117239,1563401720.00476,343683.132287544,202304081840
596,28637,874,9,1583,Hildebran,"",5521.16234996841,55211.6234996841,75804105.8025513,39679.7431148788,202304081840
597,28638,4844,29,12560,Hudson,"",3856.68789808917,38566.8789808917,586195125.955933,179942.259882133,202304081840
598,28640,1628,33,4805,Jefferson,"",3388.13735691988,33881.3735691988,1056537388.6748,302637.689495691,202304081840
599,28642,2164,26,5578,Jonesville,"",3879.52671208318,38795.2671208318,922184812.2677,173376.666314256,202304081840
600,28643,751,8,3443,Lansing,"",2181.23729305838,21812.3729305838,2044042930.41492,275858.107391136,202304081840
601,28644,388,2,1570,Laurel Springs,"",2471.33757961783,24713.3757961783,2045165288.09131,297831.47514214,202304081840
602,28645,17661,217,47621,Lenoir,"",3708.65794502425,37086.5794502425,9179149391.98291,930216.037146455,202304081840
603,28649,325,3,1034,Mc Grady,"",3143.1334622824,31431.334622824,1036137984.80469,190682.670149615,202304081840
604,28650,4869,40,13374,Maiden,"",3640.64602960969,36406.4602960969,1278104496.07623,377336.649296681,202304081840
605,28651,2240,27,6653,Millers Creek,"",3366.90214940628,33669.0214940628,2065649255.9353,349078.290644554,202304081840
606,28654,1046,17,3800,Moravian Falls,"",2752.63157894737,27526.3157894737,1821577421.53857,295573.209104024,202304081840
607,28655,19311,204,58249,Morganton,"",3315.25004721111,33152.5004721111,9153179930.14331,677983.745386269,202304081840
608,28657,2768,30,9610,Newland,"",2880.33298647242,28803.3298647242,3935578521.47217,457051.359413869,202304081840
609,28658,10063,97,25858,Newton,"",3891.63895119499,38916.3895119499,2022657893.02307,451555.722478839,202304081840
610,28659,7528,100,21013,North Wilkesboro,"",3582.54413934231,35825.4413934231,2817470108.66394,743040.466864702,202304081840
611,28660,716,7,2336,Olin,"",3065.06849315068,30650.6849315069,892135691.594116,224297.744075571,202304081840
612,28665,814,6,2986,Purlear,"",2726.05492297388,27260.5492297388,1778038258.60608,240271.301413849,202304081840
613,28668,77,1,39,Roaring Gap,"",,,150579895.761963,97868.8716295681,202304081840
614,28669,953,14,3133,Roaring River,"",3041.81295882541,30418.1295882541,1299426384.18799,252536.432806369,202304081840
615,28670,1050,16,3183,Ronda,"",3298.77474081056,32987.7474081056,1123975912.01135,257469.478215133,202304081840
616,28673,2014,11,6621,Sherrills Ford,"",3041.83658057695,30418.3658057695,852092289.759583,248402.605359209,202304081840
617,28675,2307,17,6805,Sparta,"",3390.15429831007,33901.5429831007,2977111225.9541,397880.218381249,202304081840
618,28676,1249,12,3444,State Road,"",3626.59698025552,36265.9698025552,830902972.436646,197653.666386266,202304081840
619,28677,12290,127,35614,Statesville,"",3450.89009939911,34508.9009939911,2372250827.99042,364916.143502524,202304081840
620,28678,1668,14,5252,Stony Point,"",3175.93297791318,31759.3297791318,1249807753.12482,237772.476162198,202304081840
621,28679,411,4,2122,Sugar Grove,"",1936.8520263902,19368.520263902,636943392.934937,227619.317646308,202304081840
622,28681,9011,117,26959,Taylorsville,"",3342.48302978597,33424.8302978597,4726487412.65814,412700.759417832,202304081840
623,28682,356,2,1099,Terrell,"",3239.3084622384,32393.084622384,164657442.78833,108427.066369374,202304081840
624,28683,624,7,1934,Thurmond,"",3226.47362978283,32264.7362978283,988749233.112671,203358.604100989,202304081840
625,28684,443,3,2175,Todd,"",2036.7816091954,20367.816091954,1383524229.94177,292392.138653963,202304081840
626,28685,654,6,1908,Traphill,"",3427.67295597484,34276.7295597484,1296786088.98804,215086.939280452,202304081840
627,28689,597,6,1662,Union Grove,"",3592.05776173285,35920.5776173285,1218398001.86389,304792.24772459,202304081840
628,28690,3072,34,9427,Valdese,"",3258.72493900499,32587.2493900499,668624773.04187,213466.610171622,202304081840
629,28692,973,6,4504,Vilas,"",2160.30195381883,21603.0195381883,1091553223.68976,286379.955820553,202304081840
630,28693,410,2,1693,Warrensville,"",2421.73656231542,24217.3656231542,621923811.260986,170328.387778475,202304081840
631,28694,2167,31,8033,West Jefferson,"",2697.62230797958,26976.2230797958,2188720146.69934,416426.801998168,202304081840
632,28697,4618,63,13376,Wilkesboro,"",3452.45215311005,34524.5215311005,1810927272.521,565265.362104432,202304081840
633,28701,1152,9,4830,Alexander,"",2385.09316770186,23850.9316770186,557040025.003723,178622.867954756,202304081840
634,28702,91,0,704,Almond,"",1292.61363636364,12926.1363636364,749571990.457794,168899.042279792,202304081840
635,28704,7387,52,21728,Arden,"",3399.76067746686,33997.6067746686,1481682958.97644,329012.999643476,202304081840
636,28705,1714,14,7168,Bakersville,"",2391.18303571429,23911.8303571429,3538838336.04175,376028.663142582,202304081840
637,28711,3408,63,15250,Black Mountain,"",2234.75409836066,22347.5409836066,2289646423.50623,432841.107136649,202304081840
638,28712,4827,59,19644,Brevard,"",2457.23885155773,24572.3885155773,3743370041.24365,607196.289251342,202304081840
639,28713,3007,38,9333,Bryson City,"",3221.90078217079,32219.0078217079,7085157294.99072,658029.652447303,202304081840
640,28714,5715,67,17066,Burnsville,"",3348.76362357905,33487.6362357905,7287599937.88281,538818.932986382,202304081840
641,28715,7312,58,27289,Candler,"",2679.46791747591,26794.6791747591,1975153881.5733,274379.594297132,202304081840
642,28716,4940,94,18650,Canton,"",2648.79356568365,26487.9356568365,4450693739.33826,450946.985814241,202304081840
643,28718,133,1,607,Cedar Mountain,"",2191.10378912685,21911.0378912685,604740430.192017,157079.894608512,202304081840
644,28719,3359,24,6945,Cherokee,"",4836.57307415407,48365.7307415407,6313532001.74988,506970.161305605,202304081840
645,28721,2912,30,10866,Clyde,"",2679.91901343641,26799.1901343641,3262240884.20239,451646.750156333,202304081840
646,28722,1817,20,6854,Columbus,"",2651.0067114094,26510.067114094,1330435890.70984,371441.890606651,202304081840
647,28723,2944,9,11678,Cullowhee,"",2520.97961979791,25209.7961979791,2829089767.59064,521400.904374384,202304081840
648,28726,1141,16,3477,East Flat Rock,"",3281.56456715559,32815.6456715559,62782212.3257446,52681.8363735949,202304081840
649,28729,963,4,2978,Etowah,"",3233.71390194762,32337.1390194762,115914409.369507,74718.0620947517,202304081840
650,28730,2311,23,10068,Fairview,"",2295.39133889551,22953.9133889551,1334723772.69336,277836.650121475,202304081840
651,28731,2687,36,9271,Flat Rock,"",2898.28497465214,28982.8497465214,910498937.374664,308715.430561089,202304081840
652,28732,5351,39,18899,Fletcher,"",2831.3667389809,28313.667389809,1163648233.76184,268599.174805655,202304081840
653,28734,7848,109,28423,Franklin,"",2761.14414382718,27611.4414382718,8413329787.90622,680710.034553257,202304081840
654,28736,181,0,740,Glenville,"",2445.94594594595,24459.4594594595,845894035.551971,243241.394198335,202304081840
655,28739,4954,53,21994,Hendersonville,"",2252.43248158589,22524.3248158589,1809199500.98254,354883.696935042,202304081840
656,28740,588,2,2123,Green Mountain,"",2769.66556759303,27696.6556759303,2560353451.70599,391601.88482291,202304081840
657,28741,837,11,3135,Highlands,"",2669.85645933014,26698.5645933014,2488322100.83908,291652.561708351,202304081840
658,28742,845,11,2834,Horse Shoe,"",2981.65137614679,29816.5137614679,759756422.807678,323788.261855292,202304081840
659,28745,255,1,598,Lake Junaluska,"",4264.21404682274,42642.1404682274,24208240.7459412,20619.3143809221,202304081840
660,28746,530,11,2583,Lake Lure,"",2051.87766163376,20518.7766163376,1635267198.94843,301403.103342596,202304081840
661,28747,421,10,2517,Lake Toxaway,"",1672.62614223282,16726.2614223282,1644170650.80768,278687.825520296,202304081840
662,28748,3305,30,12684,Leicester,"",2605.64490696941,26056.4490696941,2568900770.12885,433742.542694055,202304081840
663,28751,1098,18,3738,Maggie Valley,"",2937.39967897271,29373.9967897271,1196971956.93442,252655.252396679,202304081840
664,28752,11912,129,31501,Marion,"",3781.46725500778,37814.6725500778,6843838240.70496,729852.019397461,202304081840
665,28753,3391,44,12286,Marshall,"",2760.05209181182,27600.5209181182,7221367422.4903,582321.875436498,202304081840
666,28754,2490,40,8823,Mars Hill,"",2822.16933015981,28221.6933015981,2532637146.55933,336365.654274913,202304081840
667,28756,1054,9,4770,Mill Spring,"",2209.64360587002,22096.4360587002,2319967191.40479,359387.276461913,202304081840
668,28759,2056,11,7867,Mills River,"",2613.44858268717,26134.4858268717,710290580.507599,219074.688607407,202304081840
669,28761,3078,46,8493,Nebo,"",3624.1610738255,36241.610738255,3254647047.74689,448908.605974668,202304081840
670,28762,2304,18,7603,Old Fort,"",3030.38274365382,30303.8274365382,2996741187.4848,387268.208256282,202304081840
671,28763,596,12,2864,Otto,"",2081.00558659218,20810.0558659218,1145043002.66425,202810.842815888,202304081840
672,28766,422,2,1526,Penrose,"",2765.3997378768,27653.997378768,159626292.482056,88900.5625977205,202304081840
673,28768,1838,8,7895,Pisgah Forest,"",2328.05573147562,23280.5573147562,2244655883.74216,321689.536597621,202304081840
674,28771,2883,31,8212,Robbinsville,"",3510.71602532879,35107.1602532879,9086438704.3884,732920.807564291,202304081840
675,28773,927,20,3508,Saluda,"",2642.53135689852,26425.3135689852,1396855034.24573,267712.497423626,202304081840
676,28775,105,4,493,Scaly Mountain,"",2129.81744421907,21298.1744421907,456631744.06662,130336.94180952,202304081840
677,28777,3701,31,10391,Spruce Pine,"",3561.73611779425,35617.3611779425,1968811938.32007,332780.684408784,202304081840
678,28778,2815,25,10803,Swannanoa,"",2605.75765990928,26057.5765990928,692162823.950317,188030.795128165,202304081840
679,28779,4649,63,17610,Sylva,"",2639.97728563316,26399.7728563316,3287520334.70795,472387.421611018,202304081840
680,28782,1305,17,6512,Tryon,"",2003.99262899263,20039.9262899263,1239852111.02036,390005.579825198,202304081840
681,28783,402,4,1905,Tuckasegee,"",2110.23622047244,21102.3622047244,2507065764.50815,412465.098737655,202304081840
682,28785,1764,17,8309,Waynesville,"",2122.99915754002,21229.9915754002,4680111391.07288,434987.630089387,202304081840
683,28786,6025,97,21837,Waynesville,"",2759.07862801667,27590.7862801667,2130537927.5513,319219.020654078,202304081840
684,28787,6069,63,20681,Weaverville,"",2934.57763164257,29345.7763164257,2146776657.76654,337936.038355961,202304081840
685,28789,1676,12,6551,Whittier,"",2558.38803236147,25583.8803236147,1731085189.80936,281392.474737519,202304081840
686,28790,846,10,3775,Zirconia,"",2241.05960264901,22410.5960264901,1184634316.47168,272368.233599775,202304081840
687,28791,4163,52,15811,Hendersonville,"",2632.97704130036,26329.7704130036,466838231.125,123544.27336528,202304081840
688,28792,10542,139,37949,Hendersonville,"",2777.93881261693,27779.3881261693,2892120004.20319,483608.715059926,202304081840
689,28801,4155,42,16782,Asheville,"",2475.86700035753,24758.6700035753,142991050.123962,66531.4000304091,202304081840
690,28803,8645,102,34731,Asheville,"",2489.13074774697,24891.3074774697,1148499781.62708,221583.067984848,202304081840
691,28804,5257,54,23302,Asheville,"",2256.02952536263,22560.2952536263,818376430.368896,216401.982596761,202304081840
692,28805,4471,54,20394,Asheville,"",2192.31146415612,21923.1146415612,743578799.615234,203043.782551957,202304081840
693,28806,11715,93,43841,Asheville,"",2672.15620081659,26721.5620081659,1123591112.45288,297671.815966071,202304081840
694,28901,1675,33,6039,Andrews,"",2773.63801953966,27736.3801953966,1881090750.42804,271571.032581688,202304081840
695,28902,392,1,1562,Brasstown,"",2509.60307298335,25096.0307298335,645585335.657318,162521.113458697,202304081840
696,28904,2860,45,9535,Hayesville,"",2999.47561615102,29994.7561615102,5317145252.91805,403950.005454209,202304081840
697,28905,1056,16,3548,Marble,"",2976.32468996618,29763.2468996618,1058320723.96715,269002.244098821,202304081840
698,28906,5777,85,20296,Murphy,"",2846.37366968861,28463.7366968861,9849733400.34212,586826.324547444,202304081840
699,28909,266,6,1068,Warne,"",2490.63670411985,24906.3670411985,269492752.319427,107722.293423693,202304081840
700,27533,672,3,0,"","",,,18055719.4014893,15817.3715737294,202304081840
701,27340,43,1,34,Saxapahaw,"",,,694758.987792969,3852.87240074502,202304081840
702,27411,232,0,847,Greensboro,"",2739.07910271547,27390.7910271547,713742.998291016,5860.23208289576,202304081840
703,27412,159,0,1886,Greensboro,"",843.05408271474,8430.5408271474,4771290.83532715,13054.7888333439,202304081840
704,27498,,,13,Greensboro,Population <500 and Cases <5,,,3369264.12316895,7774.18760349114,202304081840
705,27599,74,0,0,Chapel Hill,"",,,4275416.30163574,15555.1510255833,202304081840
706,27706,,,10,Durham,Population <500 and Cases <5,,,1281872.18347168,6816.757693542,202304081840
707,27711,,,62,Durham,Population <500 and Cases <5,,,11690491.0200195,25227.7794868175,202304081840
708,27810,1167,15,4224,Belhaven,"",2762.78409090909,27627.8409090909,5320714553.85889,863428.562860574,202304081840
709,27821,98,2,343,Edward,"",2857.14285714286,28571.4285714286,180879118.265869,102716.617789089,202304081840
710,27824,381,2,1540,Engelhard,"",2474.02597402597,24740.2597402597,5755622445.56714,766498.765242208,202304081840
711,27826,217,2,1245,Fairfield,"",1742.9718875502,17429.718875502,5502010014.61365,681909.128335756,202304081840
712,27841,37,1,84,Hassell,"",4404.7619047619,44047.619047619,5972995.94189453,12505.2057352129,202304081840
713,27872,91,1,429,Roxobel,"",2121.21212121212,21212.1212121212,78668396.3901367,60062.9164687203,202304081840
714,27875,137,3,511,Scranton,"",2681.01761252446,26810.1761252446,1462926064.75208,668994.049821798,202304081840
715,27881,21,0,323,Speed,"",650.15479876161,6501.5479876161,45624486.2655029,35379.3892263349,202304081840
716,27919,301,3,1211,Belvidere,"",2485.54913294798,24855.4913294798,1805677755.21484,260299.205087965,202304081840
717,27920,408,1,1415,Buxton,"",2883.39222614841,28833.9222614841,251417477.481567,169552.58818934,202304081840
718,27921,1107,8,5366,Camden,"",2062.98919120388,20629.8919120388,2216306760.15601,371309.805402765,202304081840
719,27923,149,1,990,Coinjock,"",1505.05050505051,15050.505050505,442853112.258789,222994.427279021,202304081840
720,27936,182,1,961,Frisco,"",1893.86056191467,18938.6056191467,134638106.065186,108288.074251883,202304081840
721,27939,772,7,3370,Grandy,"",2290.80118694362,22908.0118694362,296874050.40332,237784.484514938,202304081840
722,27941,198,0,670,Harbinger,"",2955.22388059702,29552.2388059701,66348159.842041,42125.3614314888,202304081840
723,27943,132,0,491,Hatteras,"",2688.39103869654,26883.9103869654,82146889.1915283,162150.406610954,202304081840
724,27947,241,1,845,Jarvisburg,"",2852.07100591716,28520.7100591716,181991023.044922,117825.871497151,202304081840
725,27953,325,1,992,Manns Harbor,"",3276.20967741936,32762.0967741935,4841742826.08521,775886.839802655,202304081840
726,27954,1858,9,6405,Manteo,"",2900.85870413739,29008.5870413739,346159524.466309,171104.045001834,202304081840
727,27956,76,2,328,Maple,"",2317.07317073171,23170.7317073171,91616147.3259277,62675.9008746753,202304081840
728,27960,356,1,899,Ocracoke,"",3959.95550611791,39599.5550611791,272996211.932129,221416.979930584,202304081840
729,27964,155,2,653,Point Harbor,"",2373.66003062787,23736.6003062787,40700993.1791992,29044.1496807834,202304081840
730,27965,133,0,611,Poplar Branch,"",2176.75941080196,21767.5941080196,362463348.010742,286670.57703568,202304081840
731,27972,27,0,196,Salvo,"",1377.55102040816,13775.5102040816,25839959.5158691,77591.8753697891,202304081840
732,27973,356,0,1493,Shawboro,"",2384.46081714668,23844.6081714668,1350823542.63281,279776.313560853,202304081840
733,27974,235,0,1375,Shiloh,"",1709.09090909091,17090.9090909091,1282875105.52026,448552.234751616,202304081840
734,27978,46,0,221,Stumpy Point,"",2081.44796380091,20814.4796380091,3250437066.68713,488663.160212978,202304081840
735,27980,697,10,2075,Tyner,"",3359.03614457831,33590.3614457831,1319096560.03711,208839.628959426,202304081840
736,27981,431,1,1863,Wanchese,"",2313.47289318304,23134.7289318304,183167116.380371,177755.254740471,202304081840
737,28077,157,3,557,High Shoals,"",2818.67145421903,28186.7145421903,25098303.871521,27989.3633622467,202304081840
738,28101,222,5,465,Mc Adenville,"",4774.1935483871,47741.935483871,12210373.4969482,19058.3264759027,202304081840
739,28223,68,0,2941,Charlotte,"",231.21387283237,2312.1387283237,16745950.1914673,34959.7943637767,202304081840
740,28308,48,0,737,Pope Army Airfield,"",651.289009497965,6512.89009497965,90374263.7665405,45243.1542141805,202304081840
741,28375,64,0,155,Proctorville,"",4129.03225806452,41290.3225806452,16154829.5779114,21293.1141646593,202304081840
742,28519,155,3,328,Bridgeton,"",4725.60975609756,47256.0975609756,3782179.40026855,11964.2990373982,202304081840
743,28520,71,1,352,Cedar Island,"",2017.04545454545,20170.4545454545,633116579.775757,427477.052966736,202304081840
744,28524,105,1,443,Davis,"",2370.20316027088,23702.0316027088,547256692.822876,860357.358716607,202304081840
745,28527,418,2,905,Ernul,"",4618.78453038674,46187.8453038674,1145978492.04919,209684.397786102,202304081840
746,28528,146,2,640,Gloucester,"",2281.25,22812.5,74196560.923584,79933.9347539672,202304081840
747,28533,476,0,0,Cherry Point,"",,,253735788.170532,192645.367219711,202304081840
748,28537,41,0,186,Hobucken,"",2204.30107526882,22043.0107526882,891999129.25647,352204.851723087,202304081840
749,28544,1685,14,5607,Midway Park,"",3005.1721062957,30051.721062957,155759986.503357,92182.0384683424,202304081840
750,28545,429,0,4010,Mccutcheon Field,"",1069.82543640898,10698.2543640898,145247654.855835,101700.276162633,202304081840
751,28552,31,0,131,Lowland,"",2366.41221374046,23664.1221374046,211084218.553589,104037.967496467,202304081840
752,28556,224,7,1150,Merritt,"",1947.82608695652,19478.2608695652,1139666751.30212,394317.853497313,202304081840
753,28561,132,1,0,New Bern,"",,,195198.709350586,2618.49962886206,202304081840
754,28579,136,2,798,Smyrna,"",1704.26065162907,17042.6065162907,633080494.557556,233023.142000653,202304081840
755,28581,45,1,224,Stacy,"",2008.92857142857,20089.2857142857,2404669972.88318,703346.462367878,202304081840
756,28583,42,1,0,Stonewall,"",,,596710.740722656,3607.20989795631,202304081840
757,28587,86,1,324,Vandemere,"",2654.32098765432,26543.2098765432,250612018.426636,182903.197478108,202304081840
758,28611,231,4,978,Collettsville,"",2361.96319018405,23619.6319018405,2483135872.03735,419111.187381629,202304081840
759,28629,33,0,63,Glendale Springs,"",5238.09523809524,52380.9523809524,18113919.8492432,19773.9407564207,202304081840
760,28646,246,1,463,Linville,"",5313.17494600432,53131.7494600432,440709602.757813,156576.175660301,202304081840
761,28663,181,1,715,Piney Creek,"",2531.46853146853,25314.6853146853,577849850.650269,137228.322788793,202304081840
762,28667,151,3,105,Rhodhiss,"",,,1309548.80932617,6065.66147149414,202304081840
763,28672,10,0,35,Scottville,"",2857.14285714286,28571.4285714286,62555584.7313232,47932.7256464108,202304081840
764,28698,493,5,1844,Zionville,"",2673.53579175705,26735.3579175705,762471326.925049,227334.653867248,202304081840
765,28708,142,3,1340,Balsam Grove,"",1059.70149253731,10597.0149253731,795626278.709686,241272.033803256,202304081840
766,28709,551,5,2308,Barnardsville,"",2387.34835355286,23873.4835355286,1635213770.4093,231197.383485249,202304081840
767,28717,493,6,1471,Cashiers,"",3351.46159075459,33514.6159075459,1160000231.10587,300525.403558474,202304081840
768,28720,25,0,35,Chimney Rock,"",7142.85714285714,71428.5714285714,47877696.5422974,47768.4833790312,202304081840
769,28725,139,4,36,Dillsboro,"",,,1395548.49920654,7541.63511359509,202304081840
770,28733,35,0,200,Fontana Dam,"",1750,17500,498075903.916718,200917.740964481,202304081840
771,28735,61,0,294,Gerton,"",2074.82993197279,20748.2993197279,137680777.623108,92735.3834552802,202304081840
772,28743,570,9,2422,Hot Springs,"",2353.42691990091,23534.2691990091,2855463957.34918,351331.648547095,202304081840
773,28749,30,0,0,Little Switzerland,"",,,1713987.45050049,8852.52475284555,202304081840
774,28757,134,0,0,Montreat,"",,,129672.114624023,2617.87913210505,202304081840
775,28772,474,5,1942,Rosman,"",2440.78269824923,24407.8269824923,577124059.134399,256613.212684218,202304081840
776,28774,297,3,1569,Sapphire,"",1892.92543021033,18929.2543021033,1130246511.80005,224488.61951138,202304081840
777,28781,207,1,957,Topton,"",2163.00940438871,21630.0940438871,2402982140.90009,297913.620657843,202304081840
778,27969,9,0,0,Roduco,"",,,724387.010986328,3958.82496624679,202304081840
779,28253,,,0,Charlotte,Population <500 and Cases <5,,,133339.295837402,3050.2273713774,202304081840
780,28608,161,0,0,Boone,"",,,274774.708862305,3583.90419251761,202304081840
